0 0.22250600961538464 0.6654113247863248 0.04817708333333339 0.067147435897436
0 0.093349358974359 0.42706997863247864 0.04006410256410262 0.05237713675213686
0 0.03551682692307695 0.4831730769230769 0.031530448717948766 0.041666666666666664
0 0.17788461538461536 0.43190438034188033 0.03525641025641031 0.050721153846153895
0 0.3388120993589744 0.47521367521367525 0.03018830128205128 0.04123931623931618
0 0.3968850160256411 0.4966212606837607 0.025941506410256564 0.038808760683760705
0 0.4091947115384615 0.35878739316239316 0.03938301282051286 0.058066239316239415
0 0.5337940705128206 0.493349358974359 0.03858173076923084 0.05336538461538467
0 0.5177483974358974 0.632144764957265 0.03461538461538467 0.045539529914529926
0 0.722245592948718 0.6656383547008548 0.04629407051282053 0.05600961538461533
0 0.7297776442307693 0.8394898504273504 0.04124599358974361 0.055528846153846345
0 0.826171875 0.16144497863247864 0.04477163461538467 0.06279380341880346
0 0.6502504006410257 0.14859775641025644 0.048056891025641056 0.0617788461538462
0 0.20697115384615383 0.12334401709401711 0.03717948717948723 0.05085470085470088
0 0.1567107371794872 0.25418002136752144 0.041546474358974406 0.056276709401709486
0 0.3697916666666667 0.02230235042735045 0.03205128205128203 0.041933760683760736
0 0.5213141025641026 0.1416933760683761 0.029487179487179473 0.040865384615384644
0 0.11959134615384617 0.8215411324786325 0.026442307692307664 0.0326655982905983
1 0.7053084935897436 0.9273904914529915 0.048116987179487224 0.0693643162393163
3 0.680789262820513 0.03632478632478635 0.0671073717948718 0.06997863247863252
3 0.5110176282051283 0.05089476495726498 0.04607371794871797 0.062206196581196624
3 0.21169871794871797 0.753752670940171 0.049759615384615374 0.06674679487179488
3 0.1625 0.9833333333333333 0.0390625 0.03125
1 0.7990985576923078 0.8586004273504274 0.03882211538461551 0.04935897435897445
0 0.7619190705128206 0.4030181623931624 0.05508814102564097 0.07313034188034186
0 0.28137019230769234 0.13394764957264957 0.04663461538461542 0.07505341880341886
0 0.4064102564102564 0.16665331196581198 0.03693910256410264 0.05504807692307694
0 0.6198317307692308 0.3530715811965813 0.03533653846153841 0.056143162393162464
3 0.633203125 0.371875 0.03984375 0.04375
