3 0.25685096153846154 0.20181623931623932 0.025560897435897446 0.032799145299145314
0 0.7099455758426967 0.6792485955056179 0.030249297752808955 0.043656367041198504
0 0.37816133720930234 0.7215358527131782 0.04109738372093021 0.05523255813953488
0 0.05407873376623377 0.03904324841824843 0.03145292207792207 0.042584498834498864
0 0.660732115204552 0.3684703015461442 0.03562846622010944 0.05659872275040818
1 0.5015261627906977 0.807546027131783 0.04055232558139536 0.058842054263565896
1 0.46796875 0.8104166666666667 0.0390625 0.05
1 0.38388444767441865 0.8318556201550389 0.03328488372093026 0.05261627906976744
0 0.3963059645432692 0.18558026175213674 0.030793018830128194 0.043903579059829105
0 0.9384401559348892 0.7865707228944588 0.033232047680783694 0.0467087414769999
0 0.34072492732558135 0.7125242248062016 0.029378633720930258 0.0381298449612404
1 0.5971322866586538 0.06654814369658116 0.044179437099358856 0.04225093482905979
0 0.6777870435393258 0.6946044007490637 0.026097261235955037 0.03869382022471915
0 0.34283707865168533 0.5161341292134831 0.0446629213483146 0.04685159176029963
