3 0.5307992788461539 0.7824519230769231 0.09264823717948731 0.11618589743589744
3 0.42582131410256413 0.8757077991452992 0.06398237179487176 0.07566773504273504
3 0.8280248397435898 0.8031517094017094 0.06510416666666678 0.08547008547008553
3 0.321073717948718 0.6818108974358973 0.0613782051282052 0.0797542735042736
3 0.36108774038461544 0.4907986111111111 0.061478365384615374 0.08250534188034196
3 0.3665064102564103 0.5631944444444446 0.028605769230769296 0.03386752136752141
0 0.7162860576923078 0.3859775641025641 0.04018429487179489 0.0517628205128205
0 0.7904647435897436 0.3497061965811966 0.038060897435897446 0.05486111111111113
0 0.817928685897436 0.5046207264957265 0.04923878205128211 0.06554487179487184
0 0.7739383012820513 0.6061698717948718 0.0390625 0.05742521367521374
0 0.908203125 0.6682291666666667 0.04296875 0.06354166666666666
0 0.8761017628205128 0.9634081196581197 0.05108173076923084 0.06410256410256411
0 0.633203125 0.7175747863247863 0.046093750000000086 0.0643162393162394
0 0.433583733974359 0.7284855769230769 0.054707532051282114 0.07454594017094027
0 0.48140024038461543 0.9048878205128206 0.04921875 0.058279914529914593
0 0.42287660256410264 0.3157051282051283 0.04206730769230767 0.05341880341880341
0 0.33690905448717945 0.40484775641025644 0.04573317307692304 0.06477029914529915
0 0.3948217147435898 0.15357905982905987 0.03808092948717956 0.04700854700854696
0 0.42734375 0.17760416666666667 0.0453125 0.05520833333333333
0 0.3694711538461538 0.0778712606837607 0.04543269230769229 0.05365918803418808
0 0.16746794871794876 0.026308760683760705 0.050080128205128194 0.05261752136752141
0 0.6591245993589744 0.13775373931623933 0.028305288461538503 0.03538995726495731
0 0.59453125 0.340625 0.0328125 0.05
0 0.6120292467948718 0.34666132478632483 0.042367788461538505 0.07163461538461545
0 0.6188802083333333 0.13306623931623932 0.04068509615384626 0.0527777777777778
0 0.251953125 0.4046875 0.03984375 0.046875
1 0.12543068910256414 0.31370192307692313 0.06404246794871797 0.11885683760683761
3 0.10404647435897438 0.02029914529914532 0.029407051282051243 0.04059829059829064
0 0.8163161057692309 0.6501869658119658 0.04044471153846167 0.06287393162393164
0 0.6723958333333334 0.5719417735042734 0.019791666666666697 0.02903311965811959
0 0.3037660256410256 0.5094017094017095 0.03189102564102568 0.03995726495726496
1 0.206640625 0.4041666666666667 0.06171875 0.05
3 0.471484375 0.6713541666666667 0.03359375 0.042708333333333334
3 0.37468950320512817 0.6029246794871795 0.04629407051282062 0.050560897435897444
