3 0.9261017628205132 0.23918269230769235 0.09531249999999983 0.12900641025641033
3 0.8134515224358975 0.3103231837606838 0.06219951923076934 0.08555021367521369
3 0.7569110576923078 0.15811965811965814 0.04306891025641031 0.05341880341880339
3 0.5514523237179487 0.15178952991452993 0.037319711538461676 0.052724358974358974
3 0.5438201121794872 0.29065170940170937 0.04256810897435903 0.05811965811965821
3 0.42888621794871795 0.1274038461538462 0.07211538461538462 0.09348290598290596
3 0.6017127403846154 0.5013354700854701 0.05498798076923084 0.07211538461538455
3 0.47313701923076923 0.5887019230769232 0.07776442307692318 0.1030448717948719
3 0.5394831730769231 0.6553285256410256 0.031209935897435946 0.036565170940171046
3 0.3888221153846154 0.8158386752136751 0.04607371794871802 0.06009615384615389
0 0.8179086538461539 0.4107772435897436 0.06530448717948723 0.08496260683760694
0 0.18125 0.6744791666666666 0.053125 0.06979166666666667
3 0.22793469551282053 0.512900641025641 0.021294070512820527 0.030288461538461556
0 0.4513321314102564 0.9206463675213676 0.027223557692307755 0.034775641025641
