0 0.42229886968085106 0.1151374113475177 0.024085771276595745 0.03686465721040186
0 0.5297096631205674 0.44338800236406617 0.03200354609929077 0.05412234042553183
0 0.7383505097517731 0.4587538643389707 0.02584773936170217 0.045553737043098744
0 0.815625 0.6994791666666667 0.0234375 0.034375
0 0.8540665064102566 0.702991452991453 0.043068910256410395 0.061431623931623845
0 0.3194841533687943 0.5358192966903074 0.021381870567375883 0.027356678486997528
0 0.41600560897435895 0.8756810897435898 0.025761217948717975 0.03822115384615377
0 0.7053285256410258 0.9607371794871795 0.028044871794871806 0.04540598290598285
0 0.7808794070512821 0.8114983974358975 0.03519631410256423 0.05408653846153844
0 0.19106570512820514 0.8479166666666667 0.0296875 0.04375
0 0.11146834935897436 0.5411324786324786 0.0298677884615385 0.03525641025641034
0 0.20509559976813962 0.3791621203855246 0.024095147981451202 0.030387343153300606
0 0.16138076241134752 0.45254506501182035 0.035062056737588644 0.043195921985815566
0 0.043301196808510634 0.11811096335697398 0.020777925531914886 0.03091755319148932
0 0.7328125 0.13229166666666667 0.0171875 0.022916666666666665
1 0.7889378324468085 0.135121158392435 0.03770500886524815 0.06043144208037825
1 0.91313046162614 0.334999464188294 0.03609026722391082 0.04031853194087234
1 0.731294691567298 0.3272490290442418 0.03443442638921361 0.06077971968929414
1 0.7780668218085107 0.3790927895981087 0.04028701241134751 0.07485224586288411
1 0.6046994339879979 0.37467863475177304 0.04492294053464265 0.04674202127659572
1 0.8203125 0.4270833333333333 0.0390625 0.05625
2 0.2557099870430988 0.2467604905437352 0.079116373431533 0.06912677304964537
2 0.4404447115384616 0.46040331196581197 0.05901442307692317 0.09788995726495729
2 0.6732772435897436 0.8607905982905983 0.08012820512820511 0.1090811965811966
2 0.8203125 0.49635416666666665 0.0515625 0.109375
2 0.6985400044326242 0.08532233133296965 0.05892619680851059 0.07728677941443893
2 0.47086593869339877 0.17685346199308963 0.042199860201854913 0.06561931714857246
2 0.27222982303600657 0.36294979769048913 0.04718485747408616 0.0628119885433715
1 0.16439302884615387 0.6155982905982906 0.05222355769230771 0.08963675213675207
0 0.22720246010638298 0.07476359338061464 0.015342420212765929 0.020094562647754118
0 0.741386217948718 0.9779780982905983 0.014022435897435948 0.02112713675213674
