0 0.242919921875 0.1672607421875 0.04638671875 0.07221679687499998
0 0.18831787109375 0.3659586588541667 0.0469482421875 0.073583984375
0 0.08984375 0.503125 0.034375 0.04583333333333333
0 0.0688720703125 0.5383707682291666 0.045361328125 0.054280598958333336
0 0.1337646484375 0.7336018880208334 0.0388671875 0.060953776041666664
0 0.201953125 0.8083333333333333 0.03828125 0.05
0 0.1626953125 0.8331298828125 0.042041015625 0.060465494791666664
0 0.319775390625 0.8614339192708333 0.047705078125 0.062451171875
0 0.7331212006079026 0.5610776025835865 0.040572758358662676 0.05459568135764954
0 0.8100709033613447 0.5667585784313726 0.03978466386554631 0.04773284313725483
0 0.7952435661764706 0.6495404411764706 0.0289981617647058 0.04160539215686268
0 0.8933363970588235 0.5666053921568628 0.04420955882352935 0.06041666666666667
0 0.94140625 0.5572916666666666 0.025 0.03125
0 0.875390625 0.7442708333333333 0.04453125 0.051041666666666666
0 0.576171875 0.2796875 0.03828125 0.051041666666666666
0 0.6152842420212765 0.4528202570921986 0.022755984042553124 0.030640514184397165
0 0.0886474609375 0.18780110677083334 0.030224609375 0.034391276041666634
0 0.25811515018857756 0.6090275906968391 0.01434620824353452 0.02027096803160937
0 0.43922119140625 0.8118896484375 0.0456298828125 0.053304036458333336
0 0.79657832278481 0.17503955696202536 0.023734177215189868 0.04404008438818569
0 0.8551671281645568 0.1570279535864979 0.015338212025316444 0.020727848101265867
0 0.861328125 0.9203125 0.04609375 0.059375
1 0.9111409505208332 0.6934678819444445 0.07696940104166661 0.053602430555555594
1 0.9554227941176471 0.5444240196078431 0.06617647058823532 0.13909313725490194
1 0.6749901107594937 0.10276898734177217 0.03748022151898729 0.05672468354430385
1 0.52059326171875 0.4174723307291667 0.0659912109375 0.08123372395833334
1 0.6363447473404256 0.6407802839152573 0.06956449468085105 0.07581975131842154
1 0.4062744140625 0.3249104817708333 0.063916015625 0.080810546875
1 0.3572265625 0.10082194010416665 0.043603515625 0.10581054687499997
1 0.28367919921875 0.14354654947916667 0.0466552734375 0.07407226562499997
1 0.33294677734375 0.5052897135416666 0.0445556640625 0.08626302083333333
1 0.367578125 0.6614583333333334 0.05234375 0.052083333333333336
1 0.4374755859375 0.8539469401041667 0.0662109375 0.04812825520833333
1 0.255126953125 0.8652262369791667 0.042724609375 0.07439778645833334
1 0.19642333984375 0.923348399105235 0.0514892578125 0.1095206497061966
1 0.8515543619791668 0.8625434027777779 0.05779622395833339 0.09574652777777774
1 0.7818244485294118 0.7096813725490195 0.04021139705882355 0.06397058823529408
2 0.972265625 0.4734375 0.05390625 0.14270833333333333
2 0.698046875 0.3546875 0.08203125 0.07395833333333333
1 0.24818115234375 0.7852457682291667 0.0505126953125 0.06837565104166667
1 0.66875 0.43802083333333336 0.0484375 0.046875
0 0.8978748566513761 0.3426892201834863 0.03337872706422029 0.046655198776758354
0 0.9874847808441558 0.28577516233766237 0.021377840909090652 0.028016774891774905
0 0.7455795094936708 0.27032883085588205 0.02881724683544302 0.047290650524523
0 0.5820510284810126 0.1897745253164557 0.037440664556961954 0.05795094936708856
0 0.0357421875 0.3174235026041667 0.0212890625 0.027425130208333332
0 0.44864501953125 0.9920817057291667 0.0231201171875 0.016552734375
1 0.5503345778777959 0.6219581117021277 0.043778982542280256 0.04143395390070926
2 0.7344669117647059 0.7366115196078432 0.0586397058823529 0.09172794117647065
1 0.7963694852941177 0.6156556372549019 0.07086397058823532 0.05422794117647065
1 0.512803476068038 0.3269202638779009 0.05349461036392409 0.07783141317246839
0 0.00701904296875 0.5787027994791667 0.0140380859375 0.024072265625
0 0.883203125 0.8729166666666667 0.01796875 0.025
0 0.6097240691489361 0.4865303634751773 0.013098404255319185 0.018628102836879455
