0 0.02890625 0.5682291666666667 0.0234375 0.028125
0 0.8299028445512822 0.3518963675213675 0.021784855769230838 0.03311965811965815
0 0.44566306089743596 0.6442307692307694 0.03505608974358969 0.03872863247863236
1 0.6788010817307694 0.4626068376068376 0.03652844551282053 0.11217948717948717
1 0.793174078525641 0.4724358974358974 0.044160657051282116 0.040438034188034246
1 0.652559094551282 0.11744123931623934 0.0369290865384615 0.045299145299145346
1 0.7780198317307692 0.7938034188034189 0.040414663461538415 0.05074786324786326
1 0.7456981169871794 0.8340811965811966 0.0459635416666667 0.051655982905982965
1 0.03152544070512823 0.9557291666666666 0.062049278846153876 0.05542200854700852
1 0.03736478365384617 0.6854700854700854 0.037349759615384656 0.07110042735042738
1 0.8588992387820513 0.508613782051282 0.045923477564102554 0.04527243589743589
1 0.5909505208333334 0.9818509615384615 0.0321614583333333 0.03421474358974355
2 0.5893379407051282 0.1511485042735043 0.07422876602564106 0.07804487179487184
1 0.8888271233974357 0.39346955128205136 0.040154246794871715 0.08485576923076928
