1 0.8010416666666668 0.46728098290598297 0.048958333333333395 0.09214743589743589
1 0.9647035256410256 0.6476495726495728 0.04214743589743595 0.0732905982905983
1 0.92265625 0.14010416666666667 0.053125 0.08020833333333334
1 0.8473357371794872 0.2755742521367522 0.06654647435897446 0.061565170940170985
1 0.7182992788461539 0.08581730769230772 0.03996394230769225 0.05913461538461543
1 0.198046875 0.20572916666666666 0.04140625 0.06354166666666666
1 0.26640625 0.43645833333333334 0.0390625 0.07916666666666666
1 0.318359375 0.6958333333333333 0.04765625 0.07916666666666666
1 0.45793269230769235 0.6802884615384616 0.07211538461538466 0.08814102564102567
1 0.23900240384615384 0.678392094017094 0.05925480769230771 0.1026175213675214
1 0.6666866987179487 0.3708199786324787 0.05524839743589753 0.06872329059829063
2 0.6332932692307692 0.46390224358974363 0.06995192307692318 0.0882211538461539
2 0.31171875 0.19895833333333332 0.053125 0.08125
2 0.1267628205128205 0.2817174145299146 0.06738782051282058 0.09468482905982914
2 0.302734375 0.5427083333333333 0.09296875 0.09583333333333334
0 0.921875 0.24375 0.0328125 0.041666666666666664
0 0.948828125 0.43072916666666666 0.05390625 0.065625
0 0.977734375 0.3651041666666667 0.02890625 0.040625
0 0.884014423076923 0.5723958333333333 0.028846153846153834 0.040625
0 0.9447015224358974 0.6118589743589744 0.04409054487179489 0.055448717948717884
0 0.990625 0.49166666666666664 0.0171875 0.04375
0 0.8650340544871795 0.6346821581196581 0.01913060897435894 0.02711004273504282
0 0.7386919070512821 0.5318376068376068 0.04144631410256423 0.05117521367521374
0 0.7584234775641026 0.6595886752136751 0.03203125 0.044070512820512775
0 0.6125 0.5552083333333333 0.0484375 0.058333333333333334
0 0.5879607371794873 0.5124465811965813 0.03970352564102555 0.0542735042735042
0 0.84921875 0.01875 0.034375 0.0375
0 0.66328125 0.0171875 0.0390625 0.034375
0 0.34609375 0.21510416666666668 0.0234375 0.03229166666666667
0 0.2661865234375 0.05914880475427352 0.033056640625 0.041858640491452936
0 0.097265625 0.2015625 0.03359375 0.040625
0 0.12834535256410257 0.0355902777777778 0.03818108974358978 0.05809294871794876
0 0.042578125 0.2453125 0.03515625 0.04479166666666667
0 0.04921875 0.2947916666666667 0.0484375 0.058333333333333334
0 0.1169771634615385 0.4572382478632479 0.040885416666666695 0.05080128205128206
0 0.215625 0.5317708333333333 0.0265625 0.03854166666666667
0 0.25703125 0.515625 0.0390625 0.04791666666666667
0 0.35546875 0.5192708333333333 0.0453125 0.06770833333333333
0 0.28359375 0.3880208333333333 0.0453125 0.042708333333333334
0 0.13648838141025643 0.5495192307692308 0.04421073717948713 0.050961538461538385
0 0.18914262820512823 0.83772702991453 0.04078525641025643 0.04837072649572652
0 0.158203125 0.8848958333333333 0.04140625 0.05520833333333333
0 0.649678634751773 0.7462655141843972 0.044725177304964434 0.06302452718676115
1 0.65390625 0.6838541666666667 0.05625 0.059375
1 0.23359375 0.7817708333333333 0.0421875 0.06145833333333333
1 0.193359375 0.46770833333333334 0.05234375 0.05625
1 0.0140625 0.40729166666666666 0.028125 0.06875
3 0.6765725160256411 0.6249198717948717 0.023457532051282114 0.03349358974358966
3 0.5847155448717949 0.5604967948717949 0.02119391025641022 0.024839743589743554
0 0.008984375 0.065625 0.01796875 0.05625
0 0.012109375 0.0203125 0.02421875 0.040625
0 0.823046875 0.9759748931623932 0.02109375 0.02513354700854696
0 0.26875 0.9911458333333333 0.0234375 0.015625
0 0.376171875 0.5708333333333333 0.02578125 0.027083333333333334
0 0.35078125 0.6604166666666667 0.0375 0.04375
1 0.338671875 0.6286458333333333 0.06953125 0.042708333333333334
0 0.376171875 0.10833333333333334 0.02109375 0.029166666666666667
0 0.46484375 0.034375 0.0234375 0.025
