1 0.6141927083333334 0.5739583333333333 0.048056891025641146 0.06041666666666667
0 0.5225961538461539 0.28977029914529917 0.032932692307692336 0.0465277777777778
0 0.4192808493589745 0.1986778846153846 0.03523637820512819 0.049759615384615416
0 0.3487580128205129 0.06931089743589748 0.05408653846153846 0.06009615384615385
2 0.5751201923076923 0.19855769230769232 0.08814102564102563 0.10876068376068379
2 0.452734375 0.33489583333333334 0.08203125 0.13854166666666667
2 0.8265224358974359 0.7049946581196581 0.07011217948717956 0.09481837606837615
2 0.9326923076923077 0.7136752136752136 0.06209935897435894 0.11752136752136752
2 0.16396233974358979 0.7156784188034189 0.09314903846153841 0.13755341880341873
3 0.0234375 0.5489583333333333 0.046875 0.08958333333333333
1 0.023026842948717968 0.47063301282051284 0.044491185897435934 0.07748397435897433
0 0.956640625 0.025520833333333333 0.04609375 0.051041666666666666
1 0.26484375 0.3458333333333333 0.065625 0.11458333333333333
