2 0.29817708333333337 0.16613247863247868 0.11117788461538466 0.11485042735042733
2 0.07532051282051286 0.42387820512820523 0.11618589743589744 0.15224358974358973
2 0.9061498397435898 0.7276976495726496 0.10116185897435911 0.1295405982905983
2 0.5160256410256411 0.24759615384615388 0.09014423076923075 0.1041666666666667
0 0.5100160256410258 0.1383814102564103 0.06410256410256414 0.09407051282051278
0 0.48090629217273956 0.3180372807017544 0.03900978407557334 0.0536184210526315
0 0.28966346153846156 0.4552617521367522 0.04206730769230771 0.057425213675213624
1 0.6528044871794872 0.6224492521367522 0.06498397435897445 0.11135149572649562
1 0.4884815705128206 0.8412126068376068 0.04907852564102564 0.06543803418803419
1 0.250390625 0.5484375 0.06953125 0.08229166666666667
1 0.3008914262820513 0.608173076923077 0.0877203525641026 0.09882478632478614
0 0.15645032051282054 0.1587873931623932 0.04807692307692309 0.06543803418803414
0 0.9642628205128204 0.9307425213675214 0.035016025641025725 0.04663461538461533
