1 0.6051983173076924 0.41300747863247866 0.048016826923077 0.083173076923077
1 0.6818309294871796 0.6497596153846154 0.046995192307692425 0.10186965811965804
1 0.923046875 0.7927083333333333 0.03984375 0.08125
1 0.3975610977564103 0.37911324786324785 0.04011418269230767 0.050801282051282114
1 0.36559995993589745 0.3529113247863248 0.031179887820512776 0.06180555555555559
1 0.22656250000000006 0.050667735042735064 0.0520833333333333 0.05998931623931629
1 0.9165264423076923 0.16432959401709404 0.06382211538461532 0.08907585470085475
1 0.7907390763274336 0.23846792035398234 0.05568998893805306 0.04832227138643074
1 0.1795662715517241 0.8670917145593869 0.04819504310344822 0.07376676245210731
1 0.7737980769230769 0.020966880341880365 0.04134615384615383 0.04193376068376073
1 0.877734375 0.03125 0.05078125 0.0625
0 0.7449268830128204 0.5507478632478633 0.025470753205128194 0.03472222222222226
0 0.72265625 0.9244791666666666 0.025 0.042708333333333334
0 0.5741836939102564 0.6984909188034188 0.02440905448717947 0.02662927350427348
0 0.5617380401234568 0.7861111111111112 0.031809413580247005 0.04027777777777774
0 0.4072647270114942 0.876676245210728 0.031016522988505723 0.033045977011494185
0 0.27734375 0.5041666666666667 0.0375 0.058333333333333334
0 0.1443426724137931 0.5370749521072796 0.027047413793103426 0.032171934865900434
0 0.1049658764367816 0.731764846743295 0.03069324712643683 0.04269636015325666
0 0.549609375 0.23541666666666666 0.02734375 0.0375
0 0.6397085336538462 0.36280715811965814 0.04159655448717938 0.048691239316239296
0 0.3797926682692308 0.5922275641025642 0.03358373397435903 0.05860042735042749
0 0.8986352237654321 0.7570087448559671 0.03241705246913575 0.04848251028806582
1 0.7434443782618562 0.3260817307692308 0.08202149988654428 0.08341346153846162
