0 0.6317708333333334 0.16947115384615388 0.022916666666666696 0.030715811965811954
0 0.6213441506410258 0.1013354700854701 0.031750801282051364 0.030662393162393112
0 0.5891426282051283 0.0586271367521368 0.030048076923076917 0.033386752136752136
0 0.8560496794871796 0.12280982905982908 0.03709935897435894 0.033547008547008504
0 0.8505608974358975 0.171474358974359 0.020032051282051277 0.024038461538461557
0 0.7599158653846154 0.13709935897435901 0.025040064102564052 0.03669871794871797
0 0.8525641025641025 0.21354166666666669 0.024038461538461498 0.03071581196581198
0 0.8359274839743591 0.2717815170940171 0.032832532051281935 0.03768696581196578
0 0.8979467147435898 0.26992521367521366 0.03066907051282044 0.039316239316239295
0 0.9398537660256411 0.33991720085470084 0.03435496794871788 0.0430822649572649
0 0.9136618589743591 0.49198717948717957 0.030048076923076827 0.040064102564102554
0 0.7158854166666667 0.589022435897436 0.015104166666666608 0.017788461538461437
0 0.8029847756410258 0.8672542735042735 0.03104967948717956 0.04540598290598285
0 0.26408253205128207 0.12387820512820515 0.024959935897435857 0.03108974358974361
0 0.5085136217948719 0.4918002136752137 0.025040064102564142 0.037767094017094036
0 0.31798878205128206 0.9051949786324786 0.02347756410256414 0.0416399572649573
0 0.39709535256410255 0.38258547008547006 0.025 0.03125
0 0.5217047275641026 0.44248130341880343 0.01953125 0.030208333333333334
3 0.64609375 0.016666666666666666 0.05625 0.03333333333333333
3 0.1208133012820513 0.6217548076923077 0.0208733974358974 0.028926282051282115
3 0.7928986378205128 0.7630876068376068 0.05923477564102573 0.08279914529914538
3 0.03307291666666669 0.6173344017094017 0.022395833333333382 0.023664529914529928
0 0.8365384615384617 0.5367254273504274 0.022035256410256387 0.028044871794871775
0 0.7322415865384616 0.5206997863247864 0.018289262820512776 0.03605769230769228
0 0.6185797275641025 0.5581730769230769 0.02265625 0.022916666666666665
0 0.5486578525641026 0.8446848290598291 0.0151842948717948 0.018963675213675184
0 0.834765625 0.008947649572649595 0.03359375 0.01789529914529919
3 0.32121394230769235 0.027056623931623953 0.03305288461538458 0.045779914529914575
1 0.4826422275641026 0.24475160256410258 0.0394030448717948 0.0584134615384615
