0 0.2801482371794872 0.22021901709401712 0.03305288461538458 0.04407051282051284
0 0.8143129006410257 0.4798344017094017 0.02642227564102555 0.0349893162393163
0 0.8879306891025642 0.5079193376068376 0.021414262820512953 0.03223824786324793
0 0.426532451923077 0.4131810897435898 0.028745993589743703 0.045432692307692334
0 0.138671875 0.8083333333333333 0.03359375 0.05
1 0.27263621794871795 0.3539663461538462 0.05208333333333335 0.04634081196581198
1 0.4904847756410257 0.299198717948718 0.05508814102564115 0.06239316239316247
1 0.5711137820512822 0.15253739316239318 0.06410256410256414 0.05657051282051286
1 0.7499399038461539 0.5980902777777779 0.046995192307692155 0.07358440170940182
1 0.5971554487179487 0.8828792735042735 0.054086538461538415 0.07825854700854708
1 0.44496193910256415 0.7794738247863248 0.05198317307692317 0.05002670940170949
1 0.197265625 0.7796875 0.05546875 0.12604166666666666
1 0.27009214743589743 0.7879674145299146 0.06518429487179489 0.0844818376068376
1 0.0828125 0.7828125 0.053125 0.053125
1 0.073828125 0.7229166666666667 0.07421875 0.0625
2 0.34420072115384615 0.2682959401709402 0.07121394230769229 0.08146367521367527
2 0.946484375 0.23645833333333333 0.07109375 0.10625
2 0.7131810897435897 0.12186164529914531 0.0924679487179488 0.171340811965812
2 0.44140625 0.9276041666666667 0.103125 0.14270833333333333
2 0.246484375 0.8692708333333333 0.06328125 0.109375
2 0.833233173076923 0.1133814102564103 0.06670673076923084 0.12152777777777776
2 0.72421875 0.3308894230769231 0.0984375 0.12988782051282055
2 0.50703125 0.703125 0.0703125 0.09791666666666667
1 0.521484375 0.6473958333333333 0.03828125 0.046875
1 0.569140625 0.6583333333333333 0.04296875 0.07083333333333333
1 0.38349358974358977 0.805448717948718 0.05673076923076934 0.08621794871794879
1 0.152734375 0.9557291666666666 0.05703125 0.08645833333333333
0 0.13486578525641027 0.36228632478632483 0.04116586538461542 0.0457264957264958
0 0.06640625 0.9005208333333333 0.05625 0.078125
1 0.6993189102564104 0.749599358974359 0.05809294871794872 0.061698717948718
1 0.617578125 0.7989583333333333 0.06328125 0.09166666666666666
2 0.6828125 0.8786458333333333 0.0578125 0.09479166666666666
0 0.6619290865384616 0.46040331196581197 0.07878605769230766 0.08720619658119659
0 0.615234375 0.10416666666666667 0.02109375 0.022916666666666665
1 0.3155148237179487 0.9765090811965813 0.023657852564102556 0.04489850427350426
