0 0.9604667467948719 0.13380074786324786 0.04461137820512828 0.06466346153846156
0 0.9411858974358974 0.6201923076923078 0.04511217948717956 0.06143162393162396
0 0.576171875 0.32135416666666666 0.04296875 0.057291666666666664
1 0.673828125 0.15416666666666667 0.05859375 0.08125
1 0.16260016025641028 0.5786057692307693 0.05981570512820515 0.09652777777777774
0 0.559765625 0.052604166666666695 0.03271233974358978 0.048103632478632516
2 0.5485777243589745 0.6395566239316239 0.08112980769230767 0.10016025641025644
2 0.7036258012820513 0.3149305555555556 0.06350160256410264 0.08167735042735054
2 0.03995392628205131 0.4753338675213675 0.05470753205128208 0.09473824786324793
1 0.42482972756410253 0.4292200854700855 0.07221554487179498 0.10149572649572652
1 0.3819210737179487 0.5104166666666666 0.061879006410256565 0.07532051282051283
0 0.6743289262820513 0.7094818376068377 0.043970352564102644 0.04577991452991448
0 0.9879907852564103 0.9048076923076923 0.022455929487179383 0.04038461538461533
0 0.5828325320512822 0.19400373931623932 0.03745993589743586 0.048424145299145314
0 0.06208934294871797 0.8036992521367521 0.044491185897435934 0.04698183760683759
