0 0.13893229166666668 0.22423878205128206 0.04505208333333335 0.054727564102564144
0 0.12014222756410256 0.18444177350427352 0.03203125 0.042708333333333334
0 0.06280048076923081 0.14109241452991453 0.039062499999999986 0.058092948717948754
0 0.2936698717948718 0.1774839743589744 0.038060897435897446 0.052083333333333336
0 0.42938701923076933 0.06196581196581201 0.0370592948717948 0.05074786324786327
0 0.43908183325879546 0.1427008795468098 0.03190174045915324 0.044055605247465685
0 0.5311798878205128 0.04622061965811968 0.03579727564102573 0.05285790598290604
0 0.4946528398926654 0.24695233303518188 0.027046064400715598 0.0390410703637448
0 0.8528044871794872 0.11025641025641028 0.04759615384615401 0.05299145299145304
0 0.9021334134615385 0.02029914529914532 0.037079326923077006 0.04059829059829064
0 0.46625600961538466 0.44579326923076923 0.04344951923076925 0.060336538461538504
0 0.46945531454979134 0.3828640553567879 0.03201960345855692 0.04580289703836217
0 0.7581229967948718 0.7957264957264959 0.050661057692307845 0.07094017094017092
0 0.6805689102564102 0.7644230769230769 0.04350961538461542 0.06410256410256411
0 0.5173577724358974 0.7600827991452992 0.03339342948717956 0.04340277777777786
0 0.4190604967948719 0.7571848290598291 0.03167067307692299 0.04385683760683771
0 0.515625 0.9453125 0.040625 0.051041666666666666
0 0.18930288461538464 0.7471420940170941 0.04046474358974361 0.05860042735042749
0 0.05929487179487184 0.8051549145299146 0.03605769230769229 0.04941239316239319
0 0.11993189102564106 0.8940304487179487 0.042988782051282114 0.058627136752136856
0 0.24877827780262374 0.4852228682170543 0.03641873509242695 0.04336240310077522
0 0.6722756410256411 0.0915464743589744 0.03605769230769233 0.0476762820512821
3 0.6834535256410257 0.6625801282051282 0.05376602564102564 0.07280982905982919
3 0.571834935897436 0.5604834401709401 0.060657051282051365 0.0793536324786326
3 0.49904847756410253 0.9110710470085469 0.06328125 0.08854166666666667
3 0.24283854166666669 0.6058092948717949 0.06560496794871802 0.0821848290598292
3 0.4094050480769231 0.22206196581196583 0.050981570512820616 0.07510683760683765
3 0.2862179487179487 0.08478899572649574 0.02892628205128207 0.03715277777777784
0 0.401953125 0.221875 0.03203125 0.04791666666666667
0 0.798066907051282 0.18453525641025642 0.07493990384615383 0.09139957264957269
0 0.631359011627907 0.26787355893460546 0.03433866279069777 0.04080326972768829
0 0.26146834935897434 0.23731303418803418 0.038361378205128235 0.049946581196581234
0 0.24392726036076323 0.33584060077519384 0.04248704904591531 0.06233042635658913
0 0.09267828525641028 0.4605902777777777 0.04140625000000005 0.0573985042735042
0 0.4105969551282051 0.8858039529914531 0.0285657051282052 0.03501602564102567
3 0.5125 0.10208333333333333 0.028125 0.041666666666666664
1 0.5383012820512821 0.8944043803418803 0.04759615384615392 0.05520833333333345
