1 0.7525596768783542 0.1860104849930431 0.029037622987477717 0.06523678195189826
1 0.5957122093023256 0.7988977713178296 0.032957848837209446 0.028900193798449554
1 0.8134720203488373 0.8116763565891473 0.03555595930232558 0.042102713178294594
1 0.4520439680232558 0.9117248062015503 0.025962936046511675 0.05988372093023256
1 0.7161700581395349 0.8491279069767442 0.07638081395348842 0.06167635658914724
2 0.284375 0.05520833333333333 0.153125 0.11041666666666666
2 0.21280886627906978 0.33551356589147285 0.0820130813953488 0.08478682170542633
2 0.3587041592128802 0.5069040697674418 0.08455389087656533 0.07388565891472863
2 0.360546875 0.7213665896442059 0.08359375 0.10886565792089051
2 0.1088299418604651 0.4327277131782946 0.07921511627906974 0.10595930232558134
2 0.7191224563953489 0.0390625 0.09136991279069769 0.078125
0 0.7326308139534884 0.10096899224806201 0.027107558139534936 0.03425387596899226
0 0.6825490552325582 0.1447795542635659 0.02552688953488369 0.03141957364341087
0 0.5347111191860465 0.0466327519379845 0.033230377906976735 0.03997093023255814
0 0.5775163517441861 0.2986434108527132 0.027561773255813993 0.03255813953488366
2 0.6068108974358974 0.372142094017094 0.06137820512820511 0.09011752136752141
1 0.28780886627906976 0.71125242248062 0.05010901162790691 0.06853197674418597
0 0.936328125 0.5979166666666667 0.02890625 0.05
1 0.3775526889534884 0.13209786821705427 0.0677507267441861 0.06647286821705427
3 0.2679051598837209 0.5275436046511628 0.04453125 0.05683139534883726
