0 0.5535857371794872 0.27363782051282054 0.027043269230769253 0.03338675213675219
0 0.4685997596153847 0.09643429487179489 0.03675881410256414 0.045913461538461584
0 0.23634815705128207 0.32067307692307695 0.03050881410256414 0.04198717948717944
0 0.810516826923077 0.22326388888888893 0.03802083333333339 0.051335470085470104
0 0.18584735576923078 0.7421741452991453 0.04336939102564106 0.055181623931623965
0 0.8334870676803817 0.8235163859073743 0.03705929487179489 0.04991490260385613
1 0.1553485576923077 0.6732104700854701 0.04375 0.052083333333333336
0 0.6404447115384616 0.638969017094017 0.037620192307692334 0.05860042735042737
0 0.07798477564102566 0.5194444444444445 0.016706730769230804 0.022542735042735094
0 0.6171073717948719 0.49943910256410257 0.030208333333333302 0.03851495726495736
0 0.21845953525641026 0.8614182692307694 0.03223157051282053 0.049065170940170925
0 0.20574919871794872 0.1543269230769231 0.03361378205128207 0.04497863247863251
0 0.12812500000000002 0.8751736111111111 0.03261217948717952 0.04292200854700852
0 0.18203125 0.6984375 0.0421875 0.04895833333333333
