1 0.9161157852564102 0.19177350427350429 0.043169070512820616 0.05021367521367524
1 0.8693108974358974 0.07422542735042738 0.03950320512820511 0.06095085470085474
1 0.8909354967948719 0.13827457264957269 0.03343349358974361 0.048450854700854654
1 0.6543094483087835 0.3958998226950355 0.03934209629023462 0.04448877068557924
1 0.868359375 0.7286458333333333 0.05078125 0.042708333333333334
1 0.6720059675655976 0.8377710264508733 0.04720526603498545 0.05848370025665931
1 0.03751502403846156 0.787593482905983 0.06409254807692312 0.07518696581196581
1 0.022881188214396043 0.5499620275975697 0.03895147899289465 0.043817578004325
1 0.165625 0.61875 0.0453125 0.04791666666666667
1 0.5176132876432079 0.38414967494089836 0.03735764457174025 0.06621601654846335
1 0.52109375 0.6895833333333333 0.05625 0.09375
1 0.18492087339743596 0.8372462606837607 0.038711939102564166 0.04399038461538467
1 0.3753740026595745 0.6389627659574467 0.04258089539007091 0.06294326241134757
0 0.951171875 0.2760416666666667 0.02109375 0.029166666666666667
0 0.06272433483935742 0.11369017737617136 0.016996109437751004 0.022786981258366788
0 0.07884506777108433 0.09917587014725567 0.009855045180722888 0.015838353413654613
0 0.09968153865461847 0.16976720986510144 0.02277547690763051 0.026094763670064816
0 0.0859375 0.4744791666666667 0.021875 0.03229166666666667
0 0.26328125 0.7213541666666666 0.01875 0.028125
0 0.24882311698717952 0.7959134615384615 0.01707732371794881 0.023824786324786372
0 0.2471704727564103 0.8504471522251696 0.029397035256410263 0.04029159298555847
0 0.16268197791164657 0.6872406291834001 0.02980672690763051 0.032814591700133754
0 0.34361148049645396 0.830252659574468 0.022440159574468054 0.03940602836879433
0 0.8609375 0.7911458333333333 0.0140625 0.023958333333333335
0 0.5975912891293715 0.31975511025515607 0.02977309550012235 0.045330205021602704
0 0.19089042467948722 0.7698584401709402 0.028776041666666717 0.0412126068376067
0 0.537109375 0.10677083333333333 0.03359375 0.046875
0 0.1433042868589744 0.8462206196581197 0.03380408653846152 0.03271901709401703
2 0.6976273042002934 0.3010917247493275 0.07072500152849112 0.10112624317273997
2 0.7449107493272035 0.5352310246442898 0.06948972583538912 0.10051705663950562
2 0.5337987588652482 0.5169917257683215 0.05152925531914896 0.10342789598108754
2 0.290625 0.6515625 0.078125 0.103125
2 0.5092824422690763 0.8078145917001339 0.05886985441767063 0.12466532797858096
2 0.38223909601170636 0.6990455171750833 0.07638526179184821 0.047692098179953867
1 0.254296875 0.6489583333333333 0.02578125 0.03958333333333333
2 0.616015625 0.046875 0.07421875 0.08125
2 0.598828125 0.08854166666666667 0.07890625 0.07708333333333334
0 0.579296875 0.21354166666666666 0.01796875 0.022916666666666665
0 0.6578900709219859 0.26981752364066197 0.01602393617021276 0.024046985815602835
0 0.7680177204810495 0.7183870869776482 0.01780931122448983 0.024535349854227326
0 0.662890625 0.7479166666666667 0.03515625 0.03958333333333333
0 0.65 0.7869791666666667 0.03125 0.04895833333333333
0 0.42714342948717954 0.09473824786324789 0.03553685897435903 0.05197649572649577
0 0.3877222521551724 0.29306752873563213 0.0231815732758621 0.03850574712643677
1 0.1785109186746988 0.30429426037483265 0.02701430722891567 0.03732848058902268
