2 0.9126302083333334 0.12940705128205132 0.07005208333333321 0.10283119658119656
2 0.860546875 0.44947916666666665 0.11953125 0.10104166666666667
0 0.7739383012820513 0.3748530982905983 0.053084935897435945 0.06487713675213667
0 0.78359375 0.42864583333333334 0.0546875 0.07395833333333333
1 0.05979567307692313 0.16145833333333337 0.05108173076923077 0.11084401709401707
1 0.5814503205128205 0.15277777777777782 0.09951923076923083 0.12019230769230768
1 0.13541666666666674 0.7911324786324786 0.06410256410256406 0.0961538461538461
2 0.07331730769230774 0.4292200854700855 0.09615384615384613 0.10950854700854697
2 0.2923076923076923 0.5796340811965812 0.09086538461538463 0.12385149572649574
2 0.2625 0.8052083333333333 0.096875 0.12083333333333333
0 0.215625 0.7015625 0.0515625 0.06770833333333333
1 0.166796875 0.5266292735042735 0.06328125 0.11041666666666661
1 0.25 0.15052083333333333 0.05625 0.096875
1 0.4315304487179487 0.20184294871794872 0.054807692307692425 0.09684829059829063
