2 0.5338741987179487 0.27640224358974363 0.07447916666666679 0.14270833333333346
2 0.7313902243589745 0.677590811965812 0.11221955128205119 0.1683226495726495
2 0.22305689102564105 0.32837873931623934 0.08313301282051277 0.09217414529914537
2 0.07782451923076927 0.2355769230769231 0.09515224358974358 0.13087606837606838
2 0.11333133012820513 0.3505876068376069 0.06820913461538462 0.09850427350427354
2 0.4088541666666667 0.24292200854700857 0.07812500000000004 0.13488247863247868
2 0.36177884615384615 0.5333867521367522 0.07411858974358969 0.09615384615384617
2 0.44240785256410264 0.7243723290598291 0.10717147435897441 0.11749465811965815
2 0.576171875 0.8130208333333333 0.10703125 0.065625
2 0.53828125 0.8923744658119658 0.07656249999999991 0.10900106837606836
2 0.6364082532051283 0.7379674145299145 0.05771233974358987 0.11701388888888893
2 0.9112279647435898 0.5754540598290598 0.09501201923076916 0.1642628205128205
2 0.7720052083333333 0.3771367521367522 0.10903445512820528 0.10149572649572645
1 0.8265224358974358 0.8679220085470085 0.050080128205128284 0.07612179487179477
1 0.8663461538461539 0.8976095085470085 0.054567307692307665 0.05269764957264952
1 0.7255208333333333 0.5060096153846154 0.049759615384615506 0.07077991452991454
1 0.6420673076923078 0.3851495726495727 0.03637820512820511 0.08012820512820505
1 0.47919671474358977 0.546741452991453 0.05254407051282044 0.05876068376068376
2 0.6526842948717949 0.5249465811965812 0.07900641025641023 0.0792735042735042
2 0.0813902243589744 0.8888488247863248 0.0760016025641026 0.0618856837606837
1 0.08817107371794874 0.9248798076923078 0.04040464743589749 0.03966346153846144
1 0.43840144230769235 0.0913461538461539 0.03505608974358969 0.06677350427350429
2 0.5173177083333333 0.0901575854700855 0.09356971153846158 0.10654380341880347
1 0.7462940705128205 0.21131143162393162 0.06991185897435895 0.05387286324786329
0 0.587459935897436 0.1104834401709402 0.035416666666666693 0.05253739316239322
0 0.7843850160256411 0.28486912393162395 0.03619791666666661 0.04564636752136752
2 0.8288862179487179 0.7358707264957265 0.07139423076923083 0.10785256410256423
0 0.8914863782051281 0.06264690170940174 0.03433493589743595 0.044043803418803464
0 0.9817508012820513 0.7874866452991452 0.023998397435897444 0.03544337606837603
0 0.9868990384615385 0.8355769230769231 0.023798076923077005 0.033974358974359
0 0.9170673076923077 0.9149172008547009 0.02924679487179489 0.03555021367521386
1 0.5369391025641026 0.5640357905982906 0.040625 0.071875
0 0.8109975961538461 0.14209401709401714 0.03705929487179489 0.05074786324786323
0 0.9546875 0.21197916666666666 0.0421875 0.057291666666666664
0 0.22319711538461542 0.2569444444444445 0.026762820512820574 0.03205128205128208
1 0.609745592948718 0.24674145299145303 0.04092548076923084 0.06047008547008552
1 0.4556590544871796 0.875267094017094 0.04461137820512819 0.08012820512820511
0 0.45668068910256415 0.9562366452991452 0.024539262820512952 0.04105235042735048
1 0.5362680288461539 0.9732104700854701 0.050901442307692245 0.05149572649572652
