1 0.904892113095238 0.2048611111111111 0.04735863095238084 0.0972222222222222
1 0.5097756410256411 0.05236950549450551 0.07643086080586077 0.06093559218559214
1 0.35063244047619047 0.22247023809523808 0.07626488095238093 0.06994047619047619
1 0.4228980654761904 0.17581845238095237 0.03441220238095237 0.058085317460317455
1 0.12578125 0.3848958333333333 0.0515625 0.06770833333333333
1 0.29497767857142854 0.6789434523809523 0.04308035714285716 0.05233134920634927
1 0.6375 0.029166666666666667 0.059375 0.058333333333333334
1 0.5022879464285714 0.3849950396825397 0.03783482142857135 0.07227182539682543
1 0.542578125 0.35625 0.06328125 0.06458333333333334
1 0.425390625 0.625 0.03671875 0.07291666666666667
1 0.1291484980620155 0.9829457364341085 0.060259205426356585 0.032025193798449675
0 0.141015625 0.4421875 0.03828125 0.046875
0 0.2988653273809524 0.3169146825396825 0.024293154761904745 0.033829365079365084
0 0.3433221726190476 0.11426091269841268 0.03783482142857144 0.04627976190476191
0 0.033009326550387595 0.5535489341085271 0.030274951550387598 0.045114664082687383
0 0.009375 0.5421875 0.01875 0.08020833333333334
0 0.3523780906593406 0.8646253052503053 0.025154532967032982 0.036622405372405235
0 0.4893816152355397 0.7565978433710991 0.01687630441264156 0.021768783542039215
0 0.25398065476190473 0.883953373015873 0.03296130952380953 0.05749007936507932
0 0.24032738095238093 0.853968253968254 0.034970238095238096 0.04623015873015876
0 0.03490235539654144 0.8136289380838799 0.02891137447823494 0.038520547604849874
0 0.019325339147286822 0.8728915101371497 0.02191133720930232 0.03223700556549384
0 0.618577830841639 0.8928617571059431 0.034646663898117325 0.04478359173126603
0 0.7491443452380953 0.8910962301587302 0.02031249999999991 0.029315476190476274
0 0.8363653273809524 0.7527472527472528 0.02667410714285694 0.0381562881562882
0 0.8140625 0.5509195665445665 0.024404761904761863 0.0310973748473747
0 0.9625372023809524 0.3835565476190476 0.01688988095238102 0.025545634920634917
0 0.8784970238095238 0.33075396825396824 0.04583333333333339 0.05476190476190475
0 0.756640625 0.13541666666666666 0.02578125 0.029166666666666667
0 0.6854910714285714 0.11755952380952381 0.03839285714285721 0.04761904761904763
0 0.7348028273809524 0.22514880952380953 0.031138392857142882 0.03184523809523808
2 0.8033668154761905 0.24231150793650796 0.05621279761904763 0.10962301587301584
2 0.7403273809523809 0.14885912698412698 0.07366071428571423 0.12311507936507936
2 0.13988095238095238 0.49441964285714285 0.07961309523809523 0.08407738095238096
2 0.41635044642857144 0.6921130952380952 0.046763392857142885 0.08005952380952372
2 0.43936011904761896 0.5407242063492064 0.06398809523809516 0.077281746031746
2 0.48456101190476186 0.4828373015873016 0.05840773809523805 0.075
2 0.1858906476275662 0.5963572724110513 0.05874542124542124 0.06999771062271058
3 0.18584449404761905 0.45964781746031746 0.04200148809523809 0.058878968253968246
3 0.07135370080500897 0.5951056574239715 0.034133683661299895 0.0459805456171735
3 0.49097858899821106 0.8911989415623137 0.028217240608228965 0.03680431325780151
3 0.7164591918498168 0.4616338522588523 0.024436240842490787 0.029418498168498234
3 0.8450520833333333 0.12529761904761905 0.04278273809523814 0.05496031746031746
1 0.8253205128205128 0.8244047619047618 0.039033882783882846 0.05456349206349209
1 0.8779761904761905 0.958829365079365 0.05282738095238084 0.07142857142857141
1 0.5368580426356588 0.9060993713973365 0.052131782945736393 0.06272050785132173
1 0.9126302083333334 0.4634176587301588 0.037090773809523726 0.05729166666666661
1 0.6493675595238095 0.5260798229548229 0.030133928571428558 0.04918345543345541
1 0.576171875 0.2760416666666667 0.05078125 0.06041666666666667
1 0.6156622023809524 0.28975694444444444 0.04769345238095237 0.07951388888888893
1 0.5251488095238095 0.27802579365079366 0.06220238095238093 0.08878968253968254
1 0.6446242559523809 0.3519097222222223 0.051897321428571355 0.07296626984126978
0 0.6807177197802198 0.4059275793650794 0.03851877289377299 0.05292658730158735
1 0.35028161337209307 0.6889984772978958 0.05525072674418605 0.0584533038021411
1 0.3090713247508306 0.7395268087855299 0.07075892857142856 0.06378968253968248
0 0.16239983974358976 0.8753205128205129 0.032171474358974404 0.04262820512820523
0 0.144140625 0.8755208333333333 0.01484375 0.019791666666666666
1 0.22779017857142855 0.43427579365079366 0.03995535714285712 0.04513888888888887
0 0.612109375 0.043229166666666666 0.02578125 0.03854166666666667
0 0.778515625 0.10771329365079364 0.02779017857142856 0.03655753968253969
0 0.7312686011904762 0.4982142857142857 0.030022321428571353 0.03730158730158723
0 0.7270532852564102 0.638485863095238 0.035848786630036676 0.03949652777777786
0 0.898530505952381 0.8164682539682541 0.03255208333333339 0.046626984126984065
1 0.7203869047619047 0.8779761904761905 0.04047619047619051 0.051587301587301584
1 0.8877604166666666 0.8674603174603175 0.046354166666666786 0.04841269841269842
0 0.8977678571428571 0.8962053571428572 0.04002976190476204 0.052827380952380903
0 0.9890625 0.10520833333333333 0.0203125 0.04583333333333333
3 0.7754650297619048 0.9812251984126983 0.0316592261904761 0.03784722222222226
3 0.7442894345238095 0.26805555555555555 0.03076636904761898 0.04027777777777774
0 0.22284226190476192 0.7125744047619047 0.055059523809523815 0.06889880952380949
