3 0.8377203525641026 0.5778311965811966 0.03369391025641022 0.047329059829059855
3 0.7425080128205128 0.5991853632478633 0.07988782051282062 0.1034455128205129
3 0.6998597756410257 0.5418002136752136 0.047155448717948634 0.06223290598290596
3 0.6847956730769231 0.7678685897435897 0.04507211538461551 0.05988247863247871
3 0.44800681089743594 0.6124198717948718 0.06191907051282062 0.079647435897436
3 0.42287660256410253 0.9558092948717949 0.06810897435897441 0.08629807692307688
3 0.22005208333333334 0.14342948717948723 0.0671073717948718 0.08814102564102562
0 0.4559995993589744 0.24644764957264959 0.04192708333333339 0.05571581196581204
0 0.1642928685897436 0.7374198717948718 0.03439503205128207 0.04599358974358978
0 0.4582532051282051 0.5034855769230769 0.0484375 0.059375
