0 0.3361979166666667 0.46527777777777785 0.04114583333333335 0.05876068376068376
0 0.23157051282051286 0.17521367521367523 0.030048076923076917 0.03792735042735045
0 0.3781650641025641 0.09680822649572653 0.04679487179487176 0.06653311965811971
0 0.1859375 0.26145833333333335 0.0328125 0.041666666666666664
0 0.112109375 0.15885416666666666 0.03984375 0.04479166666666667
3 0.07532051282051286 0.14209401709401714 0.08613782051282051 0.109508547008547
3 0.5676081730769231 0.702991452991453 0.07311698717948704 0.09615384615384623
3 0.9602363782051283 0.5166933760683761 0.03104967948717956 0.04139957264957263
0 0.7048677884615385 0.8572649572649573 0.040985576923077006 0.05213675213675207
0 0.776943108974359 0.28641826923076924 0.05508814102564106 0.06124465811965821
3 0.178125 0.3890625 0.04375 0.04895833333333333
3 0.4203125 0.08958333333333333 0.0421875 0.05625
0 0.17186498397435898 0.8433627136752136 0.032832532051282025 0.040357905982905964
1 0.09262820512820516 0.5941239316239316 0.03549679487179493 0.08408119658119648
