1 0.853125 0.6401041666666667 0.0625 0.06770833333333333
1 0.86640625 0.6973958333333333 0.0390625 0.07604166666666666
1 0.9341947115384617 0.6896367521367522 0.04907852564102573 0.05074786324786326
2 0.73671875 0.29375 0.0578125 0.05625
2 0.649609375 0.328125 0.07890625 0.11458333333333333
2 0.7359375 0.6927083333333334 0.0953125 0.12916666666666668
2 0.2020332532051282 0.8205128205128205 0.07710336538461542 0.10950854700854708
2 0.10390625 0.7244791666666667 0.0859375 0.078125
2 0.117578125 0.8020833333333334 0.07421875 0.08333333333333333
2 0.030649038461538484 0.30723824786324794 0.06129807692307697 0.14780982905982915
2 0.575390625 0.2635416666666667 0.05234375 0.08333333333333333
2 0.382421875 0.14583333333333334 0.07109375 0.09166666666666666
2 0.16855969551282055 0.6549278846153846 0.0659254807692308 0.0774305555555556
2 0.8600761217948719 0.5480769230769231 0.10516826923076916 0.11752136752136758
2 0.5987780448717949 0.44910523504273503 0.09491185897435903 0.10713141025641028
2 0.40375600961538466 0.5681223290598291 0.09032451923076926 0.11749465811965815
1 0.8667868589743591 0.0450053418803419 0.06169871794871806 0.0900106837606838
1 0.840625 0.027083333333333334 0.0828125 0.05416666666666667
1 0.564072516025641 0.20351228632478635 0.06404246794871789 0.05339209401709398
0 0.6556299603174602 0.6302127849002849 0.031001984126984183 0.040500356125356046
0 0.8946514423076923 0.8576255341880342 0.05004006410256423 0.06466346153846156
0 0.2731370192307693 0.6687767094017095 0.03906249999999996 0.039049145299145376
0 0.3096955128205129 0.14342948717948723 0.03605769230769229 0.048076923076923066
0 0.8268830128205128 0.25996260683760686 0.05937500000000018 0.0794337606837607
3 0.7022235576923077 0.8843616452991453 0.06029647435897427 0.08063568376068382
3 0.78984375 0.9807291666666667 0.078125 0.036458333333333336
3 0.037660256410256436 0.877136752136752 0.07532051282051287 0.10844017094017093
3 0.4522435897435898 0.2639556623931624 0.06947115384615384 0.09281517094017099
3 0.725390625 0.33177083333333335 0.06171875 0.07395833333333333
2 0.4917067307692308 0.7903846153846155 0.060657051282051365 0.06025641025641022
2 0.9796875 0.1453125 0.0390625 0.08854166666666667
