0 0.6196368735431236 0.18753642191142192 0.023510343822843626 0.030230186480186442
0 0.6248782262145749 0.41071047008547007 0.020802758097165964 0.0261667791273054
0 0.6673066379892038 0.5041610436347278 0.019827513495276606 0.028958614484930163
0 0.3493316579254079 0.5784564393939393 0.02292759324009319 0.03248106060606067
0 0.9481251252003204 0.280263421474359 0.03067032251602573 0.04667801816239313
0 0.09954461621352788 0.33926005747126436 0.024375207228116657 0.030531609195402255
0 0.2811152389277389 0.5918560606060607 0.025837703962703927 0.03409090909090887
0 0.7676513671875 0.6825854700854701 0.03680013020833321 0.04932558760683759
0 0.05515199318910256 0.5387052617521367 0.031297576121794866 0.04498530982905986
0 0.029485873049052414 0.9781400966183575 0.03296665969899668 0.04444444444444452
3 0.6975016276041666 0.31134982638888886 0.0338704427083333 0.04309895833333333
