0 0.8559806034482758 0.12405135573239026 0.03336925287356305 0.044042882404951335
0 0.1786658653846154 0.28977029914529917 0.03842147435897432 0.044284188034188016
0 0.06930914347749025 0.0829594017094017 0.03260867157036511 0.037614222694867874
0 0.6965731377099912 0.2698906756557619 0.037542827144120314 0.05169374447391686
0 0.5614282852564102 0.022970085470085493 0.04541266025641031 0.045940170940170985
0 0.4394030448717949 0.0637553418803419 0.03505608974358978 0.0525106837606838
0 0.21291624202410495 0.01866888711646776 0.03931174672102096 0.03466683406199535
0 0.030889242217624367 0.28603904119251394 0.0144023911407881 0.021239889965202666
0 0.010561342592592636 0.2012988683127572 0.021122685185185272 0.03593106995884773
0 0.08122659850230414 0.8417242703533027 0.0332553283410138 0.039861751152073785
0 0.07522501440092164 0.8813148041474654 0.027257344470046074 0.03364535330261139
0 0.04390619461183979 0.8179409636062862 0.032291297412265094 0.04710578400094529
0 0.34215528255346805 0.7717698855803694 0.03199127821103631 0.042481734215605256
0 0.2949200748847926 0.6585181451612904 0.024215149769585276 0.026713709677419335
0 0.28442928039702237 0.6210606709598646 0.018167316554413393 0.023803369569498755
0 0.2133676555299539 0.5295963557052267 0.032510080645161296 0.044877949111820095
0 0.17770432692307694 0.5432558760683761 0.016466346153846123 0.01973824786324781
0 0.31551699308755754 0.5709029377880185 0.019023617511520773 0.02562884024577568
0 0.789830087587144 0.6901315530347788 0.02517853450313128 0.031987277955019995
0 0.9646565380184331 0.6962053571428571 0.02258784562211975 0.03136040706605219
0 0.9541168634792626 0.7900057603686635 0.028546226958525267 0.030011520737327164
0 0.8575020032051281 0.6469017094017094 0.032191506410256386 0.0427350427350427
0 0.7657251602564104 0.4604433760683761 0.031450320512820616 0.04172008547008552
0 0.44345298099078345 0.896051747311828 0.025248415898617527 0.03393337173579099
1 0.5930281538018434 0.8215725806451614 0.04435843894009217 0.0600038402457758
1 0.576938724078341 0.959019777265745 0.029734302995391815 0.03568548387096773
1 0.5362939228110599 0.9659874231950845 0.06178715437788016 0.06177515360983096
1 0.4715851814516129 0.9867103494623656 0.0490171370967742 0.02449596774193547
1 0.3719506048387097 0.9905505952380953 0.04368519585253457 0.020655721966205694
1 0.1512583266867541 0.6718116113277404 0.030000627732482556 0.06770156366930564
1 0.19952656970046084 0.6547211021505376 0.037150777649769616 0.05000480030721969
1 0.08794933644984046 0.6743010014179369 0.03997114276852178 0.05116758241758236
1 0.2220435184774902 0.3553399109850723 0.03459959898971996 0.05640927173185227
1 0.43359375 0.4890625 0.053125 0.071875
1 0.41621594551282054 0.289155982905983 0.03936298076923084 0.06645299145299154
1 0.3644920813393595 0.29484434696128253 0.04809695512820515 0.06939102564102567
1 0.33673878205128205 0.051842948717948735 0.044070512820512775 0.07900641025641031
1 0.2130357419797944 0.2526641705069125 0.03533404599432823 0.05534754224270356
1 0.7221658101237842 0.19132543103448274 0.063929874005305 0.05556752873563218
1 0.7639022435897436 0.051562500000000025 0.06907051282051277 0.0635416666666667
1 0.765234375 0.11979166666666667 0.04453125 0.035416666666666666
1 0.7184595352564103 0.499198717948718 0.04184695512820511 0.06837606837606842
1 0.8552041330645161 0.8131098851864981 0.04996039746543772 0.04332708062546781
1 0.9252250144009218 0.7106062788018433 0.040246975806451424 0.05536194316436251
1 0.697613047235023 0.6862039170506912 0.029601094470046087 0.04656298003072194
1 0.6669246831797235 0.7086861559139784 0.031934043778801866 0.04960157450076809
0 0.04714972527472526 0.13023762751585333 0.03588488124778446 0.05406204458623813
0 0.04928147709145693 0.18337173579109062 0.03522160802906769 0.04320276497695854
0 0.5754206730769231 0.6160924145299146 0.037459935897435945 0.05093482905982907
0 0.56015625 0.5197916666666667 0.046875 0.05625
0 0.7158061192839419 0.8576084869431644 0.03353753101736974 0.04375
0 0.3527469758064516 0.3855078725038402 0.02304867511520734 0.02967549923195083
0 0.12712630531430932 0.35203422249793215 0.03362181333451495 0.046699604159281566
0 0.37535462269585257 0.731235599078341 0.02535642281105992 0.03042434715821803
0 0.3234681019585254 0.6980030721966206 0.03912370391705071 0.044086021505376397
0 0.28125 0.6854166666666667 0.028125 0.035416666666666666
0 0.2890625 0.6973958333333333 0.0234375 0.034375
0 0.1576432891705069 0.9727102534562212 0.02515120967741933 0.030385944700460736
3 0.9590620855437667 0.16662522104332447 0.03553962201591485 0.04510204833480692
3 0.9586939102564103 0.35777243589743596 0.0321314102564104 0.03872863247863248
3 0.7438902243589743 0.3791399572649573 0.02303685897435894 0.03071581196581198
3 0.6262419871794872 0.5298344017094018 0.03998397435897445 0.04716880341880352
3 0.68359375 0.6244791666666667 0.040625 0.04479166666666667
3 0.537870592948718 0.6305154914529915 0.022415865384615506 0.03277243589743601
3 0.11795434907834101 0.9504200268817206 0.015243375576036855 0.020242895545314946
3 0.07067252304147464 0.9430203533026114 0.01044066820276498 0.014880952380952312
3 0.857041266025641 0.9608974358974359 0.024979967948717884 0.03237179487179489
3 0.03141201036866358 0.6915328734885187 0.047199020737327166 0.06298126156997116
3 0.41536458333333337 0.07505341880341883 0.03305288461538471 0.045940170940170985
0 0.9354424683179723 0.9094662058371736 0.016931883640553026 0.02342549923195077
0 0.8938004032258065 0.9726790514592935 0.01237039170506904 0.017967549923195138
0 0.021999946458111777 0.9399903747686006 0.025700567913269506 0.03918207688368985
0 0.7210436698717949 0.6203792735042735 0.01864983974358978 0.02174145299145292
0 0.05357142857142856 0.44138824884792627 0.01296082949308755 0.014880952380952432
3 0.6710036057692308 0.12168803418803421 0.018569711538461587 0.02329059829059824
3 0.6850961538461539 0.0371661324786325 0.026442307692307754 0.03891559829059833
0 0.660546875 0.0171875 0.03203125 0.034375
0 0.14717921947004609 0.4105846774193548 0.007204061059907852 0.007997311827956998
0 0.9227564102564102 0.45810630341880343 0.0296875 0.034375
0 0.8863481570512821 0.5215277777777778 0.01949118589743577 0.026388888888888927
0 0.0844041710977195 0.23153727992437675 0.025460090984284468 0.03615739099610063
0 0.038208137628500546 0.2410948146835244 0.019925890641616383 0.03240330458072392
0 0.586328125 0.5395833333333333 0.02421875 0.035416666666666666
0 0.2480198732718894 0.34747503840245775 0.023689516129032296 0.03277649769585255
0 0.37842760398203945 0.8253528225806452 0.02209064457048333 0.030361943164362516
0 0.7280295938940092 0.8850830453149001 0.022771457373271888 0.02802899385560676
0 0.7109375 0.9840701804915515 0.046875 0.0297763056835637
1 0.5070535898912916 0.7321500576036866 0.026215400862578342 0.04203629032258067
