3 0.6839042467948718 0.3748263888888889 0.036838942307692336 0.05269764957264969
3 0.8177483974358974 0.37756410256410255 0.0636217948717949 0.08194444444444446
3 0.6747796474358975 0.6021634615384616 0.027043269230769253 0.03338675213675219
3 0.6988581730769231 0.7074919871794871 0.1328125 0.16354166666666667
3 0.18314302884615385 0.688301282051282 0.0888421474358975 0.12019230769230767
3 0.7674278846153846 0.5807959401709402 0.014022435897435948 0.020032051282051336
0 0.34365985576923075 0.5545005341880341 0.04825721153846154 0.055582264957264906
0 0.0453125 0.9791666666666666 0.0453125 0.03958333333333333
1 0.5072616185897436 0.7802751068376068 0.047576121794871896 0.061778846153846226
0 0.5672976762820513 0.6308894230769231 0.019651442307692425 0.0293536324786326
1 0.043469551282051294 0.8192040598290599 0.05368589743589748 0.07740384615384623
