2 0.2409655448717949 0.5849626068376068 0.11943108974358978 0.15924145299145293
2 0.6827924679487181 0.46431623931623933 0.10516826923076925 0.12211538461538467
2 0.8911258012820514 0.5888087606837608 0.09915865384615383 0.14556623931623935
2 0.6403345352564103 0.07594818376068377 0.12598157051282052 0.14564636752136756
2 0.5109375 0.24739583333333334 0.1 0.13229166666666667
1 0.48427483974358976 0.09397702991452993 0.053125 0.10729166666666666
1 0.8655849358974359 0.8952991452991452 0.07211538461538466 0.0961538461538461
0 0.5872896634615385 0.1589342948717949 0.036358173076922996 0.04911858974358978
2 0.32972756410256415 0.25017361111111114 0.10616987179487176 0.1524305555555556
2 0.07902644230769233 0.40114850427350424 0.12680288461538466 0.1522970085470086
2 0.8813201121794872 0.12732371794871797 0.07670272435897445 0.11201923076923072
1 0.750380608974359 0.13782051282051283 0.05412660256410273 0.06196581196581198
1 0.8125 0.421073717948718 0.078125 0.07451923076923071
3 0.7909655448717949 0.8872863247863249 0.02904647435897445 0.048076923076923114
