0 0.3043379934210526 0.19377741228070178 0.018791118421052654 0.02472587719298245
0 0.6015830592105262 0.19254385964912277 0.02874177631578938 0.03596491228070174
0 0.6366365131578947 0.11326754385964911 0.03264802631578947 0.04013157894736842
0 0.8242598684210526 0.053125 0.02335526315789487 0.03300438596491228
0 0.8091899671052631 0.2540668578497526 0.03787006578947363 0.05107681061628423
0 0.8515830592105263 0.5509594298245614 0.022985197368421063 0.031853070175438584
0 0.8264185855263158 0.6468525078722447 0.023725328947368497 0.031952878992352635
0 0.7857466683535762 0.6376644736842105 0.01650008434547905 0.022916666666666665
0 0.5688322368421053 0.4753015350877193 0.02171052631578947 0.030646929824561416
0 0.4828125 0.46770833333333334 0.05 0.052083333333333336
0 0.58671875 0.3338541666666667 0.03873355263157903 0.05816885964912277
0 0.30703125 0.35060307017543857 0.038898026315789466 0.05317982456140354
0 0.26842105263157895 0.45400219298245614 0.021546052631578938 0.03168859649122802
0 0.32094983552631573 0.6304550438596491 0.032442434210526325 0.04172149122807009
0 0.3911184210526316 0.6056195175438596 0.012993421052631548 0.01683114035087705
0 0.469140625 0.6203125 0.02265625 0.030208333333333334
0 0.496484375 0.6348958333333333 0.02421875 0.030208333333333334
0 0.49921875 0.5192708333333333 0.034375 0.04895833333333333
0 0.5062294407894736 0.8453673245614034 0.029728618421052656 0.04051535087719304
0 0.3222893471659919 0.8692708333333333 0.018250253036437146 0.022423245614035043
0 0.208984375 0.840625 0.02109375 0.027083333333333334
0 0.14985608552631577 0.7036184210526315 0.014432565789473672 0.020394736842105132
0 0.31441200657894736 0.7313048245614034 0.024958881578947302 0.02971491228070171
0 0.21276726973684207 0.6751096491228071 0.03170230263157894 0.025877192982456047
0 0.16346628289473686 0.9045778508771929 0.02750822368421051 0.03843201754385959
0 0.1817845394736842 0.8100328947368421 0.02129934210526314 0.026864035087719174
0 0.060546875 0.3692708333333333 0.02734375 0.036458333333333336
0 0.1484375 0.19281798245614035 0.03125 0.04375
0 0.0484375 0.20416666666666666 0.034375 0.041666666666666664
0 0.9837787828947369 0.42864583333333334 0.030879934210526372 0.04621710526315788
0 0.9862458881578947 0.9322916666666666 0.02594572368421062 0.045504385964912214
0 0.819140625 0.8401041666666667 0.02890625 0.036458333333333336
0 0.45699013157894736 0.9235197368421052 0.017763157894736814 0.022478070175438583
1 0.564453125 0.11458333333333333 0.03671875 0.06041666666666667
1 0.45923108552631575 0.3898026315789474 0.03935032894736849 0.07456140350877198
1 0.4225945723684211 0.4887883771929824 0.04337993421052637 0.04555921052631581
1 0.6077302631578947 0.5345394736842105 0.04029605263157894 0.09758771929824567
1 0.6559004934210526 0.5909265350877193 0.04288651315789478 0.05060307017543859
1 0.6958291160593794 0.7159455128205129 0.05448717948717965 0.05250506072874508
1 0.1903782894736842 0.5182017543859648 0.02138157894736843 0.06008771929824561
1 0.2060032894736842 0.33497807017543857 0.03782894736842106 0.08552631578947369
1 0.2791940789473684 0.39797149122807013 0.037006578947368404 0.05493421052631575
1 0.2622121710526316 0.31288377192982453 0.05205592105263155 0.05339912280701758
1 0.306640625 0.1382127192982456 0.023231907894736815 0.04265350877192979
1 0.12545230263157894 0.22149122807017543 0.04268092105263159 0.041666666666666664
1 0.010546875 0.390625 0.02109375 0.10208333333333333
1 0.016036184210526314 0.528782894736842 0.03207236842105263 0.05756578947368413
1 0.19642269736842105 0.7467927631578948 0.052878289473684205 0.08316885964912271
1 0.6861019736842104 0.9380756578947368 0.04720394736842097 0.06573464912280697
1 0.8026447579284749 0.43869067701304537 0.0649407473009445 0.06450461088618985
1 0.8899465460526315 0.16217105263157894 0.03976151315789487 0.06337719298245612
1 0.9272203947368418 0.03481359649122807 0.03782894736842106 0.06962719298245613
1 0.07265625 0.021354166666666667 0.0625 0.042708333333333334
1 0.5203125 0.5291666666666667 0.046875 0.04791666666666667
1 0.8030838815789473 0.9734375 0.04695723684210531 0.051041666666666784
1 0.2698396381578947 0.8496984649122806 0.04666940789473686 0.06705043859649121
0 0.7103618421052631 0.15915570175438595 0.048026315789473625 0.05668859649122808
0 0.9304070723684209 0.5209978070175438 0.048314144736841945 0.07094298245614042
0 0.1287828947368421 0.7791392543859649 0.029440789473684205 0.04369517543859646
2 0.3730879934210526 0.7943530701754385 0.07454769736842101 0.07138157894736838
2 0.059066611842105265 0.8304824561403509 0.06467927631578947 0.09013157894736838
2 0.5004934210526315 0.3255208333333333 0.0541118421052631 0.09895833333333333
2 0.9733347039473685 0.14331140350877192 0.04535361842105275 0.08289473684210526
2 0.4426081730769232 0.728392094017094 0.07271634615384626 0.10154914529914526
2 0.36918174342105264 0.7148026315789473 0.059087171052631636 0.0732456140350878
2 0.6469572368421053 0.43501743139901033 0.05476973684210522 0.0707546108861898
1 0.24107730263157895 0.13993969298245615 0.054851973684210534 0.05893640350877192
1 0.2773848684210526 0.7932291666666667 0.025 0.042708333333333334
1 0.5564761513157894 0.6908991228070176 0.044120065789473625 0.05460526315789463
3 0.8971702091767881 0.6481205015744489 0.0304951079622132 0.03818882141250555
3 0.4671875 0.5645833333333333 0.046875 0.05625
3 0.6834851551956815 0.057420996401259555 0.023654689608636925 0.035377305443094906
3 0.9700657894736843 0.5323190789473684 0.022861842105263007 0.02966008771929817
3 0.7401521381578947 0.8633793016194332 0.027097039473684158 0.03310981781376512
0 0.9326685855263157 0.11869517543859649 0.03392269736842124 0.04550438596491227
0 0.8432360197368421 0.8692708333333333 0.03474506578947363 0.0629934210526315
0 0.8829152960526315 0.8450109649122806 0.05489309210526301 0.05668859649122796
0 0.06875 0.2453125 0.040625 0.057291666666666664
0 0.42025082236842104 0.2841282894736842 0.03861019736842097 0.049067982456140295
0 0.7472245065789473 0.5268092105263158 0.023643092105263185 0.036293859649122774
1 0.8477796052631579 0.6872258771929824 0.03305921052631575 0.06304824561403516
0 0.54609375 0.08125 0.025 0.03333333333333333
0 0.918564967105263 0.3537828947368421 0.023067434210526195 0.028179824561403482
1 0.9095189144736843 0.27266995614035083 0.0715871710526315 0.05773026315789475
0 0.129296875 0.74375 0.03671875 0.03958333333333333
0 0.077734375 0.9338541666666667 0.03359375 0.046875
0 0.09535361842105264 0.9193256578947367 0.03133223684210527 0.04259868421052637
0 0.46328125 0.11770833333333333 0.01875 0.01875
0 0.6675048498650472 0.3168037280701755 0.011207405533063408 0.015515350877192979
1 0.04140625 0.45208333333333334 0.0515625 0.0625
1 0.28980263157894737 0.9663925438596491 0.043832236842105264 0.0651315789473685
0 0.5506578947368421 0.6099780701754386 0.02944078947368416 0.036622807017543835
0 0.1091282894736842 0.25334429824561405 0.04325657894736841 0.05164473684210528
0 0.266796875 0.058333333333333334 0.01796875 0.022916666666666665
0 0.2177800269905533 0.0852381354026091 0.018387314439945922 0.02140969410706246
