3 0.32158453525641023 0.14821047008547014 0.056350160256410264 0.07590811965811968
3 0.3908253205128206 0.2542735042735043 0.07011217948717943 0.09615384615384623
3 0.20641025641025643 0.5689636752136752 0.05232371794871797 0.07040598290598285
3 0.9123697916666668 0.4902110042735043 0.04865785256410273 0.06498397435897445
0 0.653125 0.3885416666666667 0.0453125 0.058333333333333334
0 0.637890625 0.38645833333333335 0.03515625 0.075
0 0.3652844551282052 0.7303685897435898 0.0390625 0.05475427350427348
0 0.14332932692307693 0.8472222222222221 0.04427083333333335 0.058760683760683816
0 0.5045973557692308 0.8505074786324787 0.03287259615384626 0.04417735042735037
0 0.6412259615384616 0.9662660256410257 0.03205128205128212 0.04236111111111119
0 0.7103365384615385 0.8338675213675214 0.022035256410256387 0.032051282051282
0 0.970282451923077 0.5410256410256411 0.036999198717948725 0.051495726495726576
0 0.9266826923076923 0.3288461538461539 0.038060897435897446 0.05651709401709404
0 0.7333733974358975 0.5624465811965813 0.026041666666666696 0.03536324786324793
0 0.1015625 0.9411458333333333 0.0421875 0.059375
3 0.608173076923077 0.10202991452991457 0.054086538461538505 0.06677350427350424
3 0.9879907852564103 0.350761217948718 0.022455929487179383 0.06610576923076929
0 0.5574719551282051 0.6060496794871796 0.04531250000000009 0.05766559829059841
0 0.33207131410256413 0.35782585470085476 0.04539262820512824 0.057318376068376094
0 0.5497796474358975 0.5469150641025641 0.04066506410256414 0.053071581196581265
0 0.564823717948718 0.3876869658119658 0.03862179487179489 0.05635683760683771
0 0.8311398237179489 0.5267094017094017 0.030829326923076827 0.04540598290598297
