0 0.4802483974358974 0.4764823717948718 0.03549679487179498 0.04911858974358972
0 0.5400641025641026 0.33840811965811973 0.04206730769230767 0.05074786324786326
0 0.7265625 0.39427083333333335 0.053125 0.071875
0 0.3152043269230769 0.5794604700854701 0.04306891025641026 0.06276709401709404
0 0.5035056089743591 0.9180021367521367 0.04907852564102564 0.06410256410256411
0 0.3450020032051282 0.09317574786324788 0.037560096153846215 0.0524305555555556
0 0.26269030448717945 0.26754807692307697 0.03992387820512824 0.050908119658119706
3 0.8325320512820514 0.36912393162393164 0.06209935897435894 0.08012820512820516
3 0.8622596153846154 0.2571848290598291 0.07876602564102572 0.1010149572649573
3 0.8617087339743591 0.10353899572649575 0.06784855769230784 0.08779380341880347
3 0.1994491185897436 0.9240117521367522 0.03820112179487185 0.04674145299145304
3 0.13453525641025643 0.6111111111111112 0.03181089743589745 0.03685897435897433
0 0.27696314102564107 0.4345619658119659 0.03741987179487185 0.048076923076923114
0 0.48515625 0.5989583333333334 0.04375 0.058333333333333334
1 0.9096554487179489 0.5401842948717949 0.05208333333333339 0.11728098290598296
3 0.67109375 0.44895833333333335 0.0328125 0.04583333333333333
3 0.726171875 0.325 0.05390625 0.06875
3 0.5688802083333334 0.5369391025641026 0.06456330128205137 0.07569444444444452
