3 0.5235276442307693 0.3963007478632479 0.05711137820512828 0.0738514957264958
3 0.555078125 0.3453125 0.04296875 0.053125
3 0.4568709935897436 0.29834401709401714 0.07023237179487189 0.093482905982906
3 0.35386618589743596 0.5553819444444446 0.046274038461538505 0.060176282051282
3 0.515234375 0.5895833333333333 0.04921875 0.06875
3 0.5399338942307693 0.9280849358974358 0.024298878205128195 0.033253205128205225
3 0.679296875 0.7609375 0.04765625 0.06354166666666666
3 0.880859375 0.3572916666666667 0.04765625 0.052083333333333336
3 0.6748397435897436 0.0763087606837607 0.028926282051282115 0.043429487179487226
3 0.24094551282051285 0.03899572649572652 0.06939102564102569 0.07799145299145303
3 0.01484375 0.17552083333333332 0.0296875 0.06145833333333333
3 0.1323717948717949 0.8280849358974359 0.05400641025641022 0.0792467948717949
3 0.175 0.8890625 0.078125 0.09895833333333333
3 0.478515625 0.76875 0.05703125 0.075
3 0.609375 0.052083333333333336 0.0375 0.04791666666666667
0 0.704697516025641 0.1875400641025641 0.043329326923077005 0.056169871794871776
0 0.71015625 0.24479166666666666 0.0484375 0.06041666666666667
0 0.050390625 0.5484375 0.04140625 0.05520833333333333
0 0.466796875 0.609375 0.05390625 0.07083333333333333
0 0.02959735576923079 0.9240518162393163 0.05138221153846158 0.05734508547008552
0 0.02682291666666669 0.769377670940171 0.030889423076923116 0.03816773504273504
0 0.728125 0.8541666666666666 0.025 0.027083333333333334
0 0.6540865384615385 0.5040331196581197 0.05841346153846159 0.07740384615384628
