3 0.7065404647435898 0.4700186965811966 0.03964342948717956 0.04927884615384623
3 0.4841446314102564 0.718349358974359 0.04172676282051287 0.05475427350427348
3 0.7440304487179488 0.7569444444444444 0.050801282051282114 0.06036324786324793
3 0.9712339743589744 0.7892361111111111 0.059054487179487046 0.08659188034188041
3 0.5811398237179487 0.3450854700854702 0.06408253205128212 0.07211538461538461
3 0.5699519230769231 0.4109375 0.04639423076923084 0.05793269230769239
3 0.11953125000000002 0.02697649572649575 0.057812500000000044 0.0539529914529915
3 0.09707532051282053 0.2667200854700855 0.05665064102564106 0.07126068376068388
0 0.13029847756410257 0.861872329059829 0.04028445512820515 0.05082799145299148
0 0.3057191506410256 0.5672676282051282 0.03800080128205132 0.057772435897436004
0 0.3893229166666667 0.6629273504273504 0.04306891025641035 0.058760683760683816
0 0.20201322115384618 0.171474358974359 0.037079326923076916 0.05876068376068379
0 0.03913261217948721 0.37513354700854706 0.038321314102564154 0.05208333333333339
0 0.9677975385616987 0.13768842648237178 0.03706117287660256 0.04835361578525639
0 0.34493189102564104 0.4586004273504274 0.01638621794871793 0.02136752136752135
0 0.4044070512820513 0.46764155982905986 0.03693910256410264 0.043349358974359
0 0.2419771634615385 0.5606570512820513 0.04885817307692304 0.06298076923076922
