2 0.5716346153846154 0.38468215811965817 0.1051282051282052 0.20659722222222227
2 0.4449419070512821 0.49839743589743596 0.08207131410256414 0.16346153846153857
2 0.4183693910256411 0.37279647435897445 0.09715544871794876 0.08213141025641028
2 0.3383313301282051 0.5381543803418803 0.09697516025641026 0.14805021367521373
2 0.5791366185897436 0.8652510683760684 0.140204326923077 0.10283119658119659
2 0.3517928685897436 0.12908653846153847 0.13014823717948723 0.15827991452991447
2 0.240625 0.13541666666666666 0.090625 0.14791666666666667
2 0.9233273237179487 0.8069711538461538 0.08483573717948723 0.13926282051282055
2 0.8648337339743591 0.03625801282051285 0.13972355769230785 0.0727831196581197
1 0.41654647435897446 0.8453659188034187 0.04070512820512819 0.059802350427350486
1 0.29907852564102566 0.32386485042735047 0.04727564102564106 0.06647970085470091
1 0.340234375 0.8375 0.03359375 0.09166666666666666
1 0.7510516826923077 0.9785122863247864 0.0487780448717948 0.043563034188034186
0 0.41771834935897434 0.22259615384615386 0.04036458333333339 0.052670940170940206
0 0.38126765983468286 0.9170230263157895 0.0267327724358974 0.034100877192982416
0 0.6021133814102564 0.9521367521367521 0.03816105769230775 0.051923076923077
0 0.4810117464539007 0.25500147754137115 0.025232712765957465 0.03668735224586293
