0 0.9110376602564102 0.42060630341880345 0.03930288461538449 0.051949786324786376
0 0.657011217948718 0.49489850427350424 0.05160256410256405 0.06896367521367525
0 0.5966546474358975 0.3950587606837607 0.04306891025641031 0.05988247863247859
0 0.7333433493589744 0.27959401709401716 0.03411458333333339 0.04551282051282056
0 0.7725160256410257 0.19751602564102566 0.03589743589743577 0.04941239316239316
0 0.9737379807692307 0.2479433760683761 0.0381009615384615 0.050053418803418855
0 0.5304487179487181 0.09897168803418806 0.03725961538461542 0.04618055555555559
0 0.529296875 0.06614583333333333 0.03671875 0.04479166666666667
0 0.46794871794871795 0.07198183760683766 0.038060897435897446 0.04941239316239317
0 0.47245592948717957 0.010950854700854723 0.021033653846153834 0.021901709401709445
0 0.3958333333333334 0.19551282051282057 0.038060897435897356 0.04807692307692309
0 0.3167067307692308 0.3317307692307693 0.030048076923076917 0.0427350427350427
0 0.37680288461538464 0.3991720085470086 0.038060897435897446 0.049412393162393126
0 0.538641826923077 0.8109775641025642 0.036899038461538504 0.045779914529914596
0 0.8098056891025642 0.7941773504273504 0.02742387820512828 0.04081196581196581
0 0.9359875801282052 0.8149439102564102 0.02734375 0.03854166666666667
1 0.7640625 0.39427083333333335 0.053125 0.08229166666666667
1 0.250370592948718 0.6118856837606838 0.058553685897435905 0.09289529914529915
1 0.4735376602564103 0.7026842948717948 0.06895032051282061 0.10088141025641022
3 0.6338040865384615 0.24091880341880348 0.060917467948717975 0.07745726495726496
3 0.4564302884615385 0.38915598290598297 0.06710737179487189 0.08814102564102567
3 0.455859375 0.4119791666666667 0.03515625 0.051041666666666666
3 0.05902443910256412 0.4125267094017095 0.04661458333333336 0.057425213675213686
3 0.47108373397435893 0.842815170940171 0.06985176282051286 0.09428418803418796
3 0.7676883012820512 0.9793135683760684 0.08361378205128212 0.04249465811965815
0 0.40625 0.071875 0.0421875 0.05416666666666667
0 0.08532652243589747 0.24027777777777778 0.040084134615384626 0.054700854700854715
0 0.987109375 0.4265625 0.02421875 0.053125
1 0.8550681089743591 0.47879273504273506 0.029046474358974096 0.03974358974358984
3 0.9794771634615385 0.9775641025641025 0.03948317307692299 0.03846153846153844
0 0.25410657051282054 0.4352430555555556 0.03505608974358978 0.05472756410256417
0 0.10527844551282053 0.5425347222222222 0.03824118589743595 0.053819444444444524
0 0.19626402243589744 0.22051282051282053 0.04657451923076925 0.06485042735042737
