0 0.7897435897435898 0.16941773504273502 0.02548076923076934 0.030822649572649605
0 0.7550071022727273 0.2836093304843305 0.02092013888888893 0.03252881377881375
0 0.8851963141025643 0.6168536324786326 0.026883012820512954 0.03872863247863248
0 0.7657752403846154 0.6398637820512821 0.025340544871795066 0.040785256410256446
0 0.3780548878205129 0.2435897435897436 0.029547275641025682 0.03472222222222223
0 0.06560496794871798 0.32618856837606836 0.033453525641025675 0.037793803418803465
0 0.2862649936868687 0.9522674663299663 0.024060921717171713 0.03149200336700346
0 0.192578125 0.9270833333333334 0.02578125 0.03958333333333333
0 0.21180798368298367 0.9236511752136752 0.01672494172494172 0.027697649572649634
0 0.1429286858974359 0.7463942307692307 0.017027243589743613 0.02537393162393163
0 0.252587890625 0.16510416666666666 0.02119140625 0.03177083333333333
0 0.1083733974358975 0.83772702991453 0.03806089743589745 0.04837072649572652
0 0.4458032852564102 0.2836004273504274 0.0402844551282052 0.04818376068376076
0 0.6557091346153847 0.4568643162393163 0.047155448717948814 0.05689102564102573
1 0.6547475961538463 0.6486912393162393 0.029046474358974273 0.06586538461538467
3 0.5003498621049494 0.7027321233353211 0.030186903697078105 0.039545443251838466
3 0.46708430458430455 0.9034066627816628 0.0270056332556333 0.036621017871017854
3 0.9122195512820515 0.9888221153846153 0.026923076923076827 0.021447649572649514
0 0.6167083612850328 0.8162216134963228 0.020035312313655407 0.03543467998409847
0 0.8262920673076923 0.8230769230769232 0.03852163461538467 0.03717948717948711
0 0.44574318910256416 0.13457532051282053 0.025701121794871717 0.03373397435897439
1 0.5304790695415695 0.9062852078477078 0.027182886557886567 0.049803321678321785
0 0.5156951121794873 0.5490117521367522 0.02269631410256414 0.030181623931623845
0 0.8707532051282051 0.4557291666666667 0.0234375 0.030208333333333334
0 0.8266043851981351 0.29955403392903396 0.01661446192696179 0.021683177933177925
