1 0.1791666666666667 0.746394230769231 0.038701923076923085 0.0868055555555556
0 0.508994391025641 0.8727163461538462 0.038100961538461674 0.05317841880341886
0 0.6250100160256411 0.6769497863247864 0.044451121794871894 0.05475427350427348
0 0.30249399038461544 0.02029914529914532 0.04969951923076921 0.04059829059829064
0 0.093359375 0.5432291666666667 0.05078125 0.06770833333333333
1 0.14536258012820516 0.5888621794871796 0.0639623397435897 0.102724358974359
1 0.8460136217948719 0.4190972222222223 0.04915865384615383 0.08167735042735048
1 0.8166266025641026 0.09130608974358977 0.07387820512820512 0.07219551282051287
3 0.5986578525641025 0.4098023504273504 0.06310096153846159 0.09492521367521374
3 0.63984375 0.3953125 0.0296875 0.046875
2 0.905078125 0.1171875 0.07890625 0.12604166666666666
