0 0.51796875 0.10052083333333334 0.0453125 0.065625
0 0.691796875 0.725 0.03046875 0.041666666666666664
1 0.69140625 0.34739583333333335 0.053125 0.05520833333333333
1 0.428515625 0.12135416666666667 0.04765625 0.071875
1 0.36371193910256416 0.2737179487179488 0.06023637820512824 0.05993589743589751
1 0.2796875 0.3619791666666667 0.059375 0.115625
1 0.180078125 0.5682291666666667 0.03671875 0.06979166666666667
1 0.6059495192307692 0.49126602564102567 0.052524038461538504 0.057532051282051334
2 0.917578125 0.7296875 0.06953125 0.09895833333333333
2 0.9484375 0.0765625 0.0828125 0.09895833333333333
2 0.827734375 0.19322916666666667 0.08984375 0.11145833333333334
2 0.50390625 0.3609375 0.0828125 0.10520833333333333
2 0.358984375 0.75625 0.04609375 0.09375
2 0.32109375 0.9005208333333333 0.09375 0.090625
2 0.22734375 0.6114583333333333 0.0765625 0.09375
2 0.10289463141025643 0.4324519230769231 0.10110176282051286 0.1190705128205129
2 0.0658854166666667 0.2586805555555556 0.11302083333333339 0.10069444444444452
2 0.265625 0.109375 0.0765625 0.09791666666666667
2 0.128515625 0.859375 0.05859375 0.10625
2 0.041015625 0.7817708333333333 0.08203125 0.06354166666666666
2 0.23125 0.7583333333333333 0.075 0.09791666666666667
2 0.805078125 0.6947916666666667 0.05703125 0.11041666666666666
1 0.890625 0.4109375 0.0625 0.09895833333333333
1 0.62265625 0.6625 0.046875 0.06666666666666667
1 0.696875 0.6072916666666667 0.05 0.07291666666666667
1 0.5062600160256411 0.7116720085470086 0.05158253205128212 0.07879273504273504
2 0.655078125 0.4375 0.03828125 0.07708333333333334
2 0.433203125 0.546875 0.10703125 0.10208333333333333
0 0.320703125 0.5151041666666667 0.02109375 0.028125
0 0.4682191506410257 0.7678952991452993 0.021494391025641147 0.030448717948717886
1 0.8640625 0.3203125 0.0578125 0.07395833333333333
1 0.0890625 0.20364583333333333 0.05625 0.08645833333333333
