1 0.7372121710526315 0.265078863022942 0.04860197368421053 0.05098262483130901
1 0.1520970394736842 0.10545504385964911 0.05106907894736841 0.058826754385964894
1 0.09146371035762482 0.35974119995501574 0.058848895074224014 0.061219354475933345
1 0.3650240384615385 0.5825721153846153 0.06057692307692304 0.06722756410256411
1 0.633532072368421 0.6074561403508771 0.056126644736842035 0.033991228070175454
1 0.6868552842442645 0.6991424876293296 0.03665127361673406 0.06224134053081419
1 0.7443462171052632 0.9470240103463787 0.048725328947368494 0.04454847053531263
1 0.33404605263157894 0.6661184210526315 0.03832236842105256 0.06030701754385959
1 0.12033305921052631 0.9243695175438595 0.05538651315789474 0.054769736842105135
1 0.27183388157894733 0.8380208333333333 0.06241776315789473 0.07395833333333321
1 0.054173519736842105 0.6392466542959964 0.05037006578947367 0.06141897210976156
0 0.88238525390625 0.13736165364583333 0.0333251953125 0.0538899739583333
0 0.949267578125 0.04673665364583333 0.016748046875 0.021923828124999985
0 0.944140625 0.21458333333333332 0.02109375 0.03125
0 0.97109375 0.19375 0.0453125 0.04791666666666667
0 0.928125 0.3260416666666667 0.0296875 0.041666666666666664
0 0.7696814903846154 0.7806623931623932 0.03155048076923084 0.051175213675213625
0 0.6231689453125 0.16114095052083333 0.03173828125 0.045393880208333307
2 0.42497527293669873 0.19438080094818375 0.0814459385016025 0.09121886685363242
2 0.5359882555509868 0.17567757534862802 0.05717387952302637 0.07517993702204225
2 0.6528108130904183 0.2672598306413068 0.07266784750337374 0.08828735626124604
2 0.274609375 0.7104166666666667 0.08671875 0.1
2 0.39590344551282053 0.8216479700854701 0.06223958333333326 0.09121260683760693
2 0.5271381578947368 0.6036184210526315 0.0682565789473684 0.07894736842105263
2 0.567578125 0.6453125 0.06640625 0.078125
2 0.9461550981570515 0.5532157702323718 0.05593199118589727 0.07179111578525645
2 0.5216282894736842 0.7550986842105263 0.062006578947368406 0.06063596491228071
2 0.5559895833333334 0.8201754385964911 0.0598958333333333 0.11074561403508779
2 0.14516858552631579 0.1957785087719298 0.05505756578947367 0.07993421052631579
2 0.18153782894736842 0.3270285087719298 0.05962171052631578 0.06743421052631575
1 0.8034423828125 0.4891545222355769 0.03984375 0.06156725761217944
1 0.06085526315789473 0.09265350877192982 0.04523026315789473 0.07675438596491227
1 0.02308799342105263 0.4521381578947368 0.03523848684210526 0.05405701754385959
3 0.4128605769230769 0.7003205128205129 0.02804487179487185 0.040064102564102554
3 0.7205084385016025 0.6068440755208333 0.01650265424679489 0.021500651041666666
3 0.88775634765625 0.7170979817708333 0.0164794921875 0.022347005208333333
3 0.6989309210526315 0.7594024122807017 0.013322368421052656 0.01847587719298242
0 0.5967310855263157 0.5618969298245614 0.022820723684210443 0.030811403508771918
1 0.8785400390625 0.3122314453125 0.054443359375 0.055712890625
