0 0.37687555407801415 0.17860889479905437 0.01409020390070923 0.019259751773049623
0 0.2718943927304965 0.199822695035461 0.023476285460992896 0.0329787234042553
0 0.19858141447368421 0.29470942982456144 0.01237664473684208 0.018037280701754397
0 0.17228618421052633 0.32365679824561405 0.020559210526315774 0.02812499999999994
0 0.051171875 0.18645833333333334 0.03359375 0.03958333333333333
0 0.7108904033687943 0.09009677895981086 0.022035682624113484 0.030799349881796667
0 0.5813331117021276 0.14703383569739953 0.025166223404255294 0.033651004728132365
0 0.44921875 0.12447916666666667 0.0203125 0.026041666666666668
0 0.9873836436170214 0.046476063829787216 0.025631648936170138 0.03234338061465718
0 0.9484873670212768 0.02647384751773048 0.0342752659574467 0.038364361702127626
0 0.9885555186170212 0.15433658392434987 0.021326462765957465 0.05302895981087466
0 0.975390625 0.4640625 0.03984375 0.06979166666666667
0 0.928515625 0.4588541666666667 0.02890625 0.036458333333333336
0 0.7836879432624114 0.28527630023640665 0.03490691489361701 0.04971926713947988
0 0.8863890735815604 0.6241319444444444 0.018999335106382985 0.023603723404255324
0 0.9321115913120567 0.6880171394799054 0.03836990248226968 0.05245271867612296
0 0.6581227836879433 0.5500627955082742 0.020079787234042534 0.028420508274231673
0 0.6130900930851064 0.778198877068558 0.020384530141843982 0.02575354609929074
0 0.57109375 0.7229166666666667 0.0203125 0.022916666666666665
0 0.5515625 0.7103021572104019 0.025 0.026100768321513
0 0.5131597790507365 0.5526800327332242 0.02908994817239492 0.031482996908528925
0 0.4171653368794326 0.6917109929078014 0.01994680851063828 0.028812056737588656
0 0.19646221187943264 0.5200797872340426 0.03249667553191484 0.044060283687943166
0 0.300462655141844 0.8500147754137116 0.021747562056737557 0.029875886524822686
0 0.24691378546099294 0.9300975177304965 0.021354166666666653 0.027807328605200965
0 0.037109375 0.5578125 0.03515625 0.04479166666666667
0 0.22388353280141846 0.45343158983451537 0.022345966312056785 0.029499113475177315
0 0.2476313164893617 0.49738844562647755 0.03321697695035462 0.05102689125295505
0 0.5952266179078014 0.42815824468085106 0.023974955673758912 0.0358229905437352
0 0.7104859264184398 0.404794621749409 0.03503435283687946 0.04708924349881792
0 0.03203125 0.3203125 0.034375 0.053125
2 0.16827967300872887 0.12792581605746497 0.05783338447899615 0.10141787143116929
2 0.416298204787234 0.06921911938534278 0.056033909574468056 0.06781176122931445
2 0.380859375 0.10416666666666667 0.07734375 0.08125
2 0.68671875 0.22239583333333332 0.0828125 0.09479166666666666
2 0.38123060726950353 0.4819629137115839 0.04527371453900706 0.09074320330969267
2 0.5609070257092199 0.6294104609929079 0.06712655141843973 0.09726654846335699
2 0.09921875 0.3182291666666667 0.0421875 0.10520833333333333
2 0.027734375 0.6854166666666667 0.05546875 0.05625
2 0.503515625 0.7541666666666667 0.06171875 0.0625
1 0.6104277482269505 0.7490083424258956 0.04898049645390072 0.04128591562102197
1 0.5813802083333334 0.7609264184397163 0.0325520833333333 0.06768617021276598
1 0.42158964982269503 0.7991578014184397 0.050991799645390044 0.03998226950354607
1 0.38460771276595745 0.8257978723404255 0.040159574468085116 0.05023640661938546
1 0.4679881427304965 0.18209589243498817 0.09117353723404253 0.0684323286052009
1 0.5464871453900709 0.17318262411347518 0.036125886524822716 0.040455082742316746
1 0.8395029920212765 0.12210032505910166 0.03409242021276597 0.07760786052009455
1 0.888098404255319 0.17799571513002366 0.03539450354609937 0.06776743498817964
1 0.9380707003546099 0.12207077423167849 0.036425088652482174 0.05698138297872339
1 0.94591367464539 0.5868018617021277 0.06617353723404254 0.08939864066193857
1 0.7352199689716312 0.762747488179669 0.062029033687943345 0.08075502364066196
1 0.74296875 0.8223958333333333 0.059375 0.059375
1 0.8369071365248228 0.9046653368794326 0.04493572695035457 0.04691932624113472
1 0.8866744237588653 0.8106846131114748 0.03948359929078009 0.05091209765411892
1 0.836150820035461 0.45050975177304964 0.036364140070921994 0.05760933806146576
0 0.56015625 0.14270833333333333 0.021875 0.029166666666666667
0 0.2591783023049645 0.19702644799054372 0.01758089539007095 0.02053043735224588
0 0.6024711879432625 0.10254137115839243 0.01724290780141846 0.023640661938534254
1 0.646658909574468 0.09642434988179668 0.02306072695035466 0.04326241134751771
1 0.7410571808510639 0.6176225222767775 0.03705673758865258 0.049920440080014575
1 0.4448692375886525 0.48605200945626476 0.03213652482269502 0.03823877068557919
1 0.048046875 0.865625 0.04921875 0.058333333333333334
0 0.9158521719858156 0.17689494680851062 0.022129875886524885 0.0418956855791962
0 0.9227721801691218 0.2582188238770685 0.022695887888707134 0.027002068557919638
0 0.835546875 0.0546875 0.04296875 0.059375
0 0.8253823138297873 0.13391696217494087 0.01800753546099294 0.02737884160756498
0 0.5616162455673759 0.3157912234042553 0.041328679078014206 0.0537012411347518
1 0.7462211879432624 0.3635601359338061 0.04556737588652489 0.05420360520094558
1 0.5339428191489362 0.4117944739952718 0.033510638297872306 0.06411790780141846
1 0.8056155806737589 0.7522606382978724 0.04091866134751783 0.06285460992907801
0 0.7965730274822695 0.7139479905437353 0.023542774822695112 0.030437352245862925
0 0.9076601285460992 0.9788674645390072 0.026867242907801448 0.04018173758865243
0 0.5830424423758865 0.8610446217494089 0.023686835106382986 0.030599881796690317
2 0.22332668439716316 0.8540410756501181 0.05079787234042547 0.06762706855791964
3 0.3186266447368421 0.3826480263157895 0.03544407894736836 0.046107456140350854
3 0.5537455673758865 0.5617157665030006 0.028257978723404253 0.03477905073649765
3 0.2825324774959084 0.108296110656483 0.03766110883797054 0.044637093107837776
3 0.14685444078947368 0.2570175438596491 0.038527960526315776 0.04298245614035086
3 0.8355366458674304 0.8111577104928168 0.02761908415166392 0.02928032369521733
3 0.9816295434397162 0.8740140252773231 0.03517841312056742 0.049844289870885676
0 0.32521609042553196 0.9254100177304966 0.020999556737588642 0.032749704491725734
0 0.78359375 0.8666666666666667 0.040625 0.05625
0 0.5811419547872341 0.9031545508274232 0.03441378546099285 0.046232269503546065
0 0.6242492242907802 0.5556035756501181 0.027986480496453935 0.03063682033096917
0 0.7660239361702128 0.5396461288416075 0.04031471631205674 0.049253841607565005
1 0.6775820035460993 0.4132904846335697 0.03989361702127665 0.05669326241134745
1 0.22499722960992904 0.9734596631205673 0.05227726063829787 0.042664007092198614
1 0.2085826684397163 0.7850325059101654 0.04050310283687943 0.06474586288416072
1 0.89453125 0.5255208333333333 0.0359375 0.051041666666666666
1 0.8682596409574469 0.5608894799054374 0.04004321808510643 0.07177895981087469
1 0.8973071808510639 0.714454048463357 0.039273049645390225 0.0512928486997635
1 0.727803634751773 0.9618388002364067 0.052482269503546154 0.05340573286052006
0 0.9318761081560284 0.9816452423167848 0.017785904255319097 0.025184692671394872
0 0.8432749846563012 0.9595227541371159 0.024332122885979322 0.02953605200945629
1 0.42058122783687946 0.3609079491725768 0.04635970744680851 0.044732565011820276
0 0.3607380319148937 0.13552748226950354 0.028634751773049638 0.04041075650118202
0 0.409375 0.10677083333333333 0.0234375 0.03229166666666667
0 0.063671875 0.26927083333333335 0.03671875 0.042708333333333334
0 0.014453125 0.7348958333333333 0.02890625 0.046875
0 0.7227171985815604 0.03854905437352244 0.027194148936170226 0.04228723404255316
0 0.5427360372340425 0.955223108747045 0.02146498226950353 0.02631501182033086
