2 0.4142441860465116 0.13639777131782946 0.06976744186046516 0.09663275193798453
2 0.33671875 0.1140625 0.096875 0.128125
2 0.4165970203488373 0.42513323643410855 0.0932231104651163 0.12235949612403102
2 0.5481670673076923 0.6524305555555556 0.07293669871794872 0.089102564102564
2 0.779412641621944 0.6570720905386603 0.09070233303518176 0.12723178791492748
2 0.8743990384615385 0.8580395299145299 0.09254807692307701 0.09642094017094015
2 0.9767227564102564 0.7392094017094017 0.04499198717948723 0.09513888888888893
2 0.8795782554412641 0.3226666542436892 0.12325534809183054 0.1274380093420791
2 0.7067522321428571 0.2955830627705628 0.09319196428571423 0.1109172077922078
2 0.22047135882528326 0.40071463178294575 0.10756745676803811 0.1639292635658915
2 0.061582485465116264 0.5001574612403101 0.10285247093023253 0.15641957364341094
2 0.5129632994186046 0.12917877906976744 0.12123909883720936 0.1340843023255814
1 0.5276980377906977 0.20984738372093023 0.0590661337209303 0.04421027131782947
1 0.10121729651162789 0.30083575581395355 0.03630087209302322 0.05118701550387599
1 0.09140625 0.7713541666666667 0.0625 0.08645833333333333
1 0.10217633928571432 0.8632097069597069 0.09029017857142863 0.10290750915750925
0 0.502498183139535 0.43834041443053073 0.03134084302325579 0.0487067680381634
0 0.048964389534883704 0.4067466085271318 0.045421511627906974 0.055256782945736424
0 0.22519985465116274 0.3363856589147287 0.02452761627906974 0.03459302325581396
0 0.6216045673076923 0.9826655982905983 0.04725560897435912 0.035844017094017036
2 0.7759815705128206 0.9287526709401709 0.06602564102564105 0.08133012820512822
2 0.5490868506493507 0.3272321428571428 0.05442370129870131 0.10386904761904762
2 0.5716320531454979 0.41970687984496124 0.10019519603458563 0.09566375968992245
