0 0.5953125 0.06197916666666667 0.0359375 0.04479166666666667
0 0.090234375 0.11197916666666667 0.03984375 0.057291666666666664
0 0.32376802884615385 0.4529246794871795 0.04196714743589749 0.05408653846153856
0 0.4698217147435898 0.6978098290598292 0.04032451923076934 0.05844017094017093
0 0.801584201388889 0.9127337072649573 0.043532986111110894 0.06284277065527064
1 0.913671875 0.39739583333333334 0.04765625 0.06145833333333333
1 0.315625 0.18802083333333333 0.0578125 0.053125
1 0.8366803552350426 0.8182625534188034 0.04929553952991465 0.06370637464387449
1 0.5986578525641026 0.7653311965811966 0.05909455128205128 0.08098290598290608
2 0.7106270032051282 0.3864850427350428 0.09156650641025639 0.11217948717948717
2 0.22858573717948721 0.9211137820512821 0.0540464743589744 0.0943643162393163
2 0.8108940972222222 0.15882745726495726 0.06397569444444447 0.07123397435897433
1 0.38631810897435903 0.7987847222222223 0.04907852564102568 0.062152777777777855
1 0.5960286458333334 0.21625267094017095 0.03580729166666661 0.05200320512820517
1 0.126953125 0.06770833333333333 0.03984375 0.06666666666666667
0 0.9801866319444443 0.5457465277777778 0.029210069444444643 0.04160879629629619
0 0.5615484775641025 0.48154380341880343 0.0371594551282052 0.04225427350427354
