3 0.5856370192307694 0.7563568376068377 0.05308493589743586 0.06688034188034196
3 0.7279747596153847 0.8245192307692307 0.06288060897435913 0.08012820512820511
3 0.5066606570512822 0.8792735042735043 0.03675881410256414 0.05341880341880341
3 0.49478165064102575 0.894644764957265 0.027624198717948634 0.04137286324786326
3 0.26615584935897435 0.7831196581196581 0.026983173076923085 0.037393162393162524
3 0.31418269230769236 0.4951388888888889 0.035096153846153874 0.04711538461538473
0 0.13175080128205127 0.16844284188034192 0.031370192307692335 0.04345619658119662
0 0.2872696314102564 0.6210603632478633 0.03884214743589749 0.05435363247863248
0 0.3497896634615385 0.7629674145299146 0.04601362179487185 0.06167200854700863
0 0.9815905448717949 0.3911591880341881 0.03770032051282044 0.060096153846153834
0 0.3254306891025641 0.1415998931623932 0.04865785256410256 0.06509081196581201
0 0.12180488782051282 0.4836271367521368 0.06015625 0.08333333333333333
1 0.7230869391025642 0.12459935897435899 0.04461137820512828 0.06169871794871797
1 0.20970552884615384 0.16844284188034192 0.03972355769230771 0.052697649572649545
0 0.298818108974359 0.3831463675213676 0.025761217948717975 0.03605769230769233
0 0.4849759615384615 0.8308894230769232 0.044070512820512865 0.05280448717948711
