3 0.5723357371794873 0.2764957264957265 0.08657852564102556 0.12382478632478637
2 0.3377403846153847 0.8786057692307693 0.09615384615384612 0.15625
2 0.6928084935897436 0.08798076923076925 0.0911458333333333 0.1482905982905983
2 0.2716346153846154 0.43522970085470086 0.10817307692307696 0.1375534188034188
1 0.9056189903846157 0.684468482905983 0.06215945512820529 0.11717414529914537
1 0.5624298878205128 0.5690972222222221 0.049419070512820615 0.08883547008547019
0 0.8411057692307693 0.4289930555555556 0.04695512820512828 0.06455662393162397
0 0.087890625 0.8635416666666667 0.05703125 0.05625
0 0.044140625 0.3703125 0.03984375 0.053125
1 0.09765625 0.3229166666666667 0.0671875 0.07291666666666667
1 0.3623697916666667 0.060536858974359 0.06292067307692313 0.08565705128205134
0 0.4754807692307693 0.940758547008547 0.06907051282051287 0.07467948717948722
0 0.09761618589743593 0.788127670940171 0.07960737179487185 0.10082799145299136
0 0.7221053685897436 0.9052083333333333 0.08663862179487189 0.11907051282051277
0 0.54765625 0.96875 0.059375 0.06041666666666667
