0 0.6215044070512821 0.2513621794871795 0.03944310897435903 0.055608974358974335
0 0.7303886217948719 0.560763888888889 0.042027243589743614 0.057425213675213624
0 0.4854767628205129 0.4586004273504274 0.03705929487179489 0.04807692307692305
1 0.7263621794871795 0.186832264957265 0.038060897435897446 0.06543803418803419
1 0.4168669871794872 0.6415598290598291 0.04407051282051282 0.07478632478632481
1 0.11613581730769229 0.6061832264957265 0.04657451923076934 0.08143696581196581
2 0.2495793269230769 0.6612179487179487 0.07415865384615387 0.09006410256410255
2 0.41813902243589746 0.3450988247863248 0.07758413461538467 0.08010149572649575
2 0.9243890224358975 0.7188167735042735 0.08070913461538468 0.07251602564102567
2 0.899609375 0.8264690170940171 0.05546875 0.06666666666666667
0 0.283203125 0.6723958333333333 0.03359375 0.03854166666666667
0 0.609755608974359 0.018963675213675237 0.028886217948717974 0.03792735042735047
0 0.550390625 0.5286458333333334 0.02578125 0.036458333333333336
1 0.10486778846153848 0.4135149572649573 0.08513621794871792 0.09017094017094027
1 0.21354166666666669 0.430982905982906 0.06610576923076925 0.08194444444444453
1 0.5192608173076924 0.507144764957265 0.05054086538461533 0.08720619658119659
1 0.6894731570512821 0.8525507478632479 0.05775240384615392 0.08549679487179501
1 0.8495592948717949 0.8071581196581197 0.054086538461538505 0.06677350427350426
1 0.4941005608974359 0.6934962606837606 0.04385016025641031 0.05638354700854708
