2 0.7192708333333334 0.12165178571428571 0.07782738095238093 0.09201388888888888
2 0.6284583905677656 0.2822134462759463 0.06451179029304015 0.12604929792429784
2 0.491015625 0.3572916666666667 0.09921875 0.10416666666666667
2 0.4675654217479675 0.09969674611129671 0.07731834349593499 0.11995582284589967
2 0.04963812720298573 0.507291162715691 0.08335935880157583 0.0994113852604419
2 0.261564217032967 0.46472260378510377 0.08103823260073258 0.11817384004883996
2 0.14437911979922596 0.7745398927592324 0.0722193245041122 0.11865525721657803
2 0.191796875 0.1765625 0.07265625 0.09895833333333333
2 0.2774839743589744 0.21469017094017095 0.09046474358974362 0.10053418803418808
2 0.9348056891025642 0.501923076923077 0.08992387820512829 0.10833333333333339
2 0.7205066782810685 0.2586382113821138 0.07702526132404178 0.09400406504065038
2 0.8464285714285713 0.2987103174603175 0.05744047619047628 0.08115079365079361
2 0.7118389423076923 0.6716079059829061 0.05508814102564106 0.07077991452991447
1 0.5374098557692308 0.9126602564102565 0.045372596153846256 0.06677350427350438
1 0.8809895833333332 0.2390625 0.04010416666666661 0.06145833333333333
0 0.9421130952380953 0.9049107142857143 0.03452380952380949 0.04732142857142859
0 0.974609375 0.9755208333333333 0.03359375 0.046875
0 0.9883669969512194 0.29688346883468836 0.021703506097560953 0.060399728997289986
3 0.7386528201219512 0.021227134146341455 0.029134908536585336 0.035289634146341446
0 0.21811755952380948 0.8049107142857143 0.01912202380952377 0.025099206349206326
0 0.7704026442307692 0.442454594017094 0.0361177884615385 0.05098824786324793
1 0.41674107142857136 0.4391826923076923 0.041517857142857204 0.046237789987790025
2 0.740625 0.938969017094017 0.05961538461538467 0.08360042735042737
0 0.78984375 0.8786458333333333 0.028125 0.034375
1 0.8000247104354605 0.5969192985199083 0.06280627018598954 0.06257165937043989
3 0.9261371853502188 0.40259569783197835 0.02907725531582237 0.03644139566395659
