1 0.8826585952157598 0.4027989498644986 0.04489622420262655 0.07837906504065036
1 0.521605055894309 0.13953708046695854 0.041647611788617936 0.06921643735668132
1 0.246474358974359 0.16343482905982906 0.040304487179487224 0.08285256410256409
1 0.1032752403846154 0.04755608974358976 0.028225160256410354 0.052857905982906045
1 0.06957717714196374 0.49377540650406504 0.06282735303314572 0.06749661246612462
1 0.47649898373983746 0.9137068089430894 0.0454776422764227 0.08130928184281837
1 0.7358749609130706 0.49839678444861363 0.029774468417761123 0.048091254951011034
1 0.597849974593496 0.6858909214092141 0.040326473577235775 0.05081300813008139
1 0.615234375 0.5864583333333333 0.04921875 0.06666666666666667
1 0.5860677083333334 0.5909054487179487 0.0419270833333333 0.050560897435897444
1 0.1545699949186992 0.8891768292682927 0.03257748983739837 0.05752032520325206
1 0.4252904647435898 0.7290331196581197 0.05526842948717956 0.06810897435897445
1 0.37109375 0.740625 0.040625 0.06666666666666667
1 0.6129319105691057 0.07528794037940377 0.04573170731707323 0.08638211382113821
1 0.6641418953252033 0.3048865176151761 0.03890370934959346 0.08619579945799452
1 0.5463849476235147 0.2843313529289139 0.0657666901188243 0.05900823431311242
1 0.7183689024390244 0.2018970189701897 0.05081300813008127 0.04827235772357721
1 0.8462906504065041 0.15919715447154473 0.03633130081300813 0.05745257452574523
1 0.6715828252032521 0.8036077235772358 0.065625 0.07621951219512191
2 0.8037982723577237 0.18987290233479256 0.0616107723577235 0.07232059099437148
2 0.43757304369918704 0.4165982645403377 0.06108358739837403 0.08133338544923915
2 0.39086318597560976 0.4128683943089431 0.03858612804878048 0.07217987804878051
2 0.25096544715447155 0.509959349593496 0.05193089430894311 0.07408536585365853
2 0.25221671747967483 0.6294715447154471 0.06236026422764227 0.07686314363143627
2 0.2526263973577236 0.6950457317073171 0.04860899390243904 0.0731537940379404
1 0.40408727134146344 0.4631055216802168 0.03405106707317067 0.08479844173441732
0 0.6958206300813009 0.4388452418178028 0.03620426829268295 0.040161819887429576
0 0.7326068050343965 0.06837997706900145 0.03504045497185739 0.05954763393787783
0 0.3076923076923077 0.020966880341880365 0.038060897435897446 0.04193376068376073
0 0.33408453525641024 0.2370192307692308 0.03135016025641026 0.0478632478632479
0 0.2827123397435898 0.3463808760683761 0.027924679487179516 0.042654914529914476
0 0.24445503048780487 0.9027862466124662 0.03921493902439024 0.04723915989159894
0 0.2416793699186992 0.9755250677506775 0.01969004065040649 0.02371273712737126
0 0.07961763211382114 0.9528963414634146 0.014799288617886186 0.01985094850948504
0 0.3505684705284553 0.7983274051490514 0.031675558943089446 0.05290481029810294
0 0.8604325457317075 0.8693131775067751 0.03726498983739841 0.043047086720867135
0 0.015771484375 0.23080261752136752 0.02021484375 0.030582264957264935
0 0.30980193309294873 0.18409455128205127 0.012232071314102555 0.017227564102564083
1 0.9234375 0.013541666666666667 0.0390625 0.027083333333333334
1 0.4034555288461538 0.02735042735042737 0.03928285256410251 0.055876068376068413
0 0.6126412015322076 0.5373899051490515 0.04515028924327717 0.05022018970189705
1 0.32932252579737337 0.6289718834688346 0.04638543621013134 0.05794376693766937
3 0.9757099163539713 0.38197017667292055 0.023066174171357014 0.033654497602668344
3 0.85635162601626 0.021227134146341455 0.02510162601626025 0.03359586720867207
1 0.2484375 0.39739583333333334 0.0390625 0.042708333333333334
0 0.35390625 0.5135416666666667 0.021875 0.027083333333333334
1 0.6981262703252032 0.29058689024390244 0.04937754065040654 0.05720697831978316
0 0.146533203125 0.2501302083333333 0.02255859375 0.02890625
0 0.559375 0.7395833333333334 0.0421875 0.058333333333333334
