1 0.7530393835616438 0.07753281963470318 0.050171232876712234 0.05298230593607303
1 0.88671875 0.2046875 0.040625 0.059375
1 0.5375321061643836 0.044456335616438344 0.04051797945205484 0.05349600456621002
1 0.4266927083333334 0.0949652777777778 0.042447916666666696 0.04618055555555561
1 0.309765625 0.1921875 0.04140625 0.071875
1 0.374589342948718 0.6520299145299144 0.0372796474358974 0.05982905982905985
2 0.94296875 0.3177083333333333 0.090625 0.12916666666666668
2 0.8830729166666668 0.5607638888888888 0.06979166666666661 0.14409722222222227
2 0.76171875 0.6755208333333333 0.084375 0.12604166666666666
2 0.572265625 0.7791666666666667 0.10546875 0.1875
2 0.28932291666666665 0.9145833333333333 0.09322916666666661 0.1625
2 0.08658854166666667 0.4777777777777778 0.09869791666666666 0.1305555555555556
2 0.11953125 0.3453125 0.075 0.109375
2 0.29296875 0.359375 0.0734375 0.08958333333333333
2 0.8078125 0.340625 0.084375 0.13125
2 0.03125 0.171875 0.0625 0.10833333333333334
2 0.08512620192307693 0.9678285256410256 0.09056490384615387 0.06225961538461533
2 0.463671875 0.5572916666666666 0.07421875 0.10208333333333333
0 0.955078125 0.016666666666666666 0.04140625 0.03333333333333333
0 0.847265625 0.2526041666666667 0.03828125 0.04895833333333333
0 0.798046875 0.4395833333333333 0.04921875 0.05416666666666667
0 0.21640625 0.8177083333333334 0.0265625 0.035416666666666666
0 0.19700520833333332 0.9869791666666666 0.019531249999999955 0.02673611111111119
0 0.11957131410256412 0.8743055555555556 0.027684294871794933 0.0375
0 0.690625 0.8458333333333333 0.0390625 0.05
0 0.71484375 0.7364583333333333 0.0296875 0.052083333333333336
0 0.921484375 0.9848958333333333 0.04453125 0.028125
1 0.880859375 0.8770833333333333 0.07578125 0.07916666666666666
0 0.42180488782051284 0.19810363247863247 0.02017227564102573 0.029540598290598328
0 0.539453125 0.24166666666666667 0.02734375 0.03125
1 0.55 0.284375 0.053125 0.06458333333333334
1 0.596484375 0.37083333333333335 0.05859375 0.05625
2 0.6524982829670329 0.3961366758241758 0.09249656593406588 0.0776900183150183
1 0.196484375 0.29375 0.05078125 0.07708333333333334
1 0.236328125 0.6567708333333333 0.05703125 0.109375
1 0.17239583333333333 0.5862847222222222 0.03541666666666665 0.04687500000000012
0 0.1390625 0.04114583333333333 0.0203125 0.028125
0 0.14375 0.2682291666666667 0.025 0.036458333333333336
2 0.8633240582191781 0.1293735730593607 0.05460188356164384 0.060602168949771655
