1 0.5118189102564102 0.19244123931623935 0.060496794871794976 0.040865384615384644
1 0.30911458333333336 0.171474358974359 0.03922275641025639 0.06410256410256411
1 0.5435697115384617 0.6928819444444445 0.047075320512820526 0.08966346153846168
1 0.8129006410256412 0.2544738247863248 0.04727564102564106 0.05301816239316244
2 0.3328325320512821 0.3797142094017094 0.057892628205128235 0.09366987179487189
2 0.17279647435897438 0.39174679487179487 0.05544871794871793 0.09631410256410268
1 0.8641326121794872 0.5629540598290599 0.04517227564102555 0.07174145299145304
1 0.8421173878205128 0.44977297008547007 0.04092548076923084 0.09244123931623935
1 0.40715144230769235 0.028979700854700877 0.08553685897435911 0.05795940170940175
0 0.05227363782051284 0.47171474358974363 0.05610977564102569 0.0672542735042736
1 0.3139923878205128 0.8183092948717949 0.07153445512820511 0.08453525641025644
