0 0.114453125 0.1546875 0.04609375 0.059375
0 0.8440204326923079 0.178125 0.04765625 0.06458333333333334
0 0.683984375 0.2713541666666667 0.04921875 0.059375
0 0.5795973557692309 0.4986912393162393 0.045132211538461586 0.05870726495726502
0 0.39570312500000004 0.9322172619047618 0.04564732142857144 0.05520833333333333
0 0.321484375 0.8182291666666667 0.04140625 0.05520833333333333
0 0.723046875 0.78125 0.04609375 0.06041666666666667
0 0.32578125 0.0125 0.03125 0.025
0 0.26171875 0.9552083333333333 0.0484375 0.058333333333333334
0 0.7042467948717949 0.5012152777777777 0.05224358974358978 0.06701388888888893
0 0.184765625 0.3703125 0.05234375 0.071875
1 0.255859375 0.20052083333333334 0.05078125 0.09270833333333334
1 0.5520532852564102 0.05236378205128208 0.06816907051282053 0.08597756410256416
1 0.6591346153846154 0.33040865384615387 0.059855769230769164 0.05873397435897439
1 0.37719350961538467 0.4122061965811966 0.055308493589743615 0.06340811965811971
1 0.14411057692307694 0.6044871794871796 0.04671474358974366 0.0661324786324787
1 0.5240384615384616 0.7729834401709401 0.060096153846153834 0.08971688034188041
1 0.6415464743589744 0.7208333333333333 0.0634615384615385 0.07916666666666666
1 0.6914863782051283 0.6148904914529915 0.04571314102564115 0.0693643162393163
1 0.451953125 0.7458333333333333 0.05703125 0.05
0 0.125 0.9536458333333333 0.059375 0.078125
0 0.7109375 0.14739583333333334 0.03125 0.051041666666666666
1 0.448828125 0.2375 0.05078125 0.07291666666666667
0 0.099609375 0.7942708333333334 0.06015625 0.07604166666666666
0 0.336328125 0.9630208333333333 0.08046875 0.071875
0 0.5175223214285715 0.9875744047619047 0.06316964285714288 0.022767857142857176
0 0.744140625 0.8041666666666667 0.06484375 0.08125
0 0.42990785256410263 0.6440438034188034 0.0265625 0.035416666666666666
