0 0.11910056089743593 0.3358306623931624 0.04348958333333327 0.06391559829059841
0 0.16640625 0.38229166666666664 0.05 0.06041666666666667
0 0.25 0.6244791666666667 0.0546875 0.071875
0 0.2245192307692308 0.8232238247863248 0.05216346153846159 0.0693643162393163
0 0.354296875 0.94375 0.05703125 0.08125
0 0.04375 0.32708333333333334 0.0625 0.07916666666666666
0 0.64140625 0.13229166666666667 0.0453125 0.0625
0 0.8001502403846154 0.27081997863247864 0.046734775641025725 0.05771901709401715
0 0.950711137820513 0.5525215344551282 0.05210336538461533 0.07345085470085469
0 0.7142720405629139 0.3887762141280353 0.06038389900662242 0.07068156732891827
0 0.6273737980769232 0.3150106837606838 0.06243990384615374 0.08418803418803425
0 0.48915264423076926 0.6361378205128205 0.04973958333333339 0.07227564102564112
0 0.9727357522035256 0.8670673076923078 0.044811698717948725 0.04503205128205122
1 0.399188701923077 0.0450053418803419 0.08543669871794882 0.0900106837606838
1 0.5240384615384617 0.37897970085470084 0.0520833333333333 0.08712606837606843
1 0.8821614583333334 0.4278846153846155 0.06901041666666678 0.08547008547008546
1 0.983984375 0.8807291666666667 0.03046875 0.09479166666666666
1 0.648046875 0.2708333333333333 0.05234375 0.075
0 0.7416752897350993 0.6820743653421634 0.05835057947019866 0.07873206401766003
0 0.8002585593903888 0.6550586014886511 0.043626093139752166 0.07619626280636212
0 0.07869591346153848 0.6629006410256412 0.04332932692307696 0.050801282051282114
1 0.7251267591059603 0.5375 0.05859375 0.07083333333333333
0 0.4794571314102565 0.019484508547008568 0.039082532051282114 0.03955662393162398
0 0.6661630483774038 0.9241475944845086 0.025095778245192248 0.03305246728098285
0 0.9417410986717826 0.6747326309844095 0.04581079727564088 0.05301106770833333
0 0.00703125 0.3385416666666667 0.0140625 0.06666666666666667
