1 0.90078125 0.5552083333333333 0.05 0.07916666666666666
2 0.44637276785714286 0.2705357142857142 0.08493303571428568 0.06607142857142853
2 0.729296875 0.3015625 0.05859375 0.121875
2 0.92578125 0.153125 0.05625 0.08958333333333333
2 0.95859375 0.209375 0.0703125 0.10416666666666667
2 0.841623263888889 0.4805555555555555 0.08081597222222232 0.11527777777777774
2 0.6122796474358975 0.4412393162393163 0.07992788461538466 0.13354700854700857
2 0.596484375 0.7473958333333334 0.11328125 0.159375
2 0.647265625 0.8770833333333333 0.06953125 0.11666666666666667
2 0.14357638888888888 0.7498842592592593 0.06840277777777778 0.1182870370370369
2 0.057421875 0.6052083333333333 0.08359375 0.10833333333333334
2 0.081640625 0.6411458333333333 0.06484375 0.10104166666666667
2 0.3582732371794872 0.25065438034188037 0.07111378205128208 0.1033920940170941
2 0.682421875 0.0359375 0.06171875 0.071875
1 0.45448717948717954 0.16814903846153847 0.05897435897435903 0.04671474358974361
1 0.366015625 0.06875 0.07109375 0.06875
1 0.17412860576923078 0.2711137820512821 0.08143028846153841 0.06514423076923084
1 0.20996594551282052 0.35349893162393164 0.061237980769230746 0.07398504273504282
1 0.46566506410256414 0.6540331196581197 0.06554487179487171 0.08723290598290608
1 0.5221955128205128 0.6059561965811966 0.04375000000000009 0.09257478632478637
1 0.773486328125 0.9746519431089744 0.06083984375 0.048612780448717884
2 0.020703125 0.8911458333333333 0.04140625 0.10520833333333333
1 0.575400641025641 0.04975961538461541 0.06955128205128211 0.09118589743589749
1 0.91171875 0.017708333333333333 0.0703125 0.035416666666666666
2 0.448828125 0.9479166666666666 0.06328125 0.08541666666666667
0 0.578125 0.9515625 0.034375 0.051041666666666666
0 0.18372395833333333 0.49299768518518516 0.03411458333333335 0.04641203703703702
0 0.4125 0.98125 0.040625 0.035416666666666666
0 0.7575921474358974 0.8260683760683761 0.02768429487179489 0.03963675213675219
1 0.8993389423076922 0.761071047008547 0.0625 0.07604166666666666
1 0.229296875 0.4822916666666667 0.09296875 0.11041666666666666
1 0.2858573717948718 0.8227029914529915 0.06370192307692309 0.06506410256410268
1 0.665625 0.2859375 0.0734375 0.071875
0 0.11953125 0.025 0.0265625 0.03333333333333333
