3 0.6716846955128206 0.1748130341880342 0.07530048076923075 0.09481837606837608
3 0.8867387820512821 0.8465544871794872 0.05785256410256423 0.07345085470085475
3 0.40334535256410264 0.3865651709401709 0.05909455128205132 0.07729700854700858
0 0.7176282051282051 0.6181891025641026 0.03750000000000009 0.03872863247863248
0 0.6101963141025641 0.7564102564102565 0.032011217948718064 0.04273504273504282
0 0.36778846153846156 0.5253739316239318 0.04607371794871802 0.05074786324786308
0 0.3101161858974359 0.7409855769230769 0.03922275641025648 0.049545940170940266
0 0.251161858974359 0.3814503205128206 0.04294871794871798 0.060817307692307726
0 0.21504407051282054 0.45659722222222227 0.029046474358974318 0.03605769230769233
0 0.1103766025641026 0.41653311965811973 0.028044871794871796 0.03605769230769233
0 0.40578926282051275 0.21465010683760685 0.042187500000000086 0.052537393162393184
1 0.2928385416666667 0.5839075854700855 0.04973958333333335 0.06989850427350437
