2 0.1943960336538462 0.819017094017094 0.11691706730769238 0.13386752136752142
2 0.38333834134615385 0.38393429487179487 0.08568709935897437 0.12844551282051278
2 0.39188201121794874 0.6474225427350428 0.07350761217948723 0.11380876068376071
2 0.33335837339743596 0.46045673076923077 0.06835937500000004 0.07508012820512823
2 0.1465995592948718 0.10670405982905985 0.12236578525641031 0.14957264957264962
2 0.5512119391025642 0.47462606837606836 0.06784855769230766 0.07745726495726503
2 0.9436728395061728 0.16756687242798354 0.08198302469135807 0.10159465020576129
1 0.790625 0.05416666666666667 0.071875 0.058333333333333334
1 0.06834435096153849 0.9342815170940171 0.04450120192307696 0.043563034188034186
1 0.12565604967948718 0.9815170940170941 0.04005408653846156 0.036217948717948666
1 0.020703125 0.890625 0.04140625 0.08125
2 0.890625 0.9463284465020576 0.078125 0.09275977366255148
3 0.6224522953539823 0.7330567846607668 0.06593611725663706 0.09159292035398241
3 0.4385466746794872 0.502323717948718 0.07332732371794863 0.10619658119658132
3 0.4961488381410256 0.7437767094017095 0.06329126602564106 0.08536324786324781
3 0.1443659855769231 0.2109508547008547 0.09478165064102566 0.13205128205128205
0 0.17123898237179488 0.33330662393162397 0.03602764423076925 0.05427350427350426
0 0.958762538580247 0.2846450617283951 0.04022955246913575 0.04747942386831276
0 0.3011868990384616 0.8618990384615385 0.04456129807692313 0.06012286324786314
3 0.21111278044871798 0.7415064102564102 0.038711939102564076 0.050320512820512774
0 0.4835386618589744 0.10502136752136754 0.048447516025641055 0.060790598290598324
0 0.9558449074074072 0.572608024691358 0.04220679012345681 0.0734053497942386
0 0.5756395188053096 0.8294846976401179 0.026818307522123865 0.04069874631268426
0 0.6951435571250283 0.8193261430678466 0.028407576015429915 0.03704830383480816
0 0.8325135030864198 0.8280557534029757 0.058352623456790195 0.05168763849319404
1 0.6369538163716814 0.4017238200589971 0.0701189159292035 0.08685471976401184
0 0.6819589120370371 0.0707368827160494 0.04213927469135807 0.053485082304526754
0 0.695703125 0.13229166666666667 0.01796875 0.03125
0 0.38606770833333337 0.25527510683760685 0.05608974358974352 0.06343482905982907
0 0.35601462339743595 0.31788194444444445 0.01902043269230762 0.028392094017094038
