0 0.2936698717948718 0.2574385683760684 0.028044871794871806 0.033039529914529894
0 0.06835986121483698 0.22590448925400383 0.027115229026636746 0.02938034188034188
0 0.659375 0.3625 0.0296875 0.03958333333333333
0 0.7062541814475977 0.41192380300390014 0.021047462347523017 0.02950999917019329
0 0.6375 0.2671875 0.0296875 0.040625
0 0.6952323717948719 0.1921741452991453 0.030208333333333393 0.03872863247863245
0 0.7703125 0.018229166666666668 0.021875 0.028125
0 0.731640625 0.0234375 0.02578125 0.030208333333333334
0 0.239453125 0.4897702991452991 0.025781249999999957 0.03295940170940164
0 0.3010216346153846 0.6622596153846154 0.016706730769230748 0.028044871794871775
0 0.32016225961538464 0.6595886752136751 0.023137019230769253 0.03338675213675219
0 0.22888349514563106 0.6738369741100324 0.021875 0.027083333333333334
0 0.22944478155339806 0.7529484067712224 0.023513349514563096 0.031117749564351507
0 0.26421799150485437 0.5641434061488674 0.02374848300970873 0.03453681229773468
0 0.2387894417475728 0.6016029530744337 0.023027912621359236 0.032433252427184554
0 0.12445446695295 0.6004714339059001 0.02263232823002235 0.026605675877520458
0 0.17256902305825245 0.7618493797195254 0.02500758495145632 0.03354234088457394
0 0.07074231391585764 0.7903545348933698 0.022350323624595426 0.02507571985727329
0 0.08403445512820515 0.9068376068376068 0.019431089743589702 0.03034188034188041
0 0.24662566903161567 0.8535244741100324 0.0270763318396813 0.03627629449838198
0 0.534033203125 0.6475667317708333 0.024462890625 0.036083984375
0 0.4367919921875 0.4458352113381411 0.026416015625 0.03590119190705122
0 0.6181962985436893 0.27326051779935273 0.016732402912621413 0.025687702265372182
0 0.8379892293689319 0.8365898058252428 0.022459041262136027 0.030987055016181132
0 0.6156850961538461 0.9420405982905983 0.025040064102564142 0.037393162393162406
0 0.6698384405339806 0.6128792475728155 0.022580400485436858 0.03415250809061495
0 0.28984375 0.016666666666666666 0.0375 0.03333333333333333
0 0.07125770164301719 0.3645016492407269 0.0258705190440627 0.04344815782922578
0 0.823046875 0.013541666666666667 0.03515625 0.027083333333333334
1 0.6717748397435898 0.020819978632478656 0.03505608974358978 0.04222756410256414
1 0.5754284525143142 0.19719356796116508 0.043453992407269215 0.04230380258899681
3 0.7609943871359224 0.3822646979503776 0.029892293689320403 0.03826186623516712
3 0.7373798076923078 0.7110042735042735 0.04206730769230775 0.058760683760683816
3 0.8031812064351506 0.7915279333665256 0.022885159945232658 0.02677423035432748
0 0.8569288531553397 0.8478863268608414 0.012477245145631066 0.023280744336569608
0 0.859962833737864 0.37453712347523027 0.021579186893203862 0.035513131690316155
1 0.319903107107294 0.7837484959754377 0.049696990913617164 0.06284488839100497
1 0.5295175405649039 0.7417073567708333 0.04692195012019225 0.043115234375
3 0.4789522611177885 0.5003286508413461 0.024066631610577004 0.03270858373397433
