1 0.5590945512820513 0.2668669871794872 0.05809294871794872 0.08165064102564105
1 0.3412459935897436 0.610176282051282 0.06911057692307691 0.09214743589743589
1 0.2648637820512821 0.5288327991452991 0.05160256410256414 0.11108440170940165
1 0.14498197115384617 0.4734775641025641 0.0710136217948718 0.09577991452991454
1 0.2992688301282051 0.18008814102564105 0.09697516025641026 0.07892628205128209
1 0.286328125 0.1 0.07265625 0.11041666666666666
2 0.588641826923077 0.16412927350427353 0.06109775641025639 0.07612179487179487
2 0.8565204326923077 0.843883547008547 0.0802283653846155 0.140224358974359
1 0.8901241987179489 0.23624465811965814 0.07111378205128194 0.11618589743589744
0 0.7930188301282051 0.46941773504273504 0.04497195512820511 0.055822649572649576
0 0.26978165064102566 0.27653579059829064 0.04637419871794868 0.0676549145299146
0 0.3076722756410256 0.2931891025641026 0.03409455128205132 0.053044871794871835
0 0.19965945512820513 0.2849225427350428 0.05981570512820515 0.07759081196581198
0 0.173046875 0.403125 0.03984375 0.058333333333333334
0 0.4153345352564103 0.7586538461538462 0.049018429487179424 0.07564102564102566
1 0.4027844551282051 0.4822916666666667 0.0875 0.08333333333333333
1 0.23359375 0.14947916666666666 0.046875 0.109375
