0 0.64296875 0.35109481292517003 0.022098214285714235 0.03250425170068023
0 0.6467633928571429 0.31247874149659866 0.02279974489795906 0.029804421768707456
0 0.5947716346153846 0.3359241452991454 0.018790064102564053 0.026335470085470134
0 0.5324786900419982 0.3764459917477159 0.0211804404288241 0.02799882110226927
0 0.79296875 0.58441091954023 0.034348060344827666 0.04310344827586216
0 0.8466145833333334 0.5921626984126984 0.01436011904761898 0.01904761904761898
0 0.816015625 0.8511904761904763 0.035379464285714236 0.04464285714285718
0 0.8839902052238806 0.37713774875621886 0.02423041044776113 0.032416044776119375
0 0.6641816267730496 0.04553782505910164 0.013502881205673755 0.01944444444444442
0 0.06597940811258278 0.7594784768211921 0.030396316225165552 0.04395695364238416
0 0.06456953642384106 0.48662734547461367 0.01665976821192052 0.023985927152317822
0 0.122265625 0.18229166666666666 0.02109375 0.03333333333333333
0 0.11667167467948718 0.9291266025641025 0.018960336538461565 0.027163461538461556
0 0.1414713541666667 0.9390491452991453 0.012429887820512842 0.016666666666666666
1 0.8614230917616335 0.1696076685660019 0.04586523622981957 0.0666488603988604
1 0.7792920357966004 0.3405922884855469 0.05219542278882168 0.058398756362239485
1 0.8842447916666668 0.5181795634920635 0.04996279761904763 0.06582341269841271
1 0.5393521012931035 0.44540229885057475 0.04589170258620694 0.03627873563218393
1 0.49700456901254775 0.18714823149663573 0.037573308783415096 0.07014798145117292
1 0.3325825576241135 0.11527408392434986 0.037294991134751765 0.07570183215130026
1 0.31829565602836885 0.2635416666666667 0.040625 0.07083333333333333
1 0.4470424107142857 0.41235119047619045 0.06372767857142865 0.0627976190476191
1 0.17689302884615385 0.8969417735042735 0.02722355769230771 0.04746260683760693
1 0.023008765243902468 0.094067581300813 0.046017530487804936 0.07355182926829266
1 0.283203125 0.1125 0.05390625 0.07916666666666666
1 0.4576795212765957 0.03673167848699762 0.04419326241134751 0.05774231678486995
1 0.5613752216312057 0.016548463356973978 0.050675975177304974 0.033096926713947955
1 0.6271484375 0.5417776488358385 0.07504040948275863 0.08885849543177121
1 0.3718800080128205 0.6148504273504274 0.07344751602564106 0.07345085470085475
1 0.28595448369565213 0.5537364130434782 0.0515285326086957 0.08455615942028985
1 0.20577445652173912 0.6124773550724638 0.04904891304347823 0.04379528985507252
1 0.11875 0.875 0.046875 0.06875
1 0.13278145695364235 0.7785906456953643 0.05097268211920532 0.09679221854304625
1 0.6295200892857142 0.9111607142857142 0.051227678571428556 0.055654761904761804
2 0.5736607142857142 0.8787202380952382 0.10267857142857144 0.11458333333333333
2 0.52578125 0.5307291666666667 0.0734375 0.12395833333333334
2 0.4045758928571429 0.4970238095238095 0.05915178571428568 0.10863095238095231
2 0.13024009146341467 0.09239075203252031 0.059832317073170674 0.07436483739837398
1 0.05362042682926832 0.20101626016260163 0.04005335365853664 0.06036585365853657
1 0.26328125 0.03958333333333333 0.05625 0.07916666666666666
2 0.19921875 0.08645833333333333 0.0640625 0.07708333333333334
0 0.613031914893617 0.02171985815602835 0.05152925531914896 0.0434397163120567
0 0.2753396739130435 0.31338315217391305 0.01807065217391308 0.02531702898550729
0 0.45909598214285713 0.5495535714285715 0.02265625 0.03630952380952372
2 0.31875 0.36354166666666665 0.0421875 0.09583333333333334
2 0.4792618189102564 0.6244391025641025 0.04616386217948713 0.06762820512820511
0 0.025300082781456946 0.5519183895115186 0.04449503311258278 0.056207371087337955
0 0.010792525773195859 0.35513316151202745 0.021585051546391718 0.04359965635738832
1 0.01484375 0.1875 0.0296875 0.07083333333333333
1 0.120703125 0.015625 0.06796875 0.03125
0 0.18671875 0.023958333333333335 0.0453125 0.04791666666666667
0 0.35169547872340423 0.15674128250591016 0.020124113475177285 0.027533983451536622
0 0.29081029647435896 0.962767094017094 0.028255208333333393 0.05069444444444452
0 0.05703125 0.7027386865342163 0.02656249999999999 0.03464403973509936
1 0.26398881066849816 0.7859432234432234 0.04784369276556788 0.0451007326007326
0 0.85888671875 0.026204427083333325 0.04150390625 0.04915364583333332
