3 0.2917713117106774 0.4422758004847557 0.034383371603520806 0.04600395458604408
3 0.26592398584003063 0.564710501977293 0.03554941637964024 0.05196373899732099
3 0.1702186184462304 0.7331391918612068 0.03656596823574439 0.04159889654292629
3 0.18931319962686569 0.7543372879193775 0.02630208333333337 0.03340668452608746
3 0.6485896183894232 0.2932942708333333 0.03241060697115374 0.042317708333333336
3 0.8929855159559643 0.9330720457079152 0.032982772435897444 0.0473522853957635
3 0.6498780070584846 0.42085329035820607 0.029246794871794803 0.04066701478920584
3 0.549170912265595 0.24825970308712847 0.03342123517030231 0.041208620359739774
3 0.3802425986842105 0.15986279802069275 0.03227796052631575 0.03773054430949164
3 0.19360618781094527 0.7945247719734659 0.02315764925373136 0.032841003316749585
0 0.8170085179765888 0.8200401802303977 0.016798181438126926 0.02092507432181338
0 0.7534816576086956 0.8370923913043478 0.00968070652173907 0.015126811594202868
0 0.6754393530901434 0.8352820419796646 0.016022471830184327 0.020971692654981312
0 0.6631611545921687 0.9566047994113596 0.012764732700479264 0.01829127377762975
0 0.5388307859739763 0.9620905887230513 0.013678602181400646 0.024201907131011544
0 0.43560981151932643 0.9631589647914275 0.016451396861844447 0.022065154994259355
0 0.109375 0.9515625 0.0359375 0.036458333333333336
0 0.5706144756984309 0.7740448399030488 0.025515451588212733 0.030268529149126047
0 0.5237095771144279 0.7608651454267126 0.021377487562188956 0.02760635922949343
0 0.43026902745885953 0.6385400720755198 0.019359333141982304 0.02764622400816421
0 0.39472708572522003 0.6517353138155376 0.011929535017221627 0.017839488455159962
0 0.36143501243781095 0.7181799336650082 0.0108830845771144 0.014510779436152532
0 0.3058581790566398 0.8459355864906238 0.012428542384232744 0.01604756665390982
0 0.1824471393034826 0.5647200695241741 0.012826492537313428 0.01877710804949603
0 0.11732054869881363 0.5950675309350684 0.02725255931879065 0.03374553514478874
0 0.20017699961729812 0.46600530998851897 0.01701229429774207 0.023420557469064816
0 0.25190797813815535 0.49196724709784406 0.021603819843092252 0.02643034825870648
0 0.33963147005357824 0.5209666810179869 0.013140427669345556 0.01818272419951518
0 0.3709293077879831 0.5171175373134328 0.014438026215078503 0.021735074626865605
0 0.37458994092039805 0.47897132925117997 0.028105565920398014 0.03272898328868467
0 0.345380967757367 0.47372771558872306 0.017643154420206607 0.02455949419568816
0 0.4217329817259855 0.4467705542798826 0.020316087830080497 0.029759057277713906
0 0.3584003061615002 0.3781433377981886 0.019284586681974768 0.02605163286133424
0 0.5190453980099503 0.5212977580048476 0.009717039800994875 0.014411117489475522
0 0.5855248995407577 0.5126271686439597 0.010464504401071472 0.014132064038780357
0 0.5615088619402986 0.47366931368797044 0.03323227611940309 0.03815059318790652
0 0.6432452598314606 0.5058637640449438 0.013544592696629198 0.018117977528089864
0 0.6397640719533276 0.46732224743109574 0.007339833621434621 0.010931347834437647
0 0.6777567703831748 0.47901046168251227 0.016501908671852573 0.020326454912129085
0 0.7007939376182156 0.5359437532881138 0.024164750557413496 0.03990210423634331
0 0.7112210998271392 0.49278561053490827 0.018042350907519378 0.023206868817823908
0 0.7078357957000864 0.45058385551714203 0.03271324006050129 0.03504483578219529
0 0.6768271931719966 0.40489277225583403 0.028894770959377692 0.04215733938346293
0 0.7623138907068062 0.3983050017899495 0.020611092931937147 0.03214217792097364
0 0.737558408059637 0.511071047008547 0.019791891745894484 0.028770827331220574
0 0.8038028384682508 0.5078904606882356 0.015024038461538502 0.020032051282051277
0 0.7848916962792643 0.5960536858974359 0.034326661789297754 0.047876602564102436
0 0.9511979376426366 0.44383145668322377 0.024060276547187343 0.03598455609254033
0 0.9751402243589744 0.5440705128205129 0.019270833333333393 0.026709401709401705
0 0.8925951086956522 0.5421186942586399 0.027819293478260933 0.04574449554069109
0 0.8521033653846155 0.2499599358974359 0.02095352564102555 0.027323717948717973
0 0.8302059210967915 0.3102301902939992 0.01408095885353724 0.020682725869244283
0 0.8006380890052356 0.2993510034904014 0.014316099476439702 0.019535340314136108
0 0.8991124018324607 0.3241654360764309 0.014520615183246122 0.01899024477558502
0 0.7482692727211706 0.0899664244641339 0.031521009531480716 0.03690833780820693
0 0.7062044821452543 0.22520654338389942 0.021573365552423153 0.028208204680717792
0 0.6839225483286346 0.201486147469459 0.010760672573499885 0.011611038394415315
0 0.467131621120108 0.19983552631578946 0.013105178812415552 0.019188596491228022
0 0.42615553306342785 0.20053840530814215 0.01364288124156543 0.022168803418803347
0 0.3410914179104478 0.22799025704809286 0.015811567164179106 0.02266791044776119
0 0.34124177631578945 0.12697368421052632 0.01899671052631575 0.024561403508771916
0 0.47001333319485566 0.028656901054780092 0.021493855998348188 0.03161654614914634
0 0.24646539726720648 0.054231331533963104 0.021049468623481716 0.0285987404408457
0 0.19200246710526314 0.06414473684210527 0.014843749999999978 0.018640350877192978
0 0.1769568151147099 0.07809758771929823 0.014507422402159187 0.020339912280701755
0 0.09651113423268276 0.19117373867840284 0.013678602181400679 0.018564628779181074
0 0.17880519278606966 0.32978736127057023 0.015446206467661705 0.02015164561806344
0 0.09405317164179106 0.32072191127694855 0.010820895522388085 0.016516376451077914
0 0.013007229477611956 0.24875063783645873 0.018994869402985108 0.023643002934047707
0 0.15893190298507465 0.5070660320193902 0.01710199004975126 0.02007191606072194
0 0.29725366556639876 0.3399084306033933 0.014867668867202477 0.018566223370327782
0 0.2755363805970149 0.30177238805970147 0.019434079601990062 0.02435737976782756
0 0.26751608543819366 0.3444177350427351 0.019030448717948723 0.02537393162393163
0 0.27451982874091085 0.3885105721393034 0.023021909682357445 0.0343387230514096
0 0.726372667472144 0.04747491273996511 0.018049822123774907 0.023723821989528826
0 0.7133098821989529 0.02088787085514838 0.02045157068062835 0.026723385689354277
0 0.7835482321452544 0.045958070434510244 0.025590054034098485 0.031120508345639272
0 0.7480366492146597 0.010034904013961623 0.015461387434555097 0.020069808027923245
0 0.7685291230366491 0.010307591623036667 0.018815445026178067 0.020615183246073334
0 0.9045661540139616 0.08077209748512106 0.020110711169284555 0.025846729986127935
0 0.9756173752349309 0.21265368393967873 0.021850982514431294 0.03258966527945587
0 0.963475539921466 0.054368455497382215 0.019138579842931946 0.02520724258289707
0 0.9419584424083769 0.025250872600349077 0.01308900523560208 0.01799738219895288
0 0.28442349865047234 0.11094944894287002 0.030659581646423684 0.03687303193882134
3 0.84720698234407 0.5347318058084832 0.02916260599248801 0.036741098527961216
3 0.9294369420391998 0.7211496509598604 0.0258610635655792 0.03872164048865621
3 0.823700529542921 0.7820977331846898 0.016151930044592967 0.02094946116685238
3 0.14987263203214699 0.30291850044648555 0.014231725985457322 0.021028670748819957
0 0.018697079506314593 0.042583357252200554 0.026271885763490273 0.026566287153973748
0 0.022713954267125948 0.015137254432963428 0.026011768082663582 0.031707249011353474
0 0.07855703453884429 0.06642309286898841 0.013050731917336378 0.01827321724709788
0 0.12444224191542289 0.02002806480418424 0.02156016791044777 0.022962112514351308
0 0.16263603855721392 0.22174543946932007 0.01668998756218907 0.026865671641791048
0 0.1474405317164179 0.23266998341625206 0.012877021144278623 0.01745439469320068
0 0.1400808457711443 0.20544154228855724 0.009717039800995031 0.014116915422885542
0 0.4682551784347494 0.3830367393800229 0.015412720053578344 0.022483735170302253
0 0.04086403917910449 0.457102508291874 0.020806125621890575 0.022569444444444406
0 0.034099036069651756 0.44105773217247096 0.019301927860696486 0.019967868988391403
0 0.007754197761194047 0.6290759742951907 0.015508395522388094 0.022735281923714722
0 0.47182252798507457 0.6389407131011609 0.014766013681591961 0.019589552238806006
0 0.5720653044871795 0.6246902506697284 0.01993189102564097 0.02665598290598285
0 0.5762775664944508 0.6640652905345069 0.016521359548411763 0.021164609644087187
0 0.5236378205128205 0.625133547008547 0.015224358974358943 0.020566239316239295
0 0.4781067618637581 0.6850921673682867 0.008416451396861823 0.012278351830590496
0 0.46909981343283585 0.73463412106136 0.011660447761193904 0.01476990049751225
0 0.3562027602372752 0.769834720627631 0.020570225794106323 0.024177988263809052
0 0.6320370802238806 0.012645107794361541 0.03436333955223887 0.025290215588723082
0 0.2165464743589744 0.5297391248883786 0.020032051282051277 0.0275864268401581
