2 0.05808293269230767 0.17395833333333333 0.09609374999999998 0.11875
2 0.07615184294871798 0.27501335470085475 0.09449118589743595 0.0895566239316239
2 0.14329927884615384 0.6527510683760683 0.0944110576923077 0.11383547008547007
2 0.06796875 0.6723958333333333 0.0921875 0.13229166666666667
2 0.12039262820512826 0.7882478632478632 0.11117788461538462 0.09524572649572652
2 0.25936498397435903 0.8155048076923078 0.07562099358974357 0.17427884615384612
2 0.2952824519230769 0.8426014957264958 0.06087740384615388 0.08936965811965815
2 0.333984375 0.509375 0.10546875 0.09375
2 0.4679086538461538 0.5399839743589745 0.07019230769230775 0.08830128205128211
2 0.5256410256410255 0.44993322649572653 0.07491987179487189 0.08944978632478637
2 0.8340344551282051 0.43356036324786323 0.09415064102564089 0.09014423076923084
2 0.2727163461538462 0.9683092948717948 0.08497596153846158 0.06455662393162384
2 0.2624198717948718 0.23219818376068377 0.06951121794871798 0.08822115384615387
2 0.615234375 0.9598958333333333 0.12734375 0.078125
2 0.6517578125 0.8932105654761904 0.067578125 0.07399553571428588
2 0.7645032051282051 0.7651041666666667 0.0640625 0.06770833333333333
1 0.170703125 0.2484375 0.04921875 0.08645833333333333
1 0.10506810897435899 0.3536458333333333 0.055488782051282014 0.08437500000000006
1 0.10293469551282053 0.4037393162393163 0.04493189102564106 0.06164529914529921
1 0.3659855769230769 0.20227029914529918 0.036658653846153876 0.0572649572649573
1 0.5397536057692308 0.2388621794871795 0.04669471153846159 0.06821581196581201
1 0.5999499198717949 0.15044070512820518 0.06552483974358977 0.07946047008547004
1 0.6845452724358975 0.060056089743589766 0.05659054487179489 0.0852831196581197
1 0.740625 0.1890625 0.05 0.06770833333333333
1 0.34453125 0.8510416666666667 0.040625 0.041666666666666664
1 0.8563337053571429 0.9111793154761905 0.057421875 0.07607886904761899
2 0.8512484260531135 0.7355902777777779 0.08676596840659342 0.11909722222222226
0 0.49445112179487183 0.7531650641025641 0.041145833333333395 0.051896367521367635
0 0.15632011217948721 0.930448717948718 0.0423277243589744 0.05256410256410256
1 0.4269831730769231 0.06519764957264959 0.050881410256410395 0.06164529914529919
2 0.2 0.4041666666666667 0.0953125 0.1625
2 0.3091646634615385 0.42964743589743587 0.06003605769230762 0.06362179487179483
1 0.4459334935897436 0.6379006410256411 0.051041666666666784 0.04871794871794878
1 0.6314703525641026 0.7137553418803418 0.06161858974358978 0.05491452991452981
0 0.6587640224358975 0.7577457264957265 0.02602163461538449 0.03338675213675219
1 0.44834735576923085 0.23274572649572653 0.07526041666666669 0.096474358974359
2 0.3875 0.45677083333333335 0.078125 0.103125
2 0.16391225961538464 0.06169871794871797 0.10126201923076925 0.12339743589743594
