0 0.3636349842916984 0.243798790936786 0.029072853198781435 0.04416809469408477
0 0.8000858820921988 0.5159557419530824 0.03999889184397158 0.05555214584469906
0 0.6618566301827605 0.5618555646481178 0.04807308715220948 0.06541416621203856
0 0.8149088541666666 0.8196469907407408 0.040755208333333216 0.058043981481481426
0 0.41710715868794335 0.6027345881069285 0.037793661347517736 0.04866793962538634
0 0.32900085681645086 0.13514587035626638 0.045742098248286386 0.06345413387492596
1 0.43603766025641033 0.09969284188034191 0.0578125 0.0821314102564103
1 0.5626001602564104 0.04727564102564107 0.05508814102564106 0.06677350427350429
0 0.12024739583333335 0.8213252314814814 0.04552951388888882 0.046006944444444406
0 0.09340945512820516 0.9554086538461538 0.0379407051282052 0.050721153846153895
0 0.7886217948717948 0.7984775641025641 0.03838141025641022 0.04674145299145304
0 0.7030849358974359 0.791292735042735 0.040544871794871803 0.05908119658119659
2 0.6034755608974359 0.21688034188034191 0.06949118589743604 0.12820512820512822
2 0.5296875 0.278125 0.0828125 0.09583333333333334
2 0.48828125 0.33229166666666665 0.059375 0.10208333333333333
1 0.46796875 0.4161458333333333 0.0765625 0.071875
1 0.08984374999999996 0.5078993055555555 0.08680555555555558 0.09704861111111107
2 0.35651041666666666 0.9219328703703702 0.06562500000000009 0.11388888888888893
2 0.5841746794871796 0.8307158119658119 0.11209935897435903 0.12190170940170937
1 0.9293536324786323 0.8645833333333334 0.09481837606837633 0.078125
1 0.9274839743589745 0.973170405982906 0.03565705128205128 0.05157585470085462
1 0.24746594551282053 0.8139289529914531 0.03631810897435903 0.047889957264957296
1 0.8420472756410255 0.5701121794871795 0.05508814102564106 0.08146367521367524
0 0.7744891826923077 0.18987713675213674 0.04296875 0.035416666666666666
0 0.8049879807692306 0.38493589743589746 0.021033653846153834 0.034294871794871715
2 0.31730343016912166 0.658096926713948 0.06290916530278232 0.12263593380614661
2 0.37479967948717946 0.6768830128205129 0.06410256410256424 0.1163194444444444
0 0.9453125 0.19375 0.0765625 0.09791666666666667
0 0.44296875 0.3828125 0.0421875 0.06979166666666667
