0 0.4625801282051283 0.2743055555555556 0.03677884615384626 0.04273504273504279
0 0.7589242788461539 0.7400240384615384 0.031029647435897444 0.043456196581196475
0 0.968329326923077 0.6168936965811966 0.040905448717948725 0.05734508547008564
0 0.5997796474358974 0.8919604700854701 0.02880608974358978 0.03872863247863248
0 0.20953525641025644 0.6348824786324787 0.04206730769230767 0.048076923076923114
0 0.20552884615384617 0.8403979700854701 0.03405448717948718 0.05371260683760693
0 0.14824719551282053 0.06479700854700858 0.032431891025641056 0.03974358974358979
1 0.5997696314102564 0.06605235042735046 0.03683894230769243 0.0586004273504274
1 0.5802584134615385 0.12430555555555557 0.047816506410256476 0.05427350427350432
1 0.12689302884615386 0.36607905982905986 0.04509214743589749 0.04882478632478637
3 0.1338641826923077 0.23620459401709404 0.03315304487179489 0.04147970085470088
0 0.5155649038461538 0.9751469017094017 0.037620192307692334 0.04762286324786326
1 0.38522636217948725 0.6802884615384616 0.0392427884615385 0.0427350427350427
