1 0.9039362980769232 0.6498664529914531 0.07754407051282045 0.06618589743589745
1 0.6399238782051283 0.8479033119658119 0.07672275641025647 0.05205662393162396
1 0.7082632211538462 0.783480235042735 0.0361979166666667 0.04201388888888893
1 0.5117788461538462 0.46709401709401716 0.04254807692307701 0.08183760683760681
1 0.37882401315789477 0.565844298245614 0.04498355263157898 0.06896929824561392
1 0.09149639423076925 0.42966079059829065 0.04977964743589747 0.0578792735042736
1 0.27711338141025643 0.4092548076923077 0.057151442307692334 0.0345886752136753
1 0.2514322916666667 0.3582932692307692 0.05442708333333335 0.0771634615384615
1 0.048778044871794914 0.10336538461538466 0.06710737179487178 0.0560897435897436
1 0.05947516025641029 0.2670405982905983 0.03770032051282056 0.05758547008547004
1 0.586678685897436 0.3594017094017094 0.03914262820512811 0.06869658119658115
1 0.7940411976235147 0.052231537940379394 0.0392041901188243 0.07321307588075879
0 0.6084292763157894 0.42083333333333334 0.03840460526315796 0.0442982456140351
0 0.5265888836772984 0.26591815196998125 0.02786898061288303 0.026937408797164834
0 0.5309983778924329 0.11023816968938922 0.027942268605378386 0.03433135292891397
0 0.3377403846153847 0.12473290598290603 0.04607371794871797 0.06143162393162391
0 0.26161858974358976 0.2228899572649573 0.016025641025641014 0.022702991452991452
0 0.105839342948718 0.12720352564102566 0.03311298076923079 0.04847756410256414
0 0.16439302884615387 0.7001201923076922 0.0279046474358974 0.04580662393162396
0 0.665625 0.9822916666666667 0.0375 0.03333333333333333
0 0.9328325320512821 0.813127670940171 0.03433493589743577 0.0466613247863247
0 0.961328125 0.41875 0.03359375 0.05
0 0.92421875 0.10104166666666667 0.040625 0.052083333333333336
0 0.986328125 0.12447916666666667 0.02578125 0.05520833333333333
0 0.44471048414305 0.507814608636977 0.025875084345479048 0.028230431848852967
2 0.7645332532051282 0.32487980769230773 0.051862980769230835 0.09383012820512822
2 0.7523938301282052 0.6659722222222223 0.04809695512820511 0.10341880341880341
2 0.8358373397435898 0.8520432692307692 0.06270032051282044 0.12716346153846156
2 0.800390625 0.9677083333333333 0.09609375 0.0625
2 0.8695813301282052 0.9544738247863248 0.05010016025641022 0.08896901709401703
2 0.9671875 0.22395833333333334 0.0640625 0.0625
0 0.95234375 0.25104166666666666 0.04375 0.04375
1 0.618359375 0.13958333333333334 0.06953125 0.06666666666666667
1 0.5862279647435897 0.0902777777777778 0.04589342948717956 0.04861111111111106
1 0.60390625 0.2921875 0.046875 0.051041666666666666
1 0.6109375 0.23958333333333334 0.0453125 0.05416666666666667
2 0.40225360576923086 0.20572916666666666 0.07930689102564115 0.06770833333333336
2 0.16171875 0.5666666666666667 0.065625 0.10208333333333333
2 0.26282051282051283 0.6170005341880344 0.10176282051282053 0.11322115384615389
2 0.2069611378205128 0.7432425213675214 0.05723157051282053 0.10379273504273503
2 0.067578125 0.7536458333333333 0.08203125 0.090625
1 0.4465845352564103 0.8726495726495727 0.03872195512820511 0.03995726495726496
1 0.07500000000000004 0.9077590811965812 0.05673076923076927 0.0845886752136753
2 0.6549779647435898 0.41386217948717957 0.06063701923076925 0.08680555555555554
1 0.7488782051282051 0.23691239316239318 0.05112179487179489 0.06410256410256411
1 0.56796875 0.19635416666666666 0.05625 0.06770833333333333
0 0.8818509615384617 0.3382879273504274 0.033573717948718065 0.05365918803418808
0 0.9470853365384617 0.554553952991453 0.04933894230769216 0.05916132478632482
0 0.724698542057536 0.19052923702313948 0.02536253126954353 0.03543881592662075
1 0.881219951923077 0.17027243589743593 0.06087740384615383 0.09054487179487183
1 0.880078125 0.0296875 0.05859375 0.059375
0 0.95703125 0.853125 0.0359375 0.07083333333333333
0 0.97265625 0.4557291666666667 0.0515625 0.04895833333333333
