0 0.86778564453125 0.19195149739583334 0.0253662109375 0.035758463541666695
0 0.9303228916266025 0.22196451822916666 0.04179812700320511 0.06648763020833336
0 0.84810791015625 0.07271738948985045 0.0397216796875 0.05622537727029909
0 0.8756231845953526 0.07797079493856837 0.01266964643429489 0.021304503872863232
0 0.5972894130608974 0.056274414062500014 0.0361315604967948 0.04597981770833339
0 0.72777099609375 0.16180826822916666 0.0202880859375 0.024527994791666636
0 0.6256350786258013 0.22948905749198717 0.03779234274839745 0.05223983373397442
0 0.52486572265625 0.2298095703125 0.0354736328125 0.0480305989583333
0 0.5804505959535258 0.5392985026041667 0.036608573717948636 0.050797526041666666
0 0.9234130859375 0.3810628255208333 0.037939453125 0.041748046875
0 0.58419189453125 0.9065348307291666 0.0291259765625 0.037353515625
0 0.41983173076923086 0.8091613247863249 0.04815705128205137 0.05475427350427348
0 0.07578125 0.4791666666666667 0.0296875 0.03958333333333333
0 0.0359375 0.7421875 0.0359375 0.042708333333333334
0 0.045703125 0.7572916666666667 0.03984375 0.04583333333333333
0 0.060546875 0.946875 0.04921875 0.07291666666666667
0 0.016015625 0.9390625 0.03203125 0.059375
0 0.021484375 0.9807291666666667 0.04296875 0.036458333333333336
0 0.19649439102564106 0.8710069444444445 0.042107371794871805 0.05125534188034197
0 0.2453125 0.8203125 0.025 0.042708333333333334
0 0.302734375 0.8453125 0.05234375 0.065625
0 0.11953125 0.19791666666666666 0.0234375 0.03333333333333333
0 0.175390625 0.16770833333333332 0.03203125 0.04583333333333333
0 0.2652099609375 0.09048665364583333 0.025 0.040218098958333316
0 0.1978759765625 0.017708333333333333 0.027685546875 0.035416666666666666
0 0.412890625 0.371875 0.01640625 0.020833333333333332
0 0.46844545022035255 0.4603284004407051 0.0360094901842948 0.04272210536858978
1 0.7837239583333334 0.026308760683760705 0.046614583333333216 0.05261752136752141
1 0.36456298828125 0.3093180338541667 0.0430908203125 0.055647786458333334
1 0.9505859375 0.4522705078125 0.044482421875 0.072998046875
1 0.8564703525641025 0.27637574285523503 0.06987429887820511 0.11440346220619653
1 0.8578988882211538 0.9422286074385684 0.053001051682692334 0.06495851696047007
1 0.8186279296875 0.7807548327323718 0.04365234375 0.07732496995192312
1 0.6018557817508012 0.3673909505208333 0.051171248998397444 0.052815755208333336
1 0.152734375 0.12552083333333333 0.04453125 0.06979166666666667
1 0.3904062124399038 0.44610188802083334 0.04926570012019234 0.05978190104166667
1 0.330810546875 0.10230305989583331 0.050048828125 0.08168945312499996
1 0.9264404296875 0.59150390625 0.05234375 0.040625
1 0.92666015625 0.6255208333333333 0.0515625 0.065625
1 0.7181640625 0.8620686848958333 0.061474609375 0.059554036458333334
1 0.5585089267828526 0.6336661575186966 0.051195037059294804 0.06225752871260681
1 0.63140869140625 0.46416829427083334 0.0469970703125 0.06749674479166666
1 0.6250100160256411 0.016292735042735065 0.048457532051282115 0.03258547008547013
1 0.2266845703125 0.05629069010416666 0.030029296875 0.03950195312500002
1 0.099609375 0.07552083333333333 0.05078125 0.06354166666666666
1 0.04839743589743592 0.5326522435897436 0.05633012820512816 0.05488782051282056
2 0.579736328125 0.7792019314236112 0.050244140625 0.07229275173611108
2 0.5409420698116987 0.8594762035924146 0.08022523537660246 0.07849016760149574
2 0.200390625 0.265625 0.08046875 0.125
2 0.8019769130608975 0.451171875 0.05742312700320511 0.08219401041666667
2 0.93065185546875 0.5277750651041667 0.0552001953125 0.072216796875
2 0.97642822265625 0.23633626302083333 0.0485595703125 0.061018880208333334
2 0.69588623046875 0.31890462239583334 0.0620849609375 0.058642578125
2 0.41961669921875 0.21394856770833331 0.0592041015625 0.060221354166666664
2 0.161328125 0.4296875 0.06484375 0.109375
2 0.090234375 0.3723958333333333 0.06796875 0.10729166666666666
2 0.082421875 0.2713541666666667 0.04609375 0.06979166666666667
2 0.4302978515625 0.3018798828125 0.074462890625 0.08292643229166667
3 0.76846923828125 0.7529215494791667 0.0402099609375 0.046728515625
3 0.130859375 0.5078125 0.03359375 0.04479166666666667
3 0.93302001953125 0.02145996093749999 0.0301025390625 0.043180338541666655
1 0.2669677734375 0.5015380859375 0.02880859375 0.04656575520833333
1 0.215625 0.5083333333333333 0.0421875 0.05416666666666667
1 0.17890625 0.49322916666666666 0.0515625 0.06145833333333333
0 0.17890625 0.5385416666666667 0.04375 0.058333333333333334
0 0.066796875 0.6869791666666667 0.03984375 0.046875
0 0.1453125 0.8557291666666667 0.0265625 0.03854166666666667
0 0.67796630859375 0.7583352113381411 0.0222412109375 0.02939077524038455
2 0.05390625 0.640625 0.0578125 0.075
0 0.01796875 0.634375 0.03125 0.05
1 0.11484375 0.4588541666666667 0.040625 0.07395833333333333
1 0.103125 0.14270833333333333 0.05 0.075
0 0.31844482421875 0.026782226562499994 0.0186279296875 0.024397786458333317
0 0.01015625 0.15208333333333332 0.0203125 0.03125
2 0.967578125 0.03697916666666667 0.04765625 0.06979166666666667
1 0.334765625 0.7648103632478632 0.05546875 0.06354166666666666
2 0.6610476762820513 0.12650908119658122 0.07053285256410265 0.09260149572649577
0 0.6352063301282052 0.08736645299145301 0.028024839743589693 0.02943376068376063
0 0.61436767578125 0.15664876302083333 0.0139404296875 0.018570963541666638
0 0.48315523587740383 0.5274670723157051 0.015134840745192335 0.02074944911858978
0 0.873583984375 0.37460123697916664 0.016748046875 0.018863932291666666
0 0.5209723056891026 0.9754657451923078 0.0426282051282052 0.050240384615384555
1 0.36025390625 0.8482666015625 0.0466796875 0.061116536458333336
3 0.79598388671875 0.6042887369791666 0.0218017578125 0.021728515625
3 0.80213623046875 0.5692301432291667 0.0448974609375 0.044873046875
0 0.80234375 0.5760416666666667 0.028125 0.029166666666666667
0 0.82596435546875 0.9846435546875 0.0277587890625 0.027620442708333335
0 0.47464599609375 0.21424967447916668 0.0199462890625 0.02543945312499997
0 0.52388916015625 0.03259277343749999 0.0191162109375 0.029052734374999986
0 0.755859375 0.7192708333333333 0.02421875 0.034375
