1 0.6657783742331288 0.1604582055214724 0.0344325153374232 0.04705393660531699
1 0.6300972967791412 0.10608384458077712 0.03511790644171784 0.061221881390593105
1 0.9164276123046875 0.49288736979166664 0.035980224609375 0.06712239583333333
1 0.5569148936170214 0.3948678614471794 0.05959663120567375 0.05636820330969261
1 0.31122225247896634 0.8606937767094017 0.07268488957331738 0.07288327991452993
1 0.7523162841796875 0.5726806640625 0.046820068359375 0.07130533854166667
2 0.92176271096254 0.09381510416666665 0.05582760541866989 0.08320312499999998
1 0.2639556884765625 0.6979817708333333 0.07322387695312504 0.079296875
1 0.23367686170212765 0.6351950354609929 0.06409574468085104 0.09751773049645382
1 0.8675811767578125 0.46930338541666666 0.058587646484375 0.06555989583333334
1 0.6946512459150327 0.5758408224400872 0.05234375 0.07395833333333333
1 0.30455452127659577 0.3597628546099291 0.03461879432624113 0.06179816784869973
0 0.8822357177734375 0.6293212890625 0.034783935546875 0.054671223958333334
0 0.5549964256535947 0.6134361383442266 0.052180351307189544 0.0668777233115468
0 0.4754425048828125 0.7594985309829061 0.027447509765625 0.03927116720085463
0 0.4063364664713542 0.8061279296875 0.02100626627604165 0.028206380208333333
0 0.0845552884615385 0.7753205128205128 0.03561698717948725 0.04230769230769234
0 0.21410185985076122 0.8611426198584401 0.0490301670172276 0.06059236444978625
0 0.7197113037109375 0.4017125317174146 0.025970458984375 0.03706972823183753
0 0.093359375 0.07552083333333333 0.02890625 0.03854166666666667
0 0.085546875 0.11927083333333334 0.02109375 0.034375
2 0.06656693262411346 0.24353206264775415 0.10168439716312054 0.09183658392434983
2 0.17068650265957447 0.4287228359701764 0.05301972517730495 0.11743612474995438
0 0.3782524695763222 0.8302836621928419 0.014308049128605749 0.01732981103098285
0 0.5119977119641426 0.694686498397436 0.012930845602964692 0.018341846955128104
0 0.01171875 0.6791666666666667 0.0234375 0.06458333333333334
0 0.6312294209985123 0.22865827645051198 0.013671704078060643 0.01900597269624577
2 0.5349823856884351 0.33079133062421834 0.06157117633554794 0.05986697497392702
1 0.18915264423076925 0.7949519230769231 0.03735977564102564 0.06372863247863236
0 0.9648468017578125 0.3710693359375 0.018743896484375 0.027555338541666665
0 0.9849761962890625 0.6730387369791667 0.029095458984375 0.04210611979166667
2 0.3831417871900827 0.304678891184573 0.06003357438016534 0.10310778236914597
