2 0.5086657801418439 0.42132092198581556 0.08295656028368796 0.16770094562647758
2 0.3683122783687943 0.7369606973995272 0.08662455673758869 0.09197695035460983
2 0.839915780141844 0.7888593380614657 0.043240248226950405 0.11524822695035462
2 0.331817929964539 0.801595744680851 0.06534242021276593 0.07866430260047276
2 0.3538646941489362 0.309836731678487 0.06343639184397162 0.11880171394799052
1 0.743963320035461 0.14500960401891252 0.05673204787234045 0.08202570921985816
1 0.75390625 0.28766025641025644 0.04507211538461533 0.1121794871794872
1 0.5736480496453901 0.5328752955082742 0.034995567375886424 0.03619976359338058
1 0.3541694370567376 0.4575096040189125 0.03515625 0.04479166666666667
1 0.30260139627659577 0.21151004728132386 0.04628213652482267 0.04654255319148935
1 0.19209245430987454 0.24823547463175125 0.04012803464266226 0.044013684306237415
1 0.03993517287234042 0.10907579787234042 0.03637522163120567 0.03125738770685576
1 0.898046875 0.9390625 0.03828125 0.07395833333333333
1 0.9081530448717949 0.15277777777777782 0.07912660256410256 0.06944444444444442
0 0.5216118129432624 0.059914302600472806 0.022711657801418463 0.02910756501182031
0 0.0703125 0.3614583333333333 0.03125 0.0375
0 0.23297041223404252 0.6964871453900708 0.01932070035460991 0.02812500000000012
0 0.1976479388297872 0.7640883569739952 0.022368129432624118 0.03033392434988175
0 0.9410017730496453 0.8088837174940899 0.018195921985815565 0.024963061465721026
0 0.421484375 0.15 0.01953125 0.027083333333333334
0 0.98671875 0.22864583333333333 0.025 0.046875
