2 0.7949719551282051 0.5809027777777779 0.07512019230769233 0.09236111111111107
1 0.833203125 0.6333333333333333 0.06328125 0.05416666666666667
1 0.6244491185897436 0.4034722222222223 0.053585737179487225 0.08472222222222214
1 0.6327123397435898 0.4591746794871795 0.047075320512820526 0.049599358974359
1 0.5395432692307692 0.20953525641025644 0.049038461538461496 0.09748931623931624
1 0.2522435897435898 0.4237713675213675 0.06738782051282048 0.10170940170940176
1 0.334375 0.3104166666666667 0.075 0.125
0 0.8756009615384617 0.7293269230769232 0.04807692307692317 0.05801282051282044
2 0.828515625 0.7208333333333333 0.06484375 0.1375
1 0.423828125 0.28125 0.05234375 0.1
