0 0.03580729166666667 0.5861111111111111 0.045572916666666664 0.06388888888888893
0 0.15499131944444444 0.6612847222222221 0.030295138888888885 0.033912037037037025
0 0.6812534097108566 0.2485162074922713 0.02036108837970536 0.0286768048736134
0 0.2888020833333333 0.6873842592592593 0.030034722222222233 0.032638888888888926
1 0.16506076388888888 0.5576388888888888 0.04314236111111112 0.03981481481481488
1 0.3383246527777778 0.5086226851851852 0.04210069444444442 0.06840277777777774
1 0.08283253205128208 0.1702323717948718 0.05308493589743585 0.06161858974358972
1 0.09327256944444444 0.21342592592592594 0.059982638888888884 0.0685185185185185
1 0.98046875 0.3572916666666667 0.0375 0.08333333333333333
2 0.34765625 0.1276709401709402 0.1015625 0.13034188034188038
2 0.6000110815602837 0.22483491316603016 0.07424645390070914 0.1380961311147481
2 0.8727359519912712 0.6393912529550827 0.06181976268412441 0.11010638297872326
2 0.04991319444444444 0.531886574074074 0.06857638888888888 0.10081018518518518
2 0.080078125 0.63125 0.08828125 0.1125
2 0.08090277777777777 0.7309027777777779 0.06736111111111111 0.0868055555555556
2 0.15104166666666666 0.8599537037037037 0.06770833333333333 0.11111111111111119
2 0.21796875 0.48854166666666665 0.0828125 0.08958333333333333
2 0.4110677083333333 0.5186342592592593 0.06501736111111107 0.08356481481481483
2 0.18480902777777777 0.2744212962962963 0.06961805555555553 0.07384259259259256
2 0.11844618055555556 0.40746527777777775 0.10842013888888888 0.12951388888888887
2 0.09140625 0.4265625 0.05625 0.08645833333333333
2 0.302734375 0.30104166666666665 0.07265625 0.12916666666666668
2 0.28203125 0.23697916666666666 0.0921875 0.115625
1 0.8729166666666668 0.7919560185185186 0.04583333333333339 0.07349537037037036
1 0.7981770833333334 0.7516515313390314 0.07378472222222224 0.07771545584045587
1 0.8409722222222221 0.9803819444444444 0.050694444444444466 0.037152777777777854
1 0.40512152777777777 0.7829282407407407 0.031770833333333394 0.06377314814814809
1 0.27417534722222225 0.6276041666666666 0.06449652777777777 0.0850694444444444
