2 0.9850532493781096 0.06139873548922058 0.028331001243781094 0.09154747097844115
2 0.892002876243781 0.11124585406301826 0.0668182524875622 0.11415837479270317
2 0.06866343292124544 0.11684409340659342 0.07491271749084252 0.098653083028083
2 0.05234375 0.40625 0.0890625 0.1125
2 0.1048993314676617 0.7518604892205637 0.07152907338308459 0.09743988391376454
2 0.35818369092039803 0.9742744610281924 0.06480488184079602 0.04854892205638469
2 0.41819612873134326 0.8869351160862354 0.054388215174129326 0.09470356550580424
2 0.5473705690298507 0.7472014925373133 0.04945973258706467 0.07566334991708115
2 0.6689326803482587 0.10973517827529022 0.05042754975124373 0.0705379353233831
1 0.5173149379432624 0.23478132387706854 0.08006427304964533 0.0856973995271867
1 0.6368383443360122 0.3292318455797933 0.05087244068120933 0.0844882159714249
1 0.8021498226950354 0.35753290370976537 0.04563386524822697 0.06034790416439352
1 0.38177472014925373 0.7757955016583747 0.04793998756218905 0.05993470149253722
1 0.5234161225124379 0.6811230306799335 0.04839474502487553 0.056483208955223914
1 0.3944496268656716 0.025082918739635175 0.0420242537313432 0.05016583747927035
1 0.4777899863662457 0.3475495120551091 0.051804977516264825 0.054071788493430264
1 0.46054881840796014 0.6215277777777778 0.07151741293532332 0.06063432835820895
1 0.5428871268656715 0.576787935323383 0.05609452736318401 0.07445066334991708
0 0.905684468283582 0.6550217661691542 0.03090407338308463 0.03821517412935312
0 0.7408407182835821 0.5430425995024876 0.04498212064676608 0.056949626865671614
0 0.5489140834290087 0.4270175564485266 0.023051808266360396 0.027805683122847213
0 0.4556417133084577 0.47058716832504144 0.026138837064676502 0.0360230099502487
0 0.384931562141217 0.5203453884424033 0.03229794536930717 0.046373899732108724
0 0.2701706312189055 0.5402207711442786 0.023946672885572173 0.03357172470978445
0 0.03540665064102567 0.5879273504273503 0.031750801282051336 0.04497863247863248
0 0.019822761194029863 0.6698408996683249 0.021688432835820927 0.03345252902155878
0 0.13314676616915425 0.8770755597014924 0.07022699004975123 0.083328150912106
0 0.28910286308840416 0.8924787122081898 0.03427872655951014 0.048375908916953494
0 0.43655161691542277 0.9802601575456051 0.023118781094527297 0.030358623548921906
0 0.36823694029850745 0.8609556384742951 0.029928482587064664 0.04094112769485901
1 0.3361707089552239 0.7370957711442785 0.07540422885572137 0.10520315091210612
1 0.7468730565920397 0.821875 0.07421875 0.058333333333333334
0 0.8551054822043629 0.6539852819237147 0.024785926138537917 0.034069237147595285
0 0.6909305285408065 0.23283118979570236 0.025865932968137974 0.034752214106771095
0 0.4981693097014926 0.18155058043117747 0.01227456467661705 0.01712271973466001
0 0.7487283909574469 0.3669695626477541 0.037228501773049684 0.04738475177304959
0 0.7166775796498277 0.08950818822553899 0.028787253635667653 0.038438018242122764
2 0.145703125 0.4244791666666667 0.07578125 0.140625
3 0.7206059546019901 0.6487976782752902 0.022485230099502474 0.028897180762852415
3 0.6970363028606965 0.7017957089552238 0.02298274253731334 0.02965899668325041
3 0.6330756870567376 0.22044547872340425 0.02109375 0.028125
3 0.9011194029850745 0.7942630597014925 0.022932213930348232 0.03025497512437809
1 0.3517635679774206 0.37914852819237144 0.025561794393417527 0.04269796849087892
0 0.919921875 0.4791666666666667 0.01640625 0.025
0 0.8085529384328358 0.9759328358208954 0.03214008084577138 0.03872305140961873
