0 0.5666065705128206 0.3223824786324787 0.04907852564102564 0.05876068376068376
0 0.9438601762820513 0.44087873931623933 0.041766826923077004 0.05948183760683759
0 0.27095352564102565 0.7498397435897436 0.029407051282051323 0.03717948717948723
1 0.8831330128205128 0.2532451923076923 0.043108974358974275 0.09142628205128203
1 0.19751602564102566 0.1305422008547009 0.060096153846153876 0.06049679487179491
1 0.6258814102564102 0.7403846153846153 0.05673076923076925 0.06677350427350426
1 0.09234775641025646 0.845940170940171 0.06810897435897433 0.09604700854700864
1 0.9455328525641026 0.26725427350427355 0.05044070512820511 0.04465811965811962
0 0.8984375 0.28020833333333334 0.053125 0.08333333333333333
0 0.5025941506410257 0.7155849358974359 0.030869391025641145 0.0389155982905983
0 0.171875 0.8380208333333333 0.046875 0.059375
