1 0.3121995192307693 0.17815170940170943 0.0791266025641026 0.09882478632478629
1 0.1137820512820513 0.7692307692307693 0.0713141025641026 0.03846153846153844
2 0.347265625 0.47262286324786323 0.13519631410256422 0.15625
2 0.2390925480769231 0.6884214743589745 0.08110977564102564 0.10392628205128211
2 0.9006410256410258 0.14743589743589747 0.14823717948717957 0.14155982905982903
0 0.958233173076923 0.41653311965811973 0.04907852564102573 0.06009615384615389
0 0.039453125 0.8697916666666666 0.06640625 0.10208333333333333
0 0.16015625 0.8765625 0.046875 0.053125
0 0.132421875 0.8744791666666667 0.03203125 0.042708333333333334
0 0.6016726762820512 0.7320779914529915 0.029026442307692423 0.03798076923076934
3 0.405859375 0.7515625 0.07109375 0.09479166666666666
3 0.364453125 0.7927083333333333 0.04453125 0.05625
3 0.0109375 0.8125 0.0203125 0.09583333333333334
