2 0.5800681089743589 0.941786858974359 0.08826121794871797 0.11434294871794866
2 0.691015625 0.975 0.08359375 0.04791666666666667
2 0.19250801282051283 0.530048076923077 0.05608974358974357 0.10283119658119659
2 0.404296875 0.5265625 0.05078125 0.10729166666666666
2 0.8143429487179488 0.36447649572649576 0.07243589743589744 0.10021367521367518
2 0.7946714743589743 0.45504807692307697 0.0677083333333334 0.10592948717948722
2 0.178515625 0.05364583333333333 0.06796875 0.10729166666666666
2 0.3765625 0.16197916666666667 0.053125 0.09895833333333333
2 0.23882211538461542 0.746875 0.0776442307692308 0.06372863247863249
2 0.5331029647435898 0.6509081196581197 0.07401842948717956 0.06677350427350438
1 0.23637820512820515 0.8588942307692308 0.05849358974358978 0.056784188034188075
1 0.3784154647435898 0.8937900641025642 0.06488381410256423 0.08848824786324781
1 0.4533854166666667 0.9093482905982907 0.041145833333333395 0.04935897435897433
1 0.461328125 0.6761393229166667 0.0333984375 0.0560546875
1 0.4798583984375 0.7444360977564102 0.04028320312500009 0.06451322115384622
1 0.522255608974359 0.23691239316239318 0.047636217948717974 0.045405982905982904
1 0.6969801682692307 0.6142895299145299 0.056260016025641055 0.06121794871794866
1 0.8130809294871796 0.6502938034188034 0.04491185897435894 0.08691239316239306
1 0.908984375 0.6723958333333333 0.06640625 0.078125
0 0.8355368589743591 0.0699252136752137 0.028044871794871716 0.04017094017094021
0 0.8066205929487179 0.763127670940171 0.03179086538461551 0.037313034188034305
0 0.7118389423076923 0.7918002136752137 0.03705929487179489 0.04674145299145304
0 0.9804286858974359 0.715357905982906 0.032732371794871894 0.05678418803418796
0 0.5771233974358975 0.7664262820512822 0.022035256410256478 0.030715811965811923
0 0.31015625 0.7630208333333334 0.03125 0.051041666666666666
0 0.208984375 0.6465544871794873 0.04296874999999996 0.05144230769230778
0 0.437109375 0.5203125 0.04296875 0.06145833333333333
0 0.2557725694444445 0.20704237891737892 0.03185763888888889 0.04371438746438751
1 0.8134014423076923 0.2489049145299146 0.04827724358974361 0.05347222222222229
1 0.725360576923077 0.1936698717948718 0.044070512820512865 0.08114316239316241
2 0.5775240384615385 0.09881143162393166 0.0572916666666667 0.05718482905982909
2 0.5768129006410257 0.038648504273504296 0.044691506410256474 0.06020299145299141
2 0.6630258413461538 0.3451121794871795 0.049048477564102556 0.06672008547008552
0 0.351973157051282 0.050520833333333355 0.033633814102564094 0.03854166666666662
0 0.3338541666666667 0.16798878205128207 0.03229166666666665 0.04110576923076919
0 0.21224292200854702 0.31547809829059825 0.02169471153846154 0.031080840455840548
2 0.983203125 0.5270833333333333 0.03203125 0.07291666666666667
0 0.6663912259615385 0.5577590811965812 0.03079927884615392 0.04206730769230767
0 0.6268179086538461 0.43424145299145306 0.033323317307692335 0.04610042735042731
1 0.23294270833333336 0.5023637820512821 0.039322916666666693 0.08485576923076917
1 0.36017628205128205 0.5408787393162394 0.06089743589743586 0.08384081196581204
0 0.242578125 0.6359375 0.04765625 0.06770833333333333
1 0.9346053685897436 0.12414529914529915 0.05426682692307701 0.06794871794871798
2 0.37035590277777775 0.25405092592592593 0.05095486111111107 0.09143518518518517
2 0.5639466002747252 0.31508127289377286 0.05737465659340666 0.04394459706959708
