0 0.29813701923076924 0.4305555555555556 0.04114583333333335 0.05608974358974361
0 0.4807992788461538 0.5496661324786325 0.03840144230769242 0.05291132478632481
0 0.5402644230769231 0.4775240384615385 0.033653846153846256 0.042280982905982964
0 0.6012219551282051 0.5503338675213676 0.03994391025641031 0.046233974358974333
0 0.34756610576923075 0.5719551282051282 0.03768028846153846 0.04775641025641022
0 0.32048277243589746 0.6747061965811966 0.03651842948717956 0.048557692307692454
0 0.20725160256410255 0.564823717948718 0.03060897435897445 0.03862179487179489
0 0.2657552083333333 0.8067307692307693 0.03579727564102568 0.046260683760683936
0 0.16401241987179488 0.8790998931623932 0.03695913461538467 0.051095085470085524
0 0.11638621794871798 0.8265224358974359 0.04006410256410255 0.052083333333333336
0 0.227734375 0.5151041666666667 0.03515625 0.06145833333333333
0 0.45527844551282054 0.8832799145299146 0.04336939102564106 0.058760683760683816
0 0.4323717948717949 0.850267094017094 0.02900641025641022 0.03279914529914526
0 0.40697115384615384 0.9493856837606837 0.03782051282051287 0.049412393162393306
0 0.538251201923077 0.9180021367521367 0.0376802884615385 0.05074786324786326
1 0.44240785256410264 0.49194711538461544 0.0651041666666666 0.06402243589743582
1 0.6898036858974359 0.5360576923076923 0.053084935897435945 0.06677350427350431
1 0.507001201923077 0.1948450854700855 0.05006009615384608 0.09214743589743589
1 0.3202023237179487 0.952056623931624 0.031069711538461588 0.07345085470085462
3 0.9181690705128206 0.16880341880341884 0.07311698717948723 0.09615384615384613
3 0.9677483974358975 0.9718349358974359 0.05608974358974361 0.05424679487179489
3 0.38660857371794877 0.5572248931623932 0.06852964743589754 0.08319978632478638
3 0.36488381410256415 0.5967681623931624 0.057892628205128235 0.06020299145299148
1 0.6398737980769231 0.30192307692307696 0.06328125 0.04583333333333333
3 0.033984375 0.6307291666666667 0.04921875 0.06145833333333333
0 0.6250200320512821 0.07398504273504279 0.03441506410256414 0.042735042735042736
0 0.537109375 0.22135416666666666 0.04609375 0.04895833333333333
0 0.6459134615384615 0.841292735042735 0.026682692307692425 0.035897435897436006
0 0.49714543269230765 0.36836271367521367 0.05234375 0.053125
0 0.2524439102564103 0.3556757478632479 0.04238782051282053 0.053231837606837536
3 0.1572616185897436 0.9673611111111112 0.044451121794871803 0.05886752136752129
