3 0.9091546474358975 0.8171741452991452 0.05108173076923084 0.06543803418803419
3 0.38431490384615385 0.767094017094017 0.06911057692307696 0.08814102564102567
3 0.41365184294871804 0.8343616452991452 0.07253605769230775 0.0844818376068376
3 0.4048477564102565 0.3041266025641026 0.10016025641025643 0.127323717948718
3 0.7234775641025641 0.15945512820512825 0.043830128205128285 0.06143162393162392
3 0.9738481570512821 0.5168936965811965 0.03988381410256423 0.05435363247863254
3 0.564453125 0.27447916666666666 0.04765625 0.071875
3 0.5920172275641026 0.2582799145299146 0.04633413461538458 0.06410256410256414
3 0.07699318910256411 0.36887019230769236 0.07477964743589749 0.09399038461538473
3 0.019140625 0.921875 0.03828125 0.1
0 0.6228966346153847 0.4799679487179488 0.03866185897435903 0.05074786324786332
0 0.7118389423076923 0.8536992521367522 0.027043269230769253 0.03512286324786326
0 0.29680488782051284 0.6024172008547009 0.04232772435897432 0.056917735042735035
