1 0.41571800595238084 0.5394593253968254 0.06439732142857144 0.05203373015873017
1 0.4344075860271116 0.788625304136253 0.033100886339937394 0.07725060827250599
1 0.26627031822344327 0.756301510989011 0.04335222069597067 0.050889041514041486
1 0.48379836309523816 0.43901289682539685 0.04133184523809517 0.042708333333333334
1 0.44300595238095236 0.659250992063492 0.04404761904761907 0.056597222222222264
1 0.591580313694821 0.8560530355694589 0.03261318213416757 0.06368757965473293
1 0.7852492559523808 0.731745307612096 0.04110863095238093 0.049007936507936375
1 0.82572721150504 0.6506452033368092 0.029430613486270473 0.055852450469238826
1 0.9580729166666668 0.7692040598290598 0.041386217948718065 0.06255341880341886
1 0.894921875 0.36666666666666664 0.04140625 0.06041666666666667
0 0.8900547445255474 0.06500912408759124 0.03421532846715323 0.044860097323600974
0 0.7077697308394161 0.08301018856447688 0.04066491788321169 0.05143704379562043
0 0.7416939574643726 0.17765521810914145 0.03098252302745923 0.04310805526590196
0 0.6061391657308628 0.05944089618815896 0.03588598901098896 0.05922619047619047
0 0.880859375 0.390625 0.04765625 0.05625
0 0.8052026098901098 0.4586195054945055 0.03989239926739927 0.04307844932844927
0 0.6597448514077163 0.8164356679411424 0.020382559958289814 0.027712605723554516
0 0.6553943452380953 0.6249503968253969 0.03296130952380958 0.04176587301587299
0 0.6145833333333334 0.5019593253968254 0.03571428571428568 0.039732142857142765
0 0.5139085310218978 0.4875086896072297 0.03719206204379564 0.042839763642683396
0 0.5338212568681318 0.3357867826617826 0.03801224816849826 0.05461691086691089
0 0.5111241907803267 0.38564060508631676 0.04732278632255822 0.0529280355694589
0 0.4237301684781155 0.2300223980196608 0.039096840659340694 0.05536477411477412
0 0.40630580357142854 0.27782738095238096 0.025186011904761864 0.03958333333333333
0 0.4158896256951685 0.38521119366237977 0.037061989485575264 0.04770413335650557
0 0.3784827674226625 0.08835918491484186 0.030899428658324624 0.0392183698296837
0 0.320703125 0.2994791666666667 0.01953125 0.026041666666666668
0 0.2234375 0.0734375 0.0328125 0.042708333333333334
0 0.23353794642857145 0.04308035714285714 0.037388392857142835 0.04280753968253969
0 0.182421875 0.14823908730158727 0.033965773809523814 0.04875992063492062
0 0.11238839285714283 0.0767609126984127 0.0252232142857143 0.031001984126984124
0 0.07103794642857142 0.12777777777777777 0.04244791666666666 0.05396825396825396
0 0.26063988095238094 0.4369295634920635 0.029315476190476187 0.03883928571428571
0 0.2984489468864469 0.5439369658119658 0.025125915750915738 0.0331578144078143
0 0.2206687843406593 0.4585088522588523 0.040805288461538455 0.05322039072039069
0 0.3462576305613486 0.719078394739891 0.039464665884602027 0.04906948789248051
0 0.400688244047619 0.7191964285714286 0.017150297619047582 0.02371031746031752
0 0.4094494047619047 0.7468005952380952 0.01889880952380949 0.029315476190476274
0 0.5133371162368653 0.8166891148186769 0.032632336869335 0.04122494496582085
0 0.46317398766075774 0.8043261571660294 0.01890749913103935 0.026080045765264733
0 0.34384110510079946 0.8698825454756112 0.020346986878693053 0.02878722048430061
0 0.33417038690476186 0.7687251984126984 0.02957589285714284 0.04191468253968248
0 0.2913232600732601 0.9801339285714284 0.03491300366300365 0.037648809523809605
0 0.09224044184981685 0.8212568681318682 0.046173878205128215 0.05986721611721606
0 0.5753534226190476 0.615625 0.03828125 0.050496031746031636
0 0.801860119047619 0.5782490079365079 0.024851190476190423 0.03348214285714282
0 0.9640625 0.5348958333333333 0.0203125 0.023958333333333335
0 0.8553176322992702 0.07943278588807785 0.01815123175182478 0.028178223844282226
3 0.7420518293294297 0.5400531012985392 0.0234237136039142 0.0345531647995152
3 0.98359375 0.4734375 0.03125 0.04895833333333333
3 0.7013242146767465 0.7030652589502954 0.021621643639207554 0.028393291623218648
3 0.548735119047619 0.6509424603174604 0.015624999999999912 0.023511904761904626
3 0.3978422619047619 0.4369295634920635 0.022767857142857027 0.03883928571428571
3 0.4958235470809604 0.18690983084231258 0.017476993429320055 0.02102160815664466
3 0.1521720467032967 0.7916666666666666 0.02303685897435892 0.025793650793650612
0 0.08921130952380953 0.45533234126984123 0.05223214285714286 0.07544642857142853
1 0.07034970238095238 0.47398313492063493 0.04084821428571428 0.05004960317460316
0 0.7594662408759124 0.9534671532846715 0.04105839416058395 0.044099756690997555
0 0.908203125 0.703125 0.02578125 0.029166666666666667
0 0.9209625912408759 0.6820711678832116 0.029425182481751834 0.04419099756691006
0 0.92109375 0.4890625 0.0328125 0.04895833333333333
0 0.9017449817518248 0.20252052919708027 0.015396897810219023 0.020749695863746944
0 0.99296875 0.3541666666666667 0.0125 0.029166666666666667
0 0.5590397190248924 0.23690639120611745 0.019922386767733346 0.023449991310392774
0 0.339453125 0.2609375 0.02890625 0.03229166666666667
0 0.3421875 0.28489583333333335 0.040625 0.04479166666666667
1 0.6395833333333333 0.5796712069864444 0.04107142857142865 0.057390873015872874
1 0.6311641901286061 0.6929167028733635 0.03762599930483148 0.05121038987371106
0 0.35704238355926315 0.980543774453446 0.010617613833854688 0.014277414596757628
0 0.37135430244177964 0.9545998797937666 0.018924606795272858 0.02510680975553233
0 0.11965716575091574 0.603021978021978 0.022590430402930427 0.03006715506715499
1 0.36681547619047616 0.5051587301587301 0.034226190476190466 0.04801587301587305
3 0.857835310218978 0.03345498783454987 0.016537408759124083 0.01976885644768856
3 0.5665856089242267 0.4107179063839647 0.028781336896072228 0.033722917390800626
0 0.6298012795446646 0.4094390858533194 0.025525178136948146 0.040306743135210314
0 0.6001752856708377 0.4213767958521608 0.011784465154674972 0.016431323137527442
0 0.967578125 0.5078125 0.02890625 0.03854166666666667
0 0.9008696395985403 0.7264522506082725 0.025131158759124084 0.029759732360097265
0 0.920583371350365 0.8833713503649635 0.03474566605839424 0.0459093673965936
1 0.9071624087591242 0.8413169099756691 0.061587591240875914 0.026611922141119137
0 0.8250320429266598 0.8847513686131386 0.03538299443865149 0.04771137469586364
0 0.625960661145424 0.9754143856447688 0.008115174059517028 0.010850060827250492
0 0.5679129464285715 0.948313492063492 0.018936011904761862 0.024007936507936378
0 0.21688988095238093 0.7135664682539683 0.018601190476190466 0.02326388888888881
1 0.17165178571428572 0.32780257936507934 0.04062499999999998 0.036855158730158696
0 0.047600446428571426 0.02286706349206349 0.03128720238095238 0.041567460317460315
