0 0.4861718404619806 0.13995864647804304 0.03767234471706456 0.05197925876805186
0 0.6189403044871795 0.1060229700854701 0.03856169871794881 0.050774572649572705
0 0.6537206081454465 0.21032502578838783 0.03401891301945188 0.045944776009431185
0 0.244140625 0.06880341880341882 0.03695913461538462 0.05042735042735047
0 0.1930388621794872 0.01963141025641028 0.04100560897435899 0.03926282051282056
0 0.29250801282051286 0.5573183760683761 0.03774038461538458 0.05320512820512816
0 0.5086187900641026 0.547312481579723 0.03731522159593279 0.05264515178308298
0 0.5607825969827587 0.6194900346301208 0.04209321120689653 0.05376418361332161
0 0.44944929127984096 0.6612695254936635 0.03173180537135263 0.042044282346006295
0 0.5130208333333334 0.8171741452991452 0.034054487179487225 0.04674145299145292
0 0.6022736378205129 0.8126602564102564 0.04385016025641022 0.05576923076923078
0 0.9224042951480993 0.19635324565281465 0.04217955625552623 0.0595205201886236
0 0.9387019230769231 0.5771501068376068 0.04206730769230767 0.06471688034188042
0 0.3379707532051282 0.6188568376068377 0.0436097756410256 0.06143162393162396
0 0.53203125 0.07083333333333333 0.0421875 0.0625
0 0.51171875 0.036458333333333336 0.0359375 0.03958333333333333
0 0.8595753205128206 0.33641826923076923 0.04607371794871788 0.05739850427350432
3 0.1669070512820513 0.42589476495726497 0.03517628205128207 0.044043803418803464
3 0.16245993589743593 0.5487446581196581 0.0380608974358974 0.04407051282051284
3 0.3759226831896552 0.7585668103448276 0.06967941810344831 0.096875
3 0.4028445512820514 0.9667467948717949 0.060096153846153876 0.06276709401709415
1 0.3988281250000001 0.14210737179487185 0.03207131410256405 0.07208867521367521
0 0.805078125 0.8833333333333333 0.03828125 0.04583333333333333
0 0.801953125 0.8520833333333333 0.05234375 0.0625
0 0.6422275641025642 0.7610844017094017 0.030048076923076917 0.03872863247863248
0 0.5035957532051283 0.6639423076923078 0.041245993589743526 0.055448717948717884
0 0.723036858974359 0.02995459401709404 0.030689102564102642 0.042654914529914566
0 0.5716846955128205 0.24467147435897438 0.03691907051282062 0.045913461538461584
0 0.9233072916666668 0.43465544871794876 0.028786057692307843 0.0398771367521368
3 0.23349358974358977 0.15787927350427353 0.04823717948717952 0.056570512820512835
3 0.8265625 0.9786458333333333 0.0265625 0.034375
0 0.93671875 0.8635416666666667 0.034375 0.04375
