1 0.5363481570512821 0.845980235042735 0.05150240384615383 0.07620192307692311
1 0.13040865384615383 0.7898326210826211 0.06343482905982907 0.053668091168091084
1 0.713671875 0.07291666666666667 0.03828125 0.06666666666666667
2 0.6263786764705882 0.33800551470588236 0.06376378676470588 0.06969975490196081
2 0.46049011752136754 0.8187232905982906 0.07589476495726491 0.06661324786324793
2 0.31833065257352944 0.5574908088235294 0.06634880514705883 0.07956495098039215
2 0.9175034466911764 0.41524203431372547 0.0490693933823529 0.06381740196078436
2 0.6387620192307693 0.12897970085470087 0.09122596153846149 0.06629273504273507
1 0.2607338408119658 0.8532629985754986 0.05251736111111116 0.06697827635327655
1 0.3802791819852941 0.5552849264705881 0.0435546875 0.056403186274509784
1 0.11758386948529413 0.43998161764705884 0.050792738970588266 0.0637867647058823
1 0.07070886948529415 0.2164981617647059 0.05722656250000004 0.04617034313725492
1 0.9243853400735293 0.32159926470588235 0.03247931985294113 0.05680147058823521
0 0.9255801930147058 0.2454652934891906 0.03406479779411757 0.049510589492207185
0 0.9469267003676471 0.33014705882352946 0.022392003676470474 0.033333333333333395
0 0.7121380974264706 0.2912071078431373 0.025517003676470564 0.036151960784313826
0 0.698828125 0.36875 0.02421875 0.03333333333333333
0 0.48395565257352946 0.39851409313725494 0.030526194852941124 0.04978553921568623
0 0.3558880974264706 0.49996936274509807 0.035190716911764675 0.045894607843137196
0 0.24542164522058824 0.45482536764705883 0.024896599264705933 0.030606617647058874
0 0.3373731303418803 0.7241586538461539 0.028779380341880368 0.034944800569800566
0 0.14072265625000002 0.6695159313725491 0.018301930147058876 0.0240196078431372
0 0.10804802389705884 0.5230698529411765 0.019312959558823572 0.022794117647058874
0 0.04370325854700853 0.7274172008547009 0.036525106837606805 0.04979522792022806
0 0.2191923253676471 0.3356464460784314 0.033697150735294154 0.04378063725490205
1 0.3076114430147059 0.2592677696078432 0.060213694852941216 0.06020220588235302
1 0.14315831801470588 0.14583333333333334 0.041004136029411796 0.07873774509803928
1 0.22728056066176472 0.2260263480392157 0.04049862132352944 0.05621936274509807
0 0.28961971507352946 0.6046415441176471 0.020369944852941257 0.02815563725490205
0 0.8183766084558822 0.624234068627451 0.04449678308823533 0.04319852941176473
0 0.8514073988970587 0.6500459558823529 0.021564797794117574 0.023131127450980317
0 0.7 0.12239583333333333 0.0171875 0.021875
0 0.00546875 0.32135416666666666 0.0109375 0.03229166666666667
1 0.6074918398849924 0.6698529411764705 0.056730474641779695 0.06470588235294118
1 0.06875 0.090625 0.0359375 0.05625
0 0.12712673611111108 0.9891515313390313 0.033940972222222185 0.019613603988603973
1 0.10625 0.03125 0.0421875 0.052083333333333336
1 0.80859375 0.6669424019607842 0.0359375 0.06666666666666667
2 0.8679744944852942 0.7195925245098038 0.07344898897058823 0.06081495098039215
0 0.6179285386029412 0.4590686274509804 0.027814797794117663 0.035906862745098064
0 0.835546875 0.7854166666666667 0.03203125 0.03958333333333333
0 0.989453125 0.8708333333333333 0.01953125 0.058333333333333334
