2 0.22548356782616893 0.25552059766214186 0.07166613640648567 0.07995145173454
2 0.16997195512820518 0.11669337606837608 0.06911057692307687 0.10689102564102569
2 0.618839003164557 0.27447916666666666 0.06857199367088604 0.07604166666666666
2 0.5295000407204021 0.34421149789029537 0.054726184381980666 0.08161919831223632
2 0.7862279647435897 0.7837873931623932 0.0986177884615385 0.08947649572649574
2 0.3844851762820513 0.352817841880342 0.07077323717948732 0.09671474358974361
1 0.976320213607595 0.08002339608352269 0.045797072784810135 0.04401303689278378
1 0.9250571800957481 0.421895623715244 0.04881760183382013 0.05283322514335171
1 0.6830135569852941 0.6911611519607843 0.044910386029411775 0.0573223039215686
1 0.348046875 0.803125 0.03671875 0.058333333333333334
1 0.3160098805147059 0.2839582547762695 0.046197150735294026 0.06270817621920566
1 0.5406049679487179 0.014289529914529937 0.024959935897435948 0.028579059829059873
1 0.983984375 0.5866452991452992 0.03046875 0.08579059829059829
1 0.4544771634615385 0.018295940170940193 0.07301682692307701 0.036591880341880385
