0 0.13887219551282054 0.21798878205128205 0.05118189102564106 0.06722756410256414
0 0.1369391025641026 0.3875 0.04375 0.05
0 0.5793669871794872 0.6936431623931624 0.05560897435897445 0.07211538461538466
0 0.7798677884615385 0.4440037393162393 0.041225961538461676 0.06391559829059835
0 0.9277544070512821 0.32200854700854703 0.049939903846153835 0.06217948717948722
0 0.7969050480769231 0.1324652777777778 0.05923477564102573 0.07534722222222226
0 0.5426282051282051 0.11354166666666667 0.0546875 0.07291666666666667
0 0.7881710737179487 0.601655982905983 0.044651442307692336 0.06645299145299137
0 0.8711438301282051 0.8372061965811965 0.03695913461538467 0.044070512820512775
0 0.33230168269230764 0.5246260683760684 0.04721554487179484 0.05758547008547019
0 0.3049078525641026 0.9682291666666667 0.05 0.06145833333333333
0 0.7224158653846154 0.9526575854700854 0.04595352564102573 0.056223290598290634
0 0.7109375 0.5272970085470086 0.04687500000000009 0.06292735042735048
0 0.499609375 0.44114583333333335 0.03359375 0.042708333333333334
0 0.671875 0.10572916666666667 0.059375 0.06770833333333333
0 0.43046875 0.21927083333333333 0.065625 0.08645833333333333
0 0.134375 0.7260416666666667 0.0578125 0.07083333333333333
1 0.2078125 0.740625 0.0546875 0.07291666666666667
1 0.8220152243589745 0.7958066239316239 0.05108173076923084 0.06276709401709392
1 0.978515625 0.7161458333333334 0.04140625 0.06770833333333333
1 0.2959835737179487 0.7724759615384615 0.0815104166666667 0.07737713675213674
2 0.6599659455128205 0.20348557692307695 0.053505608974358944 0.08822115384615387
2 0.9689603365384617 0.9286992521367521 0.060516826923076826 0.10948183760683759
2 0.386328125 0.70625 0.05546875 0.08125
0 0.71015625 0.6362313034188034 0.05625 0.065625
1 0.38566706730769235 0.5937900641025641 0.06039663461538467 0.06883012820512822
1 0.38554687500000007 0.9624866452991453 0.06864983974358974 0.07294337606837603
