0 0.5704593306737589 0.4029292257683215 0.04026484929078018 0.053775118203309685
0 0.5999399038461538 0.19931891025641024 0.022475961538461497 0.02764423076923078
0 0.666766826923077 0.0390224358974359 0.02584134615384608 0.03253205128205128
0 0.516396233974359 0.22474626068376072 0.03559695512820502 0.04997329059829063
0 0.26953125 0.21302083333333333 0.0203125 0.021875
0 0.15125200320512822 0.4045673076923077 0.03968349358974357 0.04663461538461545
0 0.45657136524822695 0.735970744680851 0.039760638297872394 0.048153073286052006
0 0.7073317307692308 0.08137019230769234 0.03605769230769233 0.04399038461538467
0 0.6911658653846153 0.2216746794871795 0.028725961538461586 0.034214743589743586
0 0.09290865384615388 0.9791800213675214 0.038942307692307755 0.03955662393162385
0 0.5545871266366612 0.9484846676668485 0.016601455946535726 0.025016480269139763
1 0.8762620192307692 0.21109775641025638 0.03954326923076934 0.07139423076923075
1 0.6161285716721222 0.30816739407164934 0.05974197013093292 0.05269594471722137
1 0.7524038461538461 0.7390491452991453 0.038060897435897356 0.05608974358974355
1 0.273828125 0.6382166075650119 0.05839428191489362 0.0707890070921985
1 0.03671875 0.5151041666666667 0.05625 0.071875
1 0.42467735611020185 0.5120334378977998 0.051465323240589236 0.10004659938170572
1 0.7928485576923077 0.2529647435897436 0.030889423076922995 0.04855769230769231
0 0.5545673076923077 0.1079326923076923 0.021875 0.026121794871794876
0 0.784725560897436 0.9055689102564102 0.0335136217948719 0.03822115384615389
