0 0.585770854056145 0.5305661472148542 0.04734299016357202 0.07715793545534914
0 0.7647135416666667 0.8872863247863249 0.03948317307692317 0.0587606837606837
0 0.8300280448717949 0.719017094017094 0.05508814102564106 0.07211538461538466
0 0.3597756410256411 0.6928418803418803 0.03605769230769229 0.05235042735042737
0 0.38239182692307694 0.7721153846153846 0.035216346153846126 0.04743589743589745
0 0.5821314102564104 0.9811832264957265 0.03605769230769233 0.035550213675213625
0 0.2039563301282051 0.695138888888889 0.04721554487179493 0.06111111111111119
0 0.47210623204022995 0.21420940170940173 0.04837913074712645 0.06410256410256411
0 0.04810697115384618 0.31533119658119657 0.03972355769230764 0.051495726495726576
0 0.7031350160256411 0.19750267094017096 0.029667467948717885 0.03875534188034191
1 0.120703125 0.0984375 0.06484375 0.07395833333333333
1 0.7939703525641026 0.18950320512820518 0.08914262820512828 0.06009615384615386
3 0.821875 0.2838541666666667 0.0734375 0.090625
3 0.5966546474358976 0.2496394230769231 0.04507211538461533 0.06268696581196584
3 0.23707932692307693 0.12139423076923081 0.05508814102564101 0.07345085470085469
3 0.7231670673076923 0.7838274572649573 0.06772836538461532 0.09473824786324793
0 0.41674178685897445 0.5249019120247568 0.027103710764809906 0.03640307250221036
0 0.21066706730769233 0.8821714743589745 0.017768429487179514 0.023584401709401823
3 0.3032552083333333 0.49817040598290596 0.0449318910256411 0.05974893162393169
3 0.9641726762820513 0.8545673076923078 0.06696714743589745 0.0868055555555556
0 0.6392227564102565 0.7443910256410257 0.022035256410256387 0.026709401709401705
0 0.0718149038461539 0.5487446581196581 0.037059294871794865 0.05475427350427348
0 0.4108173076923077 0.775093482905983 0.034134615384615416 0.04810363247863248
