2 0.4744591346153847 0.22622863247863254 0.09915865384615383 0.12820512820512825
2 0.16329126602564106 0.2044604700854701 0.12185496794871789 0.13274572649572647
2 0.2673878205128205 0.22178151709401708 0.10665064102564106 0.14602029914529913
2 0.10937500000000004 0.34375000000000006 0.11618589743589744 0.12820512820512822
2 0.8891225961538461 0.8272302350427351 0.11117788461538466 0.1309561965811966
1 0.9046875 0.2921875 0.0796875 0.078125
1 0.2619391025641026 0.34731570512820514 0.07147435897435898 0.09970619658119659
1 0.6963141025641025 0.8018162393162395 0.07211538461538458 0.1282051282051281
0 0.3733473557692308 0.36665331196581197 0.060997596153846256 0.07171474358974367
3 0.7574118589743591 0.1029513888888889 0.08613782051282053 0.0996527777777778
