3 0.42960587238983566 0.6241314646348328 0.05564603965146633 0.07908238011157186
3 0.255859375 0.68125 0.05859375 0.07291666666666667
3 0.4098557692307693 0.29718215811965815 0.05208333333333339 0.0717681623931624
0 0.6583799704527245 0.6018869774973291 0.04432404346955119 0.05420130542200852
0 0.8318094665750916 0.4620726495726496 0.03950606684981679 0.0550213675213674
0 0.5590945512820513 0.49131944444444453 0.038060897435897446 0.05208333333333327
0 0.5502773187099359 0.7235086555154915 0.033660106169871896 0.04370534521901703
0 0.3627804487179488 0.10001335470085472 0.038060897435897446 0.05211004273504278
0 0.12517755681818182 0.25004734848484844 0.03752367424242422 0.055460858585858565
0 0.12236032196969697 0.15613952020202018 0.039370265151515135 0.05009469696969697
0 0.16532979713649623 0.641937999001996 0.03404848955934283 0.04596432135728546
0 0.29379984022339933 0.5801060539178055 0.03627756506218334 0.04862022749373054
0 0.18680889423076924 0.7967147435897436 0.0314302884615385 0.04759615384615389
0 0.3465645032051282 0.9346821581196582 0.03844150641025643 0.0493856837606837
0 0.6345953525641026 0.14977297008547008 0.0359375 0.046875
0 0.8827323717948719 0.827457264957265 0.049839743589743614 0.07158119658119659
0 0.7083733974358974 0.8908520299145299 0.0296875 0.042708333333333334
1 0.501860119047619 0.384128891941392 0.048363095238095344 0.0554601648351649
0 0.17819420163170166 0.3082859848484849 0.01766462703962699 0.024842171717171683
