0 0.588563829787234 0.16594636524822695 0.02067819148936172 0.026854314420803802
0 0.675141289893617 0.16119237588652482 0.018179299645390133 0.023064420803782473
0 0.8840951906028369 0.21567671394799054 0.028019725177305155 0.03673167848699762
0 0.628515625 0.19635416666666666 0.03828125 0.051041666666666666
0 0.07970412234042554 0.1495345744680851 0.03440824468085106 0.04490248226950353
0 0.088671875 0.4552083333333333 0.02890625 0.035416666666666666
0 0.5757168917075832 0.8878830241862157 0.040831287506819434 0.04870203673395158
0 0.6390015514184398 0.3912603427895981 0.017320478723404253 0.02244385342789593
0 0.5016954787234044 0.32887854609929074 0.03040780141843973 0.03934692671394793
0 0.39444536790780144 0.4716570626477541 0.03767176418439715 0.0537307919621749
0 0.7229942375886524 0.413848256501182 0.02885638297872344 0.03636968085106383
0 0.007729388297872335 0.6908614066193853 0.01545877659574467 0.027556146572104014
1 0.8509474734042553 0.13187426122931442 0.05885416666666661 0.09499852245862885
1 0.7557180851063829 0.5334074945444627 0.05095301418439711 0.08832685488270589
1 0.4939688608156029 0.459375 0.05583444148936163 0.0782949172576832
1 0.9238696808510639 0.17531028368794324 0.05263741134751783 0.036199763593380604
1 0.041281582446808504 0.15554816784869976 0.028374335106382986 0.040263002364066186
1 0.7552277260638298 0.9547133569739953 0.045284796099290855 0.06870567375886528
1 0.6816350842198581 0.43346261820330967 0.05395057624113475 0.057720153664302505
0 0.40881410256410255 0.24300213675213675 0.0515625 0.06874999999999996
2 0.070703125 0.5645833333333333 0.05234375 0.07083333333333333
2 0.09445090868794326 0.5027777777777778 0.05478169326241132 0.06388888888888881
2 0.16773880762411347 0.5169363179669031 0.055590647163120566 0.06364509456264779
2 0.21343916223404252 0.43424940898345155 0.05838320035460991 0.07683215130023638
2 0.5051883012820513 0.184375 0.06975160256410265 0.09791666666666664
2 0.5957595983360611 0.282574104382615 0.05909455128205128 0.05955628296053825
2 0.6603474069148936 0.33532062647754135 0.0588486258865248 0.08113179669030728
2 0.574182734929078 0.7925531914893617 0.07381981382978724 0.09160756501182045
3 0.8424588034338985 0.6756180855681146 0.021564326725953008 0.027181797613770677
1 0.8537223387206765 0.3526709401709402 0.0880408653846155 0.08899572649572653
