0 0.2060296474358975 0.656917735042735 0.0390625 0.04674145299145292
0 0.32722355769230776 0.6750801282051282 0.03505608974358974 0.05849358974358978
0 0.383573717948718 0.8777777777777779 0.022516025641025682 0.04038461538461533
0 0.16696714743589747 0.9787660256410257 0.027043269230769208 0.036057692307692214
0 0.41597002011729406 0.5893026004728132 0.0190129739498091 0.028546099290780093
0 0.48084552304964534 0.6284094267139478 0.0265625 0.03854166666666667
0 0.48927304964539003 0.6605976654846336 0.03752216312056742 0.04479166666666667
0 0.6592170877659574 0.7620033187852336 0.030634973404255382 0.03701582105837436
0 0.8004543439716313 0.8602024231678487 0.01522606382978724 0.0194001182033098
0 0.767650155141844 0.37999408983451544 0.027088874113475204 0.033451536643026004
0 0.7953014184397162 0.21942966903073285 0.02553191489361719 0.02730496453900709
0 0.8308482934397162 0.1191083037825059 0.019819370567376104 0.027740839243498808
0 0.941015625 0.3619791666666667 0.02265625 0.034375
0 0.6947556515957447 0.26311687352245866 0.013857491134751676 0.01897901891252959
0 0.47997498124659027 0.454323797508638 0.033401101336606676 0.03624011183851608
0 0.4408734826786689 0.4090630114566285 0.015194524004364319 0.017423622476813942
0 0.7434923537234044 0.07149453309692672 0.012793661347517738 0.019540484633569742
0 0.94921875 0.16875 0.0390625 0.05416666666666667
1 0.7801944813829786 0.6341053486997636 0.04411015070921982 0.0770907210401892
1 0.7383920656028369 0.5902408392434988 0.02964317375886516 0.04957151300236416
1 0.2847545434397163 0.40389332151300233 0.028784352836879412 0.05288120567375891
1 0.3613782051282051 0.09845085470085471 0.05088141025641026 0.055235042735042775
1 0.6018224904528097 0.6836441853064195 0.03516264320785591 0.06740430078196032
1 0.781751440602837 0.5292368498817966 0.07479499113475185 0.0651965130023641
2 0.6641562670485543 0.518955150936534 0.07339402618657935 0.06433556101109279
2 0.20886627906976743 0.3499636627906977 0.055377906976744204 0.07042151162790695
2 0.5774963345608293 0.0815972222222222 0.06386814648117838 0.07616725768321515
2 0.501953125 0.8583333333333333 0.07109375 0.09791666666666667
0 0.29942768895348837 0.35735222868217054 0.031413517441860425 0.04474321705426352
