1 0.4253720238095238 0.29797787909490037 0.05238095238095242 0.04690138466734209
1 0.5190290178571428 0.24238591269841273 0.0497395833333333 0.05987103174603175
1 0.164453125 0.6057291666666667 0.04765625 0.05520833333333333
1 0.46013808139534884 0.5141957364341085 0.054723837209302316 0.06172480620155044
1 0.5187307428830035 0.08339403651903655 0.06171847877300003 0.07490773115773111
1 0.74609375 0.3650774572649573 0.0546875 0.0989049145299146
1 0.872265625 0.44427083333333334 0.04609375 0.07604166666666666
1 0.15046329941860465 0.8361005515802027 0.06135537790697674 0.07319618366129994
2 0.5602210728176319 0.44830980505137813 0.06635560717372516 0.0820128685297225
2 0.6005730660809626 0.5300373369724015 0.04209411606502513 0.09506717002682817
2 0.2766659212880143 0.590491452991453 0.06205277280858681 0.09818376068376058
2 0.2989541330645161 0.6524529569892473 0.06615423387096775 0.07782258064516133
2 0.09656467170828102 0.9201109371894256 0.0694250335420393 0.12440990856688525
2 0.6675210674157304 0.20810510299625468 0.05870786516853936 0.10253979400749064
2 0.6275268358747994 0.2680059523809524 0.05639295746388449 0.0651785714285714
2 0.7457668439716312 0.4731596085651937 0.05090868794326244 0.08323161029278049
2 0.4779933286516854 0.3621196161048689 0.08685042134831455 0.07398174157303371
2 0.3564771075581395 0.7057186071357583 0.04903706395348837 0.07838836712383213
3 0.7337463345608293 0.6591766684851791 0.04281318194217132 0.0598972540461902
3 0.09296875 0.1703125 0.05 0.06145833333333333
3 0.7162877457865168 0.22249531835205996 0.040387991573033674 0.05360486891385768
0 0.3034218385780886 0.15834668803418803 0.02471226689976693 0.03135440947940949
0 0.9307013693820224 0.29465706928838953 0.04519838483146064 0.04973080524344571
0 0.8630925210674156 0.27854634831460673 0.028502457865168473 0.030407303370786534
0 0.445242154889684 0.8687726719340091 0.023214818127608883 0.02844302822500495
0 0.39739396988670245 0.5807291666666666 0.020800723017292765 0.030402131782945693
0 0.030685266639388996 0.2574135638297872 0.030495601472995036 0.04191046099290775
0 0.220703125 0.3328125 0.04453125 0.06979166666666667
0 0.07911518895348836 0.5217781007751938 0.04235101744186045 0.05746124031007748
0 0.4123481290995826 0.7742595905386603 0.03268019528920694 0.04547306698469479
0 0.8138070913461538 0.5688835470085469 0.02392828525641022 0.03050213675213686
0 0.88984375 0.6286458333333333 0.0421875 0.04895833333333333
1 0.9547050561797754 0.8826720505617978 0.06566011235955056 0.06590589887640448
1 0.970703125 0.953125 0.04765625 0.09166666666666666
1 0.3688862645348837 0.9683139534883721 0.059647529069767426 0.05920542635658919
1 0.5107772435897436 0.9620844514013118 0.05293679189028024 0.07702742993440666
2 0.5273820911123506 0.8119295207675375 0.04072192888640993 0.05772532060484252
1 0.34593023255813954 0.8371124031007753 0.030159883720930213 0.03846899224806191
2 0.8483189957865168 0.3391502808988764 0.06742450842696623 0.08246722846441946
0 0.98359375 0.15833333333333333 0.03125 0.09375
0 0.2203125 0.2838541666666667 0.078125 0.09270833333333334
1 0.7927844101123596 0.7513986423220974 0.05818117977528088 0.06321395131086144
1 0.6161645149092481 0.8025397940074905 0.052783329732065544 0.05924625468164789
2 0.6401808061437626 0.9546930519542879 0.0556636686113511 0.07886175933928748
2 0.8387552668539324 0.8382595673677135 0.08688553370786511 0.15166438586382397
2 0.44633669685450206 0.951514050387597 0.05554608303518194 0.07492732558139537
2 0.8329945890953615 0.46170186905790833 0.04749396787669262 0.06208315326995102
1 0.274885270979021 0.10440705128205127 0.05883959790209792 0.06764277389277389
