2 0.8831129807692308 0.7457264957264959 0.06710737179487189 0.08814102564102555
1 0.29472155448717946 0.6301282051282051 0.05598958333333335 0.06025641025641034
1 0.06910056089743592 0.44451121794871795 0.054507211538461574 0.07892628205128212
1 0.6293569711538461 0.640892094017094 0.041766826923077004 0.07612179487179489
0 0.4920572916666667 0.15060096153846156 0.04192708333333339 0.060443376068376124
0 0.49115584935897444 0.275494123931624 0.04573317307692308 0.061725427350427374
0 0.46191907051282055 0.33442841880341884 0.030088141025641058 0.04268162393162402
0 0.2338241185897436 0.5625133547008547 0.04757612179487185 0.06193910256410267
0 0.2753505608974359 0.4798344017094017 0.028625801282051323 0.03498931623931624
0 0.46794871794871806 0.8639155982905983 0.04607371794871797 0.04941239316239319
0 0.13671875 0.16979166666666667 0.05 0.06458333333333334
2 0.2140625 0.5 0.0765625 0.05416666666666667
1 0.27871594551282053 0.18401442307692312 0.08399439102564106 0.08442841880341882
