0 0.5953625801282051 0.7715811965811966 0.0496594551282052 0.06314102564102567
0 0.7248597756410258 0.6766292735042735 0.05508814102564097 0.07409188034188041
0 0.4795773237179487 0.7591880341880342 0.03683894230769243 0.053205128205128224
0 0.03244190705128207 0.7713808760683761 0.03567708333333337 0.0448450854700854
0 0.48828125 0.0265625 0.0484375 0.053125
0 0.7699318910256411 0.08133012820512825 0.04707532051282044 0.06276709401709402
0 0.7270032051282052 0.03340010683760684 0.04375 0.05520833333333333
0 0.8074919871794872 0.34935897435897434 0.034054487179487225 0.04487179487179495
0 0.964423076923077 0.17749732905982907 0.04070512820512828 0.054727564102564144
3 0.5235376602564104 0.5340544871794872 0.04907852564102564 0.06276709401709397
3 0.5455729166666667 0.9624866452991453 0.06109775641025639 0.07294337606837603
3 0.33444511217948725 0.9618189102564102 0.0795472756410256 0.07427884615384611
0 0.047866586538461556 0.8435096153846153 0.048898237179487214 0.06618589743589745
0 0.5611478365384615 0.3728231837606838 0.04997996794871797 0.06204594017094021
0 0.8271834935897436 0.4540464743589744 0.03938301282051278 0.05232371794871789
0 0.40139222756410264 0.8319310897435898 0.03695913461538467 0.04660790598290608
0 0.4766125801282052 0.7125267094017095 0.04276842948717956 0.04577991452991448
3 0.641015625 0.715625 0.06484375 0.08541666666666667
0 0.016015625 0.7023103632478632 0.03203125 0.05520833333333333
3 0.7764523237179487 0.2814236111111112 0.06408253205128212 0.0819177350427351
3 0.8526943108974357 0.4122061965811966 0.043810096153846165 0.05806623931623935
0 0.7999399038461539 0.12223557692307695 0.025120192307692336 0.03437500000000002
