0 0.49828306686046514 0.09984253875968993 0.06611555232558146 0.09101259689922479
0 0.3555141715116279 0.14303536821705426 0.03188590116279064 0.04338662790697674
0 0.3749909156976744 0.6218507751937985 0.02200218023255811 0.030523255813953536
0 0.7620276162790698 0.43060804263565894 0.039171511627906955 0.05811531007751937
0 0.8070039970930232 0.4319161821705427 0.035519622093023354 0.04944282945736435
0 0.1961755087209302 0.8479287790697675 0.04078851744186043 0.05438468992248057
0 0.11288060897435903 0.49933226495726496 0.03104967948717948 0.04674145299145298
0 0.026171875 0.17864583333333334 0.03359375 0.046875
3 0.9515024038461538 0.37402510683760687 0.037620192307692334 0.04986645299145292
0 0.3755813953488372 0.5226744186046512 0.01537063953488369 0.020542635658914735
2 0.7359284156976745 0.16868943798449615 0.08319404069767442 0.14348352713178297
2 0.946484375 0.4666666666666667 0.10546875 0.10625
2 0.7140524839743589 0.5524439102564103 0.05466746794871798 0.1194711538461539
2 0.0658854166666667 0.1279513888888889 0.11302083333333339 0.15868055555555552
2 0.2903797238372093 0.10416666666666667 0.09947311046511627 0.08842054263565893
2 0.07669876453488371 0.29032809083681177 0.09816497093023258 0.11217327569071751
2 0.3750454215116278 0.38005087209302324 0.06985828488372085 0.09149709302325586
2 0.6424146075581396 0.5796670020870602 0.08860828488372094 0.09707625223613595
1 0.5797576121794872 0.48828792735042736 0.05482772435897445 0.06615918803418808
1 0.5566196612254025 0.28476259689922484 0.06390457289803217 0.05426356589147285
1 0.14085210755813954 0.3406644429536872 0.05423328488372092 0.08417499006161797
1 0.2140170784883721 0.5119186046511628 0.03962572674418605 0.08444767441860464
2 0.3727731812760883 0.8652010658914728 0.053690556052474615 0.08403585271317825
2 0.43229469476744187 0.9199733527131784 0.05092659883720927 0.06775678294573642
2 0.7153252180232558 0.6920058139534883 0.04627543604651167 0.07553294573643411
2 0.933984375 0.8005208333333333 0.07265625 0.090625
2 0.46549781976744187 0.4275920542635659 0.10170784883720936 0.09563953488372091
1 0.42399164244186044 0.6438953488372092 0.028470203488372103 0.045784883720930244
1 0.7998455668604653 0.7603924418604652 0.04983648255813948 0.07078488372093024
1 0.970703125 0.5744791666666667 0.05078125 0.07395833333333333
1 0.98515625 0.6489583333333333 0.028125 0.11666666666666667
1 0.3374818313953488 0.6128754844961241 0.03433866279069764 0.04241763565891479
0 0.6931140988372093 0.33487160852713177 0.025290697674418626 0.03640988372093024
0 0.30546875 0.22708333333333333 0.0234375 0.029166666666666667
2 0.2651707848837209 0.8544937015503876 0.07358284883720927 0.08485949612403101
1 0.030913880813953475 0.9046269379844961 0.05426962209302324 0.06695736434108521
2 0.17463662790697673 0.9245760658914729 0.06297238372093021 0.06460755813953475
2 0.7412760416666667 0.9406650641025641 0.06588541666666661 0.10408653846153844
1 0.279296875 0.5890625 0.03828125 0.065625
1 0.3844204215116279 0.20763081395348834 0.05038154069767446 0.055910852713178284
