2 0.1864383012820513 0.4211404914529915 0.07624198717948719 0.1443643162393163
2 0.7796574519230769 0.2972222222222223 0.10374599358974361 0.11709401709401715
2 0.76953125 0.6442708333333333 0.090625 0.140625
2 0.853125 0.6447916666666667 0.09375 0.1125
2 0.7672876602564103 0.7711271367521367 0.04979967948717947 0.08808760683760693
2 0.466796875 0.2296875 0.08671875 0.10729166666666666
1 0.375390625 0.128125 0.05234375 0.075
1 0.5974759615384616 0.1683760683760684 0.05745192307692317 0.0632478632478632
0 0.8459034455128205 0.8242788461538463 0.04336939102564106 0.055608974358974335
0 0.780859375 0.7505208333333333 0.04140625 0.05520833333333333
0 0.9152243589743592 0.6649839743589744 0.026923076923076827 0.03060897435897445
0 0.46910056089743596 0.5430555555555556 0.031750801282051364 0.05010683760683771
0 0.3959234775641026 0.9713141025641027 0.053906250000000086 0.053632478632478706
0 0.10900440705128207 0.1601095085470086 0.04881810897435903 0.06012286324786329
2 0.9480268429487179 0.27970085470085476 0.08675881410256406 0.10940170940170943
2 0.5514423076923077 0.4677617521367522 0.07139423076923083 0.09385683760683765
1 0.6274639423076923 0.7793803418803419 0.04555288461538467 0.12873931623931617
3 0.550390625 0.234375 0.03203125 0.03958333333333333
1 0.5336037660256411 0.9644898504273504 0.07502003205128212 0.06893696581196582
1 0.345703125 0.26927083333333335 0.05078125 0.10104166666666667
0 0.3765625 0.6526041666666667 0.034375 0.046875
2 0.7220452724358974 0.4310630341880342 0.09276842948717948 0.08712606837606843
