3 0.073828125 0.8015625 0.04921875 0.06979166666666667
2 0.8591346153846153 0.19067841880341882 0.08501602564102573 0.11650641025641027
2 0.7875801282051282 0.2965010683760684 0.06233974358974361 0.09716880341880346
2 0.6762820512820513 0.13352029914529917 0.09415064102564097 0.15069444444444446
2 0.5440705128205129 0.25827991452991456 0.08213141025641021 0.12286324786324787
2 0.4085436698717949 0.20819978632478636 0.08275240384615393 0.12686965811965814
2 0.093349358974359 0.24099893162393163 0.10216346153846154 0.09065170940170945
2 0.3577724358974359 0.562099358974359 0.08213141025641021 0.12419871794871794
2 0.7318709935897436 0.5647702991452992 0.10917467948717947 0.12954059829059825
2 0.7124799679487179 0.8425480769230769 0.08441506410256405 0.10817307692307701
2 0.2725060096153846 0.8973557692307693 0.09841746794871797 0.11629273504273516
1 0.2736678685897436 0.22155448717948717 0.04801682692307696 0.06276709401709407
1 0.7654246794871795 0.12005876068376073 0.03605769230769233 0.0734508547008547
0 0.5119491185897436 0.13195779914529918 0.038201121794871805 0.04965277777777783
0 0.8064903846153847 0.8363114316239316 0.03205128205128212 0.04853098290598297
0 0.21221955128205128 0.5871928418803418 0.0306891025641026 0.04730235042735049
0 0.012620192307692329 0.8638087606837607 0.025240384615384658 0.04428418803418808
0 0.9729667467948719 0.7495058760683762 0.05250400641025639 0.08859508547008552
0 0.28359375 0.571875 0.040625 0.05416666666666667
0 0.2479366987179487 0.28732638888888895 0.027363782051282072 0.0353899572649573
2 0.03493589743589744 0.450133547008547 0.0703125 0.14583333333333334
2 0.023637820512820533 0.031650641025641045 0.047275641025641066 0.06330128205128209
1 0.13015825320512822 0.7478766025641026 0.08062900641025643 0.08116987179487177
1 0.12522035256410258 0.8327323717948718 0.05044070512820516 0.07171474358974367
1 0.9186698717948719 0.6455662393162395 0.060096153846153834 0.08279914529914538
