1 0.49260817307692306 0.15407318376068377 0.04883814102564106 0.08822115384615387
2 0.7055989583333334 0.5849225427350428 0.10963541666666679 0.20723824786324782
2 0.5426582532051283 0.7737446581196582 0.11500400641025647 0.16298076923076923
2 0.430859375 0.3567708333333333 0.09921875 0.14270833333333333
2 0.51171875 0.46197916666666666 0.1703125 0.13854166666666667
2 0.25546875 0.5213541666666667 0.1640625 0.16979166666666667
2 0.26953125 0.8125 0.1328125 0.20208333333333334
2 0.15607972756410257 0.3300747863247864 0.14497195512820515 0.20235042735042733
2 0.3946814903846154 0.04634081196581199 0.15594951923076922 0.09268162393162398
2 0.8889322916666668 0.18337339743589745 0.1075520833333334 0.1520032051282051
2 0.928125 0.2760416666666667 0.109375 0.1375
2 0.8062399839743589 0.3169738247863248 0.12970753205128202 0.16813568376068372
2 0.0265625 0.9317708333333333 0.053125 0.134375
0 0.8048978365384617 0.812099358974359 0.02522035256410273 0.030181623931623845
1 0.01953125 0.025520833333333333 0.0390625 0.051041666666666666
