1 0.66875 0.20989583333333334 0.0359375 0.078125
1 0.8640438988095237 0.34315476190476185 0.08143601190476187 0.057738095238095255
1 0.29599358974358975 0.24548611111111113 0.05136217948717947 0.06319444444444443
2 0.7407962328767124 0.15539383561643832 0.09203767123287676 0.1312785388127854
2 0.5746193910256411 0.44688835470085475 0.06109775641025639 0.08485576923076928
2 0.2936011904761905 0.4231398809523809 0.07946428571428568 0.08625992063492062
2 0.46633041437728934 0.8341441544566545 0.07477964743589745 0.10155296092796083
2 0.036328125 0.12864583333333332 0.07265625 0.121875
2 0.6177455357142858 0.3410714285714286 0.08444940476190466 0.07380952380952378
2 0.9316592261904763 0.26413690476190477 0.07120535714285711 0.0868055555555556
2 0.5367559523809524 0.7638144841269842 0.07976190476190474 0.09112103174603176
2 0.296875 0.3326388888888889 0.05104166666666665 0.07916666666666666
2 0.9052641369047618 0.10161210317460316 0.07540922619047627 0.0765376984126984
2 0.08984375 0.07447916666666667 0.0578125 0.06979166666666667
2 0.4950520833333334 0.6537126068376068 0.0639823717948718 0.09642094017094026
1 0.5948660714285714 0.9439484126984127 0.046875 0.10218253968253967
1 0.7397135416666666 0.8526537698412698 0.062239583333333307 0.08427579365079367
1 0.3703125 0.8760416666666667 0.04375 0.09375
1 0.6336495535714286 0.2814732142857143 0.036272321428571355 0.07395833333333333
1 0.9625 0.020833333333333332 0.034375 0.041666666666666664
2 0.250390625 0.7380208333333333 0.07734375 0.09479166666666666
2 0.2 0.6625 0.0734375 0.1125
0 0.269921875 0.7421875 0.02578125 0.03854166666666667
0 0.4688802083333334 0.9383279914529915 0.038201121794871805 0.050160256410256565
0 0.21640625 0.7989583333333333 0.0375 0.05
0 0.8953125 0.7755208333333333 0.03125 0.046875
0 0.071484375 0.23333333333333334 0.03203125 0.03958333333333333
1 0.01796875 0.3453125 0.0359375 0.103125
1 0.01328125 0.6578125 0.0265625 0.059375
0 0.6011532738095238 0.17038690476190474 0.014955357142857206 0.02033730158730158
0 0.83964746579602 0.13083799751243783 0.016833799751243817 0.02004042288557216
0 0.618359375 0.7942708333333334 0.04140625 0.057291666666666664
