0 0.2771233974358974 0.5142227564102565 0.04711538461538467 0.057024572649572745
0 0.503125 0.25364583333333335 0.028125 0.03229166666666667
0 0.623046875 0.2890625 0.04296875 0.059375
0 0.057241586538461564 0.3932024572649573 0.038161057692307744 0.03998397435897445
0 0.011618589743589768 0.24258814102564105 0.023237179487179536 0.0527510683760684
0 0.5921875 0.8286458333333333 0.03125 0.03854166666666667
3 0.8558193108974361 0.6395699786324786 0.043569711538461675 0.05205662393162396
3 0.7826822916666667 0.13786057692307693 0.07966746794871807 0.0992788461538462
3 0.7457331730769232 0.4345619658119658 0.08345352564102555 0.10950854700854702
3 0.6568810096153846 0.3459268162393163 0.04881810897435903 0.05974893162393169
3 0.5641526442307693 0.316653311965812 0.05198317307692317 0.0728899572649573
3 0.5086638621794872 0.1515758547008547 0.028745993589743522 0.03712606837606846
3 0.3478665865384616 0.2935363247863248 0.06788862179487185 0.08707264957264964
3 0.6763922275641026 0.9751469017094017 0.06440304487179489 0.04762286324786326
3 0.029427083333333347 0.7012954059829061 0.051722756410256455 0.06749465811965803
0 0.0076121794871795104 0.8182558760683761 0.015224358974359021 0.05526175213675219
0 0.5086638621794872 0.9470219017094017 0.03876201923076934 0.04345619658119659
1 0.7875 0.6145833333333334 0.0359375 0.07916666666666666
1 0.6453125 0.42604166666666665 0.0578125 0.05625
1 0.9354266826923079 0.26956463675213677 0.06953125 0.05520833333333333
