2 0.4242688301282051 0.30631677350427355 0.07133413461538476 0.0828792735042736
2 0.3835336538461539 0.1229834401709402 0.08269230769230776 0.06861645299145294
1 0.3365484775641026 0.039877136752136756 0.05390625 0.07708333333333334
1 0.47292668269230764 0.09188034188034187 0.06616586538461541 0.09508547008547012
0 0.5767628205128206 0.5466880341880341 0.034775641025641055 0.039957264957264906
0 0.30464743589743587 0.3038728632478633 0.04815705128205132 0.06639957264957269
0 0.07112379807692311 0.1732638888888889 0.0436899038461538 0.06319444444444447
0 0.40078125 0.6932291666666667 0.046875 0.065625
0 0.426953125 0.7286458333333333 0.03828125 0.051041666666666666
1 0.3332331730769231 0.8412126068376068 0.06911057692307691 0.07077991452991447
0 0.395703125 0.20625 0.04296875 0.04791666666666667
0 0.6032752403846154 0.121474358974359 0.04785657051282062 0.05993589743589746
1 0.417578125 0.18802083333333333 0.04765625 0.053125
1 0.5421875 0.85 0.0671875 0.075
