1 0.4258814102564103 0.8432158119658121 0.05208333333333344 0.05608974358974355
1 0.8831129807692308 0.30142895299145306 0.05108173076923066 0.04991987179487183
1 0.9571213942307694 0.2372996794871795 0.04729567307692317 0.06866987179487187
0 0.5365584935897436 0.8340010683760684 0.04306891025641031 0.053151709401709483
0 0.17314703525641026 0.4082799145299146 0.04272836538461542 0.04455128205128205
0 0.015234375 0.234375 0.03046875 0.05625
0 0.8771033653846155 0.014289529914529937 0.03705929487179489 0.028579059829059873
0 0.6380508814102565 0.5510016025641026 0.040404647435897445 0.05558226495726496
0 0.505078125 0.44635416666666666 0.02890625 0.03854166666666667
0 0.4377203525641026 0.6825721153846154 0.0504407051282052 0.054193376068376035
