0 0.8460536858974359 0.676428952991453 0.02904647435897445 0.037099358974359
0 0.620693108974359 0.18137019230769233 0.03305288461538467 0.04698183760683762
0 0.4254907852564103 0.0747996794871795 0.06933092948717942 0.08918269230769235
0 0.276953125 0.5036458333333333 0.04140625 0.046875
0 0.872265625 0.2703125 0.03515625 0.042708333333333334
3 0.4904847756410257 0.49198717948717957 0.09515224358974361 0.12286324786324793
3 0.4634415064102564 0.777056623931624 0.08313301282051286 0.1082799145299146
3 0.590274439102564 0.9043402777777778 0.06985176282051286 0.09142628205128212
3 0.7874599358974359 0.8879540598290598 0.10016025641025647 0.12152777777777786
3 0.42638221153846156 0.717013888888889 0.09314903846153855 0.12419871794871801
3 0.3653445512820513 0.6626736111111112 0.03918269230769229 0.05125534188034197
3 0.32883613782051285 0.2199252136752137 0.03984375 0.05000000000000006
3 0.71640625 0.015104166666666667 0.0515625 0.030208333333333334
3 0.5838842147435898 0.5280448717948718 0.04657451923076934 0.058760683760683816
