1 0.7104420731707317 0.6538109756097561 0.04119664634146343 0.0617886178861788
1 0.059375 0.8109375 0.0671875 0.046875
1 0.021080815397350988 0.36856719094922735 0.02396005794701986 0.055911975717439215
1 0.22242870145631066 0.19495853559870552 0.05271541262135924 0.06093244336569583
1 0.18359375 0.2046875 0.04375 0.057291666666666664
0 0.738671875 0.440625 0.02890625 0.035416666666666666
0 0.61796875 0.9223958333333333 0.0203125 0.034375
0 0.35372778263403265 0.053114073426573434 0.022658071095571008 0.03139811577311577
0 0.07743923992422581 0.17700981648241695 0.02605304881396885 0.036107755570197915
2 0.5483651968149038 0.35337727864583335 0.06415827824519234 0.077587890625
2 0.3913233901515151 0.3399463383838384 0.06579071969696973 0.07635732323232323
2 0.43523910984848485 0.3698863636363636 0.06512784090909082 0.12386363636363633
2 0.27533052884615383 0.4902777777777778 0.06472355769230771 0.08888888888888893
2 0.151953125 0.3776041666666667 0.07734375 0.08229166666666667
1 0.5243088942307692 0.12732371794871797 0.0595552884615385 0.09631410256410258
2 0.225 0.8609375 0.06875 0.090625
1 0.03165409482758619 0.1060344827586207 0.04588721264367813 0.04655172413793104
