0 0.4082502216312056 0.22714612884160754 0.044425975177305066 0.05220892434988178
0 0.29028424202127656 0.21025044326241135 0.02991467198581561 0.041674054373522444
0 0.020703125 0.18541666666666667 0.03828125 0.04791666666666667
0 0.45988752216312057 0.42105496453900704 0.024263076241134753 0.030821513002363982
0 0.13664269911504423 0.2846285029498526 0.02815265486725662 0.0426530235988201
0 0.1914212740384616 0.7423744658119659 0.027714342948717996 0.03474893162393163
0 0.3660006009615385 0.7987980769230769 0.027113381410256432 0.039423076923077005
0 0.4164012419871795 0.6309161324786324 0.036488381410256385 0.046661324786324815
0 0.37376302083333335 0.6884081196581197 0.031480368589743526 0.03360042735042737
0 0.27979266826923077 0.683707264957265 0.039272836538461586 0.046581196581196596
0 0.3359375 0.7541666666666667 0.0453125 0.0625
0 0.3680038060897436 0.866920405982906 0.03913261217948723 0.051415598290598295
0 0.1823267227564103 0.8862847222222222 0.04590344551282057 0.05542200854700852
0 0.18603265224358975 0.9525106837606837 0.0414963942307693 0.05785256410256411
0 0.395703125 0.0578125 0.03671875 0.04479166666666667
0 0.7597706330128206 0.6085870726495728 0.0348457532051281 0.05259081196581204
0 0.749609375 0.665625 0.03984375 0.05
0 0.8106119791666668 0.7922943376068378 0.046344150641025726 0.06241987179487189
0 0.6298327323717949 0.6229567307692309 0.04231770833333322 0.05723824786324781
0 0.958203125 0.9046875 0.03828125 0.051041666666666666
0 0.675 0.8557291666666667 0.0375 0.046875
1 0.6443309294871795 0.31901709401709405 0.06991185897435903 0.09220085470085475
1 0.726171875 0.35520833333333335 0.03515625 0.058333333333333334
1 0.738126001602564 0.4139823717948718 0.044060496794871805 0.07588141025641028
1 0.809845595472441 0.9556061351706037 0.053746309055118145 0.05753772965879271
1 0.8782118055555556 0.06924189814814813 0.05763888888888893 0.061516203703703747
1 0.529123263888889 0.10542423433048433 0.06762152777777777 0.0760105056980058
1 0.5561532114749936 0.2526041666666667 0.06357498730642294 0.078125
1 0.19950921474358976 0.059375000000000025 0.03808092948717952 0.04791666666666671
1 0.10554887820512822 0.19182692307692312 0.051722756410256435 0.07948717948717952
1 0.072265625 0.10208333333333333 0.04140625 0.07083333333333333
1 0.40110728346456687 0.7396776574803149 0.0772145669291338 0.08560531496062988
1 0.70703125 0.684375 0.05625 0.058333333333333334
1 0.5505008012820513 0.4760550213675214 0.053245192307692424 0.08031517094017086
1 0.567578125 0.5348958333333333 0.04296875 0.071875
1 0.8609625400641026 0.4922142094017094 0.0733874198717949 0.08234508547008552
0 0.890625 0.290625 0.04375 0.058333333333333334
0 0.743359375 0.019270833333333334 0.03984375 0.03854166666666667
0 0.259560296474359 0.8418402777777778 0.032441907051281985 0.0413194444444444
0 0.21893529647435903 0.6859642094017094 0.04880809294871802 0.059428418803418856
0 0.7292076771653543 0.9084932742782154 0.05216535433070861 0.06009678477690284
0 0.890234375 0.9630208333333333 0.04453125 0.059375
1 0.7853766025641026 0.6833333333333333 0.046875 0.05
2 0.958203125 0.225 0.07421875 0.09583333333333334
3 0.2840194310897436 0.7971821581196582 0.027273637820512776 0.034802350427350366
3 0.2515625 0.8661458333333333 0.034375 0.046875
3 0.825390625 0.3 0.03359375 0.03958333333333333
0 0.9116035657051281 0.4143162393162393 0.01863982371794872 0.024465811965811983
0 0.774609375 0.403125 0.03671875 0.05
0 0.990234375 0.9604166666666667 0.01796875 0.03125
0 0.56015625 0.17447916666666666 0.0265625 0.034375
0 0.2611278044871795 0.14089209401709404 0.023056891025641013 0.031784188034188074
0 0.39453125 0.010416666666666666 0.0296875 0.020833333333333332
0 0.703125 0.009895833333333333 0.040625 0.019791666666666666
0 0.774609375 0.2359375 0.01640625 0.019791666666666666
0 0.663671875 0.5864583333333333 0.02265625 0.027083333333333334
0 0.723046875 0.9833333333333333 0.02734375 0.03125
0 0.3076372195512821 0.7209134615384616 0.014413060897435858 0.018910256410256447
