1 0.7834996668827426 0.795194408431768 0.04816920556035722 0.04818796216268121
1 0.9241786858974359 0.8639155982905983 0.06109775641025657 0.05475427350427336
1 0.5653753871362721 0.45446197061365606 0.04753448213771252 0.05315471045808119
1 0.40452814390665515 0.6929484178430807 0.04944090319792571 0.04668743397675985
2 0.4094751602564103 0.5092013888888889 0.08890224358974361 0.10178952991452998
2 0.5781450320512821 0.8004006410256411 0.05004006410256414 0.12003205128205122
1 0.4710718047752809 0.7595271535580523 0.0620698735955056 0.07504681647940074
0 0.679286858974359 0.5160122863247864 0.03605769230769233 0.042761752136752186
0 0.9277061786252963 0.7325928768943475 0.027465794009911802 0.03341368598721542
0 0.7059036030682801 0.7149161504849707 0.03891394770959389 0.04254597618361657
0 0.4526725907519447 0.6178995006242196 0.03455866464995685 0.04197877652933843
0 0.35601380813953487 0.40290356042536274 0.02089389534883721 0.029948693102762824
0 0.4296374198717949 0.4024842849334129 0.017178648628503358 0.025942282846352544
0 0.29338103756708406 0.26547530312065193 0.041689959749552766 0.05528970383621553
0 0.28131009615384617 0.7640892094017094 0.03874198717948722 0.04874465811965803
0 0.1524439102564103 0.8470753205128204 0.040064102564102554 0.05638354700854708
0 0.030842268978680497 0.8975023708345338 0.03136321485162777 0.04722372275040811
0 0.2831592345505618 0.6393609550561797 0.04112535112359552 0.05086610486891393
0 0.19754742419331606 0.6513705824450206 0.02800908419763757 0.038550969941419426
0 0.5748990519662921 0.8999122191011236 0.042003160112359515 0.04888810861423233
0 0.6051764846225871 0.9544832781138961 0.041402648732353775 0.04796228272351873
2 0.48475560897435893 0.9651575854700855 0.11374198717948714 0.07027243589743588
0 0.6414460811717353 0.1543151212482608 0.02688254695885517 0.032455028821307894
0 0.521796447349467 0.7305390497455105 0.025578453615672726 0.03236759339287414
0 0.5585279143258427 0.7079705056179776 0.031118328651685356 0.0465589887640449
0 0.954627403846154 0.9615785256410255 0.02824519230769216 0.04105235042735048
