1 0.9229938271604938 0.4174189814814815 0.055825617283950635 0.04942129629629631
1 0.9729667467948719 0.7616452991452991 0.05250400641025639 0.05587606837606837
1 0.6950290376106194 0.5080706120943953 0.03416758849557518 0.056683259587020626
1 0.9517333984375 0.02213541666666666 0.046533203125 0.04427083333333332
1 0.725390625 0.3015625 0.07265625 0.053125
1 0.624609375 0.6911458333333333 0.05390625 0.065625
1 0.7254321073008849 0.6474603613569322 0.06877074115044239 0.06367072271386434
1 0.1703125 0.6234375 0.0515625 0.065625
2 0.85625 0.153125 0.09375 0.16666666666666666
2 0.805859375 0.03177083333333333 0.06953125 0.06354166666666666
2 0.754296875 0.16666666666666666 0.07421875 0.09791666666666667
2 0.5612924429086539 0.10387453258547007 0.053196364182692336 0.05331864316239316
2 0.7400395262048909 0.810571389531893 0.09609282259021841 0.1373207626028806
2 0.5903935185185185 0.803613683127572 0.1296875 0.17916666666666667
2 0.5397116868471036 0.6818222736625514 0.06881380579297244 0.08586676954732511
2 0.27044753086419754 0.8228652263374485 0.08198302469135813 0.12073045267489704
2 0.42069310897435896 0.9532852564102564 0.09451121794871797 0.08926282051282045
2 0.21665219907407413 0.5795267489711935 0.06611689814814822 0.10072016460905348
2 0.3948157793209877 0.7680748456790123 0.07244405864197541 0.09656635802469135
1 0.721875 0.10625 0.0625 0.07708333333333334
1 0.775390625 0.9651041666666667 0.04765625 0.06770833333333333
1 0.880224609375 0.98955078125 0.03544921875 0.018815104166666666
0 0.5875 0.6958333333333333 0.03125 0.035416666666666666
0 0.77265625 0.3307291666666667 0.034375 0.046875
0 0.726171875 0.3932291666666667 0.03203125 0.042708333333333334
0 0.48396306430714675 0.36366356382978726 0.02265454514457179 0.027401004728132308
0 0.944921875 0.12864583333333332 0.03671875 0.046875
0 0.8204786918328584 0.7670445552389997 0.044150641025641056 0.05074786324786326
0 0.603515625 0.9765625 0.03515625 0.03854166666666667
0 0.75625 0.017708333333333333 0.0296875 0.035416666666666666
0 0.674609375 0.9317708333333333 0.03203125 0.046875
