0 0.2407354797979798 0.24980534511784513 0.0314709595959596 0.04752735690235692
0 0.39812911184210525 0.2197642543859649 0.035978618421052655 0.051699561403508794
0 0.5504111842105263 0.06565241228070175 0.040625 0.05290570175438598
0 0.46268503289473684 0.08399122807017542 0.04255756578947363 0.06776315789473683
0 0.053515625 0.9572916666666667 0.03828125 0.05625
0 0.151171875 0.8635416666666667 0.02421875 0.027083333333333334
0 0.7182892628205129 0.2875400641025641 0.0421875 0.05365918803418808
0 0.6381109775641025 0.3988381410256411 0.0378405448717948 0.04607371794871788
1 0.30859375 0.32135416666666666 0.0453125 0.084375
1 0.3587890625 0.8657986111111111 0.06323784722222223 0.06990740740740738
1 0.903125 0.2796875 0.0546875 0.06145833333333333
1 0.9257764274691358 0.36507201646090537 0.03675733024691343 0.06923868312757199
1 0.738671875 0.5604166666666667 0.04296875 0.07083333333333333
1 0.6890625 0.4010416666666667 0.0265625 0.05
1 0.391015625 0.7109375 0.03984375 0.06979166666666667
2 0.270703125 0.7097489316239316 0.06796875000000005 0.09866452991452992
2 0.065625 0.7520833333333333 0.08125 0.06666666666666667
2 0.1703125 0.8197916666666667 0.0515625 0.06666666666666667
2 0.1379971590909091 0.39280829124579125 0.0791193181818182 0.0876999158249158
2 0.6614766725352114 0.61106220657277 0.0489656690140845 0.04841549295774641
2 0.9559124228395062 0.68872170781893 0.055574845679012344 0.059799382716049364
2 0.834375 0.646875 0.0484375 0.07708333333333334
2 0.8629407051282051 0.15669070512820513 0.05737179487179471 0.06963141025641027
2 0.07568108974358975 0.23181089743589745 0.05136217948717951 0.0636217948717949
1 0.30078125 0.07447916666666667 0.053125 0.06145833333333333
1 0.537890625 0.3151041666666667 0.05546875 0.08229166666666667
1 0.6489072657096425 0.4578926282051282 0.042730340375586894 0.06284722222222226
1 0.263671875 0.5765625 0.05859375 0.065625
1 0.265234375 0.6447916666666667 0.06953125 0.05625
1 0.034765625 0.7927083333333333 0.06640625 0.06875
0 0.7624644886363636 0.8082859848484849 0.023366477272727247 0.029050925925925952
0 0.6692243303571429 0.8181972789115647 0.010323660714285764 0.0177721088435374
0 0.5648938301282052 0.7469284188034188 0.04364983974358969 0.056356837606837594
0 0.3453125 0.5078125 0.021875 0.028125
0 0.746875 0.746875 0.01875 0.03125
0 0.217578125 0.5375 0.03671875 0.03958333333333333
1 0.741015625 0.6333333333333333 0.02890625 0.04791666666666667
3 0.97578125 0.035416666666666666 0.046875 0.06666666666666667
0 0.5068773674242424 0.7329124579124578 0.01844223484848486 0.028282828282828257
1 0.476171875 0.5114583333333333 0.06015625 0.07083333333333333
1 0.533984375 0.6723958333333333 0.05390625 0.059375
