1 0.6 0.5822916666666667 0.03125 0.058333333333333334
1 0.5057833241150442 0.8847114675516223 0.07250414823008847 0.08266039823008846
1 0.8970582561728395 0.6417952674897119 0.06911651234567913 0.09192386831275717
1 0.76015625 0.3729166666666667 0.0671875 0.08333333333333333
1 0.6277551161504424 0.2443814528023599 0.05394773230088488 0.09917957227138648
1 0.55390625 0.0765625 0.046875 0.078125
1 0.5300631009615385 0.19783653846153848 0.058563701923076916 0.08750000000000006
1 0.6439090154867256 0.36688447829211107 0.047912057522123776 0.05328856553967185
2 0.949609375 0.175 0.09921875 0.10625
2 0.935474537037037 0.2955632716049383 0.09837962962962958 0.16195987654320987
2 0.6901030143805309 0.6328171091445428 0.09010647123893811 0.09480088495575222
2 0.663671875 0.8541666666666666 0.12421875 0.15625
2 0.5217312301452235 0.7231653241055896 0.09075228329929672 0.11723772785719694
2 0.5504874170353983 0.5790422197640119 0.06191233407079642 0.0880438790560472
2 0.4002800055309734 0.809273598820059 0.08024751106194686 0.09771386430678461
2 0.4630150719026549 0.9373018067846608 0.1005323561946903 0.12331305309734511
2 0.34587840544871795 0.22589476495726496 0.050330528846153876 0.0874732905982906
2 0.0453125 0.1515625 0.06875 0.090625
2 0.15056590544871798 0.45496794871794877 0.037309695512820526 0.05534188034188035
2 0.9369212962962964 0.5282921810699589 0.10320216049382722 0.16460905349794241
2 0.631640625 0.7630208333333334 0.09453125 0.10520833333333333
2 0.6126693860619469 0.0865597345132744 0.0661435287610618 0.09402654867256643
2 0.8475360576923077 0.12720352564102566 0.09419070512820511 0.15184294871794865
2 0.5011407632743363 0.054401733038348124 0.07584347345132744 0.10672013274336291
2 0.33515625 0.7536458333333333 0.06875 0.10104166666666667
0 0.6702502765486725 0.49987555309734516 0.0436255530973451 0.060167772861356994
0 0.6705199115044247 0.0654775073746313 0.032024336283185836 0.044008112094395355
0 0.25073617788461544 0.27363782051282054 0.025270432692307755 0.0333867521367521
0 0.25703125 0.3796875 0.01875 0.028125
0 0.2734375 0.403125 0.0375 0.05416666666666667
0 0.04446902654867256 0.7799778761061946 0.04380530973451327 0.05490412979351037
0 0.10845201880530975 0.8744238569321534 0.0195450774336283 0.026410398230088578
3 0.7921923225308642 0.6836765986071541 0.08594714506172849 0.11361388097499206
