2 0.2046875 0.2760416666666667 0.134375 0.15833333333333333
2 0.14919871794871797 0.9106570512820513 0.10464743589743594 0.11618589743589744
2 0.8206430288461538 0.22090010683760689 0.08840144230769234 0.1522168803418804
2 0.6475661057692308 0.10204326923076926 0.09080528846153842 0.1228365384615385
2 0.525 0.21197916666666666 0.0921875 0.09479166666666666
3 0.498828125 0.28229166666666666 0.05078125 0.075
3 0.569921875 0.26145833333333335 0.04609375 0.058333333333333334
3 0.7171875 0.10260416666666666 0.0484375 0.07395833333333333
3 0.81015625 0.8880208333333334 0.053125 0.07604166666666666
1 0.42988782051282054 0.8051549145299146 0.060096153846153966 0.12419871794871801
1 0.10490785256410258 0.27230235042735046 0.06518429487179483 0.09748931623931624
1 0.3289112580128205 0.34994658119658123 0.0411959134615385 0.061057692307692334
2 0.4499198717948719 0.4879807692307693 0.06610576923076925 0.11217948717948723
2 0.15885416666666669 0.7360576923076924 0.08333333333333334 0.119551282051282
2 0.7821915064102565 0.7178552350427351 0.06462339743589726 0.12053952991452993
1 0.490625 0.1578125 0.04375 0.10104166666666667
2 0.7949719551282051 0.8492254273504274 0.08112980769230767 0.12152777777777786
