2 0.8213873447516026 0.4104817708333333 0.11894406049679489 0.1334635416666666
2 0.4862630208333334 0.6602926587301587 0.12885044642857144 0.14518849206349196
2 0.6177691449175824 0.7800824175824175 0.06487093635531149 0.08666056166056167
2 0.787890625 0.7921875 0.07734375 0.09479166666666666
2 0.30066034226190474 0.7790178571428572 0.06850818452380954 0.13095238095238101
2 0.332421875 0.4140625 0.07421875 0.134375
2 0.474609375 0.4375 0.08515625 0.06875
2 0.414453125 0.39166666666666666 0.09765625 0.11666666666666667
2 0.30827323717948724 0.20591613247863247 0.1053285256410256 0.118082264957265
2 0.12890625 0.353125 0.0890625 0.08125
2 0.395703125 0.14322916666666666 0.07734375 0.15729166666666666
2 0.6377325148809524 0.5984126984126984 0.07702752976190483 0.11765873015873017
1 0.855078125 0.7614583333333333 0.03984375 0.07916666666666666
1 0.8171875 0.6682291666666667 0.06875 0.053125
1 0.73671875 0.821875 0.0421875 0.06041666666666667
1 0.7052734375 0.47415364583333336 0.038671875 0.07122395833333334
1 0.8199462890625 0.08649088541666666 0.043701171875 0.07506510416666665
1 0.47250100160256403 0.23973023504273508 0.053495592948717974 0.05312500000000006
1 0.36484375 0.32447916666666665 0.046875 0.07604166666666666
1 0.215234375 0.04635416666666667 0.03828125 0.040625
1 0.37265625 0.17916666666666667 0.028125 0.07083333333333333
1 0.637109375 0.03697916666666667 0.06171875 0.06770833333333333
0 0.938251201923077 0.5543892450142451 0.022268963675213627 0.030822649572649515
0 0.881640625 0.5859375 0.03046875 0.03854166666666667
0 0.7483442164179104 0.9607664800995025 0.037360074626865636 0.0455068407960199
0 0.79296875 0.8473958333333333 0.0234375 0.028125
0 0.7890625 0.7203125 0.0328125 0.046875
0 0.6346261160714286 0.718874007936508 0.02929687500000009 0.04141865079365073
0 0.36096540178571435 0.608110119047619 0.026023065476190467 0.03129960317460328
0 0.40391555059523815 0.834375 0.025688244047619067 0.04751984126984136
0 0.3427362351190476 0.9226190476190477 0.03643973214285716 0.05456349206349209
0 0.1775948660714286 0.4776289682539682 0.04678199404761909 0.06408730158730158
0 0.43046875 0.31927083333333334 0.028125 0.03854166666666667
0 0.8265625 0.015625 0.0390625 0.03125
1 0.9809326171875 0.3463541666666667 0.036572265625 0.046875
2 0.7578125 0.6234375 0.071875 0.065625
1 0.753515625 0.7026041666666667 0.05078125 0.096875
3 0.7182542067307692 0.3223157051282052 0.03474559294871789 0.041533119658119705
1 0.437109375 0.14583333333333334 0.05703125 0.08958333333333333
0 0.984765625 0.8307291666666666 0.02890625 0.046875
1 0.61171875 0.5130208333333334 0.0359375 0.034375
0 0.59609375 0.015104166666666667 0.03125 0.030208333333333334
1 0.68125 0.019791666666666666 0.05 0.03958333333333333
0 0.797265625 0.008333333333333333 0.01796875 0.016666666666666666
0 0.342578125 0.011979166666666667 0.04453125 0.023958333333333335
