0 0.15932726404800873 0.08612077195853794 0.015343698854337128 0.023532687761411115
0 0.16276872783687943 0.17022015366430263 0.012339317375886515 0.01860224586288419
0 0.16378823138297874 0.3120567375886525 0.022490026595744683 0.030437352245862925
0 0.2843251329787234 0.3265366430260047 0.03296764184397163 0.03989361702127656
0 0.42107435726950354 0.36863918439716314 0.03373781028368796 0.04434101654846335
0 0.6107186391843972 0.17892031505728315 0.0373171542553191 0.044789393526095664
0 0.7206033909574469 0.12723847517730497 0.018677969858156018 0.02551713947990543
0 0.7541611258865248 0.18422724586288416 0.017497783687943257 0.024571513002364074
0 0.8175337987588651 0.09603280141843973 0.018190381205673668 0.023655437352245866
0 0.719179410460993 0.042756353427895986 0.017093306737588687 0.023825354609929073
0 0.6028119459219858 0.10446586879432625 0.011574689716312125 0.014915780141843981
0 0.47409685283687947 0.05670065011820332 0.018561613475177284 0.02548758865248227
0 0.6824329565602836 0.2429410460992908 0.03129986702127665 0.04455526004728136
0 0.0965231604609929 0.3417036052009456 0.018500664893617003 0.024335106382978703
0 0.18086768617021276 0.3665226063829787 0.034319592198581536 0.04857417257683216
0 0.1818151595744681 0.45352763002364066 0.021343085106382963 0.03118351063829786
0 0.2959635416666667 0.42811761229314427 0.034635416666666655 0.04358747044917255
0 0.49166943705673755 0.5315270390070922 0.021647828014184432 0.02737145390070926
0 0.5563663563829787 0.5276780437352246 0.023570478723404342 0.038763297872340514
0 0.329900820035461 0.5896054964539007 0.02880651595744683 0.03237293144208036
0 0.18361591312056738 0.6127992021276596 0.025498670212765952 0.03622192671394799
0 0.4477171985815603 0.8300088652482269 0.03918439716312054 0.0472813238770686
0 0.2893367686170213 0.884482121749409 0.029138962765957465 0.03728575650118202
0 0.33864140070921983 0.8861554373522459 0.03293439716312059 0.04210992907801412
0 0.6931405141843971 0.8690676713947991 0.028723404255319097 0.03491430260047288
0 0.6210660460992907 0.8093232860520095 0.021609042553191495 0.025856973995271915
0 0.8874390514184398 0.21210475768321516 0.0407247340425533 0.05704048463356974
0 0.5421875 0.090625 0.021875 0.025
0 0.59375 0.035416666666666666 0.028125 0.03125
0 0.14419667212220405 0.5532937806873978 0.04117225859247133 0.03924577195853776
0 0.017984093698854352 0.518040780141844 0.018220642389525317 0.024054373522458643
0 0.42339871453900707 0.678871158392435 0.03850842198581565 0.04642434988179668
0 0.37623005319148933 0.5493424940898346 0.04086879432624113 0.0508421985815603
0 0.597517730496454 0.518255023640662 0.02936613475177303 0.04655732860520102
0 0.6548592641843971 0.8606863179669032 0.02383643617021276 0.033946513002364044
0 0.03657468971631205 0.7375923463356974 0.023149379432624108 0.029691193853427934
0 0.48143838652482274 0.45674497635933803 0.01329787234042552 0.018838652482269503
0 0.2190630540780142 0.3461140661938534 0.0188774379432624 0.024379432624113483
0 0.2855718085106383 0.6584810874704492 0.03712322695035462 0.04976359338061466
0 0.33588209219858156 0.7025709219858156 0.02914450354609932 0.040632387706855864
0 0.8486092641843971 0.31904181442080376 0.03083998226950353 0.04454048463356977
1 0.783660239361702 0.06386303191489362 0.042054521276595744 0.03685726950354609
1 0.95625 0.2760416666666667 0.0578125 0.06458333333333334
1 0.9074606604609929 0.2787012411347518 0.03976617907801412 0.06464243498817966
1 0.8011955298690671 0.16603871158392433 0.06748925941080194 0.04765070921985816
1 0.5131593528368794 0.12695035460992907 0.044049202127659545 0.04973404255319149
1 0.5627881205673759 0.37982417257683215 0.036923758865248235 0.044518321513002355
1 0.6608211436170214 0.3593150459174395 0.032967641843971676 0.041564943626113876
1 0.6923564937943263 0.6382978723404256 0.03860261524822697 0.0672281323877068
1 0.8610990350518277 0.6132194489907257 0.03910512138570645 0.05015684669939991
1 0.8083782988952537 0.5657792894162575 0.03483914689034364 0.0652499318057829
1 0.7067181959219859 0.562747488179669 0.043123891843971675 0.05575502364066196
1 0.7526595744680852 0.9380540780141845 0.04321808510638299 0.05429964539007095
1 0.2920572916666667 0.9659574468085107 0.051302083333333345 0.03475177304964537
1 0.09607712765957446 0.6290078309692672 0.05152925531914891 0.06490100472813237
1 0.3307679521276596 0.44226876477541377 0.045356826241134754 0.06699911347517731
1 0.25057901152482265 0.47776300236406627 0.027875664893617015 0.029994089834515413
2 0.7843029698581561 0.30308067375886527 0.04389406028368796 0.06538120567375885
2 0.6083111702127659 0.5711066784869978 0.043240248226950405 0.06715425531914895
2 0.3229471409574468 0.8039487293144207 0.04316821808510638 0.048352541371158374
1 0.3639738475177305 0.7054078014184397 0.039893617021276605 0.04825650118203318
1 0.4626191267730496 0.5586805555555555 0.033759973404255295 0.05654550827423167
0 0.6074052526595745 0.6665780141843972 0.03507867907801421 0.047606382978723376
0 0.7723487367021277 0.5610002955082742 0.0399324024822695 0.04304078014184398
1 0.1600703679078014 0.46172059692671397 0.03435837765957446 0.053952423167848686
2 0.12580341312056736 0.9233673167848699 0.06022828014184396 0.05669326241134745
0 0.172265625 0.961931146572104 0.03046875 0.038312647754137195
0 0.07736378205128207 0.37061965811965814 0.029967948717948757 0.03173076923076922
0 0.292220744680851 0.20776817375886525 0.045988475177304936 0.058015661938534295
0 0.8645556294326241 0.6634677895981087 0.0382867907801419 0.03630319148936157
0 0.8671875 0.6776041666666667 0.025 0.03229166666666667
0 0.8954774447626841 0.7480524868157847 0.016890855155482852 0.023546326604837256
0 0.0125 0.865625 0.025 0.05416666666666667
0 0.5541361923758865 0.20886524822695038 0.020827792553191494 0.029225768321513003
3 0.96875 0.12473290598290603 0.04607371794871788 0.06677350427350426
3 0.6809951241134752 0.5604646867612293 0.0421875 0.051041666666666666
3 0.14564494680851064 0.9626182033096927 0.024335106382978734 0.033244680851063774
3 0.043930075354609924 0.9229979314420805 0.028939494680851052 0.03860815602836887
3 0.05110133660665576 0.8600242657755957 0.04063863884342607 0.054478655210038106
3 0.12394448138297873 0.20322104018912532 0.021282136524822692 0.02500000000000003
3 0.7316489361702128 0.8765883569739953 0.02816932624113484 0.03848995271867608
3 0.846160239361702 0.7860520094562647 0.01634530141843964 0.022901891252955053
0 0.7023492907801419 0.3531971722131297 0.028036347517730587 0.04050281869430806
0 0.3390625 0.8302083333333333 0.0296875 0.03125
0 0.4214428191489361 0.25449911347517734 0.017486702127659636 0.03399822695035463
0 0.8170157358156029 0.306427304964539 0.03562721631205683 0.04400118203309689
3 0.691156914893617 0.5206855791962175 0.013851950354609954 0.01743498817966902
3 0.38074301861702126 0.3753619976359338 0.014112367021276606 0.017597517730496528
