0 0.243359375 0.225 0.05078125 0.058333333333333334
2 0.54375 0.12708333333333333 0.1171875 0.19791666666666666
2 0.7290331196581196 0.13038194444444443 0.07144764957264949 0.07951388888888887
2 0.48899147727272724 0.586510538073038 0.12428977272727267 0.1148577117327117
2 0.26218039772727264 0.4678503787878788 0.10078125 0.10729166666666666
2 0.18427905701754388 0.4710952729044834 0.07908442982456147 0.15539717348927867
2 0.3896306818181818 0.7570549242424243 0.11988636363636358 0.14119318181818177
2 0.9359375 0.7166666666666667 0.1265625 0.15833333333333333
2 0.7662760416666666 0.6302372685185185 0.11631944444444428 0.1359375
1 0.45625 0.08489583333333334 0.0765625 0.096875
1 0.1728001644736842 0.7174616228070175 0.052837171052631596 0.07966008771929829
1 0.050390625 0.04114583333333333 0.07734375 0.06979166666666667
2 0.966796875 0.43072916666666666 0.06171875 0.13854166666666667
2 0.243359375 0.7651041666666667 0.12578125 0.09479166666666666
2 0.258984375 0.8473958333333333 0.10234375 0.08854166666666667
1 0.451171875 0.9692708333333333 0.06171875 0.059375
