0 0.487538666517591 0.1985828488372093 0.043999701848539186 0.04978197674418604
0 0.41807822748956475 0.5159759491154841 0.038480172927847354 0.05331941959848934
0 0.4029286393112702 0.6478365384615384 0.04061801207513409 0.05364862850327974
0 0.4940975327966607 0.6772348936593123 0.0375 0.05
0 0.3607830668604651 0.8826913759689923 0.03769985465116279 0.05026647286821699
0 0.22485977564102563 0.4073050213675214 0.04346955128205132 0.05451388888888899
0 0.3015625 0.7984375 0.040625 0.057291666666666664
0 0.9131009615384617 0.9661057692307692 0.05120192307692317 0.06137820512820511
3 0.8531750801282051 0.11951121794871795 0.07690304487179489 0.10392628205128208
3 0.112880608974359 0.4352163461538462 0.07311698717948717 0.09751602564102567
3 0.38403096116577223 0.33323798698071955 0.03208342650566487 0.03725464619359968
3 0.43493147175014907 0.18117887845358777 0.03747717277877172 0.05067518882925857
3 0.18048878205128208 0.8071314102564102 0.09214743589743586 0.13092948717948721
3 0.280859375 0.7661458333333333 0.07578125 0.09479166666666666
3 0.5458622167561121 0.7311046511627908 0.04908225253428746 0.06153100775193809
3 0.738671875 0.4475560897435898 0.06352163461538467 0.08352029914529915
0 0.9251402243589745 0.48362713675213675 0.030969551282051276 0.038087606837606876
3 0.7328725961538461 0.9587339743589745 0.027043269230769253 0.03605769230769233
3 0.51328125 0.9104166666666667 0.065625 0.08333333333333333
3 0.273828125 0.9755208333333333 0.07421875 0.046875
0 0.747265625 0.98125 0.03046875 0.035416666666666666
0 0.3372093023255814 0.9733769379844961 0.04941860465116279 0.05116279069767439
0 0.7301367035742036 0.1279076825951826 0.037516996891996876 0.047214937839937875
