3 0.16496394230769235 0.5073450854700855 0.07912660256410256 0.10016025641025644
3 0.380859375 0.471875 0.08203125 0.10208333333333333
3 0.4896634615384616 0.25641025641025644 0.038701923076923175 0.049679487179487135
3 0.6226963141025641 0.023637820512820533 0.04106570512820511 0.047275641025641066
3 0.3944711538461539 0.09735576923076929 0.060817307692307754 0.07879273504273504
3 0.8390024038461539 0.028846153846153872 0.09723557692307701 0.05795940170940175
3 0.3006510416666667 0.7070379273504274 0.04401041666666665 0.05884081196581192
0 0.8983373397435898 0.31139155982905986 0.03866185897435912 0.05136217948717956
0 0.87265625 0.5946848290598291 0.03393429487179489 0.05101495726495742
0 0.7598657852564104 0.7342948717948717 0.039162660256410395 0.05224358974358978
0 0.8398337339743591 0.904594017094017 0.03948317307692317 0.050854700854700854
0 0.7458934294871795 0.8181089743589745 0.03505608974358978 0.04754273504273503
0 0.7618689903846154 0.8782852564102565 0.04717548076923084 0.058066239316239415
0 0.6407852564102565 0.7479700854700855 0.030929487179487226 0.03824786324786326
0 0.5521834935897436 0.7871260683760684 0.037860576923077004 0.048076923076923114
0 0.4344350961538462 0.7217414529914531 0.04499198717948723 0.05331196581196582
0 0.37865584935897434 0.7365251068376069 0.04236778846153846 0.055795940170940264
0 0.255859375 0.725 0.04296875 0.05416666666666667
0 0.330859375 0.721875 0.03984375 0.058333333333333334
0 0.401953125 0.5526041666666667 0.03984375 0.051041666666666666
0 0.3459735576923077 0.15215010683760685 0.0484375 0.057291666666666664
0 0.8842047275641025 0.15989583333333332 0.04296875 0.051041666666666666
3 0.101171875 0.8786458333333333 0.05078125 0.06770833333333333
3 0.09139623397435899 0.5765491452991452 0.047976762820512865 0.06591880341880353
0 0.67890625 0.44895833333333335 0.0390625 0.04791666666666667
