3 0.6687570325286416 0.4173145117294054 0.04535384274413525 0.05603291507546811
3 0.12417534722222223 0.4582175925925926 0.025954861111111095 0.03495370370370363
0 0.7334635416666666 0.04791666666666667 0.026128472222222233 0.045370370370370366
0 0.7488839285714286 0.1655505952380952 0.016245039682539632 0.024057539682539632
0 0.8261222718253969 0.21916971916971917 0.03661954365079367 0.04349816849816858
0 0.5598404255319149 0.30798611111111107 0.028257978723404253 0.036805555555555536
0 0.7600708753052503 0.3337657712657712 0.026113209706959583 0.036502849002848885
0 0.5656742277004911 0.26092244044371704 0.009941438216039256 0.015684669939989012
0 0.413506610576923 0.3226495726495726 0.0172375801282052 0.02751068376068376
0 0.3588191105769231 0.21589209401709403 0.02144431089743586 0.028685897435897504
0 0.21614583333333331 0.49131944444444453 0.03298611111111112 0.04745370370370363
0 0.30004176895799234 0.6730428259683578 0.03367089470812874 0.04694035279141649
0 0.47312721631205684 0.6186437306783052 0.02216312056737584 0.025714902709583497
0 0.4815239448051948 0.8967935999186 0.03289366883116882 0.0397461334961335
0 0.25756448412698413 0.8654100529100528 0.026041666666666696 0.036375661375661394
0 0.07578125 0.8822916666666667 0.0328125 0.041666666666666664
0 0.5918402777777778 0.8179398148148148 0.025694444444444464 0.033101851851851785
0 0.5043870192307693 0.7626736111111111 0.02872596153846141 0.04131944444444453
1 0.5382662259615385 0.4262152777777778 0.03314302884615383 0.06477029914529915
0 0.17760416666666665 0.023148148148148147 0.024999999999999977 0.03472222222222222
