0 0.6047876602564102 0.4590277777777778 0.04082532051282053 0.0569444444444444
0 0.4964943910256411 0.6822248931623932 0.06109775641025639 0.06263354700854697
0 0.29261818910256415 0.794110576923077 0.036157852564102554 0.04212072649572652
0 0.17799479166666668 0.8439636752136752 0.03703926282051282 0.046581196581196714
0 0.20853365384615383 0.779019764957265 0.034054487179487225 0.045592948717948785
0 0.05322516025641029 0.8019097222222221 0.0401842948717949 0.050560897435897444
0 0.051171875 0.17291666666666666 0.03671875 0.04583333333333333
0 0.46592548076923085 0.18530982905982907 0.03409455128205128 0.04444444444444447
0 0.4765625 0.08177083333333333 0.0390625 0.042708333333333334
0 0.9619691506410255 0.10898771367521369 0.04360977564102573 0.0635416666666667
0 0.7869591346153847 0.296340811965812 0.04306891025641022 0.057425213675213686
0 0.5240384615384616 0.37847222222222227 0.038060897435897446 0.04807692307692305
0 0.5949118589743592 0.1684962606837607 0.04655448717948714 0.06471688034188035
0 0.3787159455128205 0.45738514957264964 0.034234775641025686 0.04516559829059836
0 0.18111979166666667 0.47573450854700855 0.03479567307692313 0.04586004273504282
0 0.1742487980769231 0.5510016025641026 0.04252804487179489 0.05558226495726496
0 0.3326221955128205 0.4028445512820513 0.038281250000000044 0.050080128205128284
0 0.17910657051282053 0.2789797008547009 0.04883814102564106 0.049412393162393216
0 0.25238381410256416 0.2596020299145299 0.04651442307692313 0.05077457264957272
0 0.6703125 0.6583333333333333 0.0359375 0.05
3 0.4004907852564103 0.3514823717948718 0.06079727564102573 0.08336004273504276
3 0.5254206730769232 0.7333066239316239 0.057331730769230746 0.0809294871794871
3 0.6465745192307693 0.5663728632478633 0.0493990384615385 0.07024572649572652
3 0.45234375 0.07395833333333333 0.0515625 0.06666666666666667
3 0.2649939903846154 0.0685229700854701 0.021294070512820572 0.026949786324786375
