2 0.764423076923077 0.6475694444444445 0.08814102564102563 0.12686965811965814
2 0.23122996794871797 0.1712206196581197 0.0968349358974359 0.11535790598290602
2 0.47890625 0.240625 0.09375 0.14166666666666666
2 0.08994391025641027 0.5459802350427351 0.13301282051282054 0.08928952991452986
2 0.40530849358974363 0.36578525641025644 0.10124198717948722 0.12686965811965809
1 0.5140224358974359 0.8401842948717949 0.10616987179487189 0.128926282051282
1 0.3038661858974359 0.3210870726495727 0.09851762820512819 0.10157585470085463
3 0.09138621794871797 0.6117654914529915 0.06402243589743595 0.06493055555555548
0 0.273828125 0.7630208333333334 0.03203125 0.053125
0 0.301171875 0.7765625 0.02890625 0.04895833333333333
1 0.3462540064102564 0.7883814102564102 0.08313301282051282 0.14407051282051278
1 0.280078125 0.8182291666666667 0.06171875 0.08020833333333334
0 0.451171875 0.1671875 0.04296875 0.053125
1 0.8866185897435898 0.4559294871794872 0.048076923076922996 0.05608974358974355
