0 0.4888221153846154 0.24436431623931626 0.040384615384615505 0.0572115384615385
0 0.30618990384615385 0.8218482905982907 0.04106570512820511 0.05341880341880341
0 0.32471955128205127 0.9146634615384616 0.04407051282051282 0.057425213675213624
0 0.2581129807692308 0.703659188034188 0.03305288461538458 0.04674145299145304
0 0.9036458333333334 0.592815170940171 0.048076923076922996 0.06009615384615389
0 0.9234375 0.4578125 0.0421875 0.065625
0 0.9606470352564103 0.4535924145299146 0.03223157051282062 0.04073183760683753
3 0.7866486378205129 0.10733173076923079 0.07173477564102573 0.10408653846153841
3 0.7867688301282052 0.20536858974358976 0.11556490384615384 0.15122863247863255
3 0.9622395833333333 0.23424145299145305 0.053084935897435945 0.07478632478632484
3 0.4759615384615385 0.40918803418803423 0.09014423076923084 0.12286324786324782
3 0.44841746794871806 0.1761485042735043 0.08112980769230775 0.11084401709401709
3 0.12201522435897436 0.9449919871794871 0.06133814102564096 0.07689636752136751
3 0.18699919871794876 0.9451255341880341 0.09915865384615383 0.1076655982905983
3 0.6153645833333334 0.8901709401709401 0.043709935897436034 0.05566239316239319
3 0.8430488782051283 0.5557959401709401 0.07111378205128212 0.10742521367521375
3 0.724198717948718 0.6064770299145299 0.044391025641025636 0.06482371794871812
3 0.27363782051282054 0.5694444444444445 0.024038461538461543 0.029380341880341967
0 0.3260616987179487 0.5579861111111112 0.023357371794871806 0.03627136752136752
0 0.24058493589743596 0.2743055555555556 0.0380608974358974 0.048076923076923114
0 0.576171875 0.18645833333333334 0.04609375 0.06041666666666667
3 0.1222155448717949 0.6225293803418804 0.04643429487179489 0.08079594017094015
3 0.33599759615384617 0.727056623931624 0.08762019230769229 0.1042200854700854
