1 0.2969658430232558 0.7025193798449613 0.04542151162790695 0.07630813953488366
1 0.4111478365384616 0.42187500000000006 0.03948317307692317 0.0868055555555556
1 0.6170186251490758 0.486991589644206 0.05393513342277876 0.05557108427747952
1 0.48044149709302336 0.7770954457364341 0.029124273255813994 0.037378875968992274
1 0.575 0.28802083333333334 0.0421875 0.042708333333333334
1 0.281422601744186 0.23240067829457364 0.028361191860465106 0.07056686046511627
1 0.10992914244186044 0.603534647684357 0.03432049418604648 0.03566326277082084
2 0.53203125 0.6307291666666667 0.0953125 0.09895833333333333
2 0.45357921511627913 0.7037548449612404 0.0615915697674418 0.0762596899224807
2 0.2930528380292189 0.571900777678394 0.06778240533691116 0.08681859968197175
2 0.19234985278771616 0.23243111458954482 0.05116512000596298 0.12258932120850728
2 0.5462300145348837 0.12228682170542635 0.05652252906976747 0.08730620155038762
2 0.7663789970930233 0.41282703488372097 0.04136991279069768 0.0755087209302325
0 0.6649345930232557 0.3237281976744187 0.028960755813953565 0.0368943798449612
0 0.6012445494186046 0.8893019528920691 0.020984738372093047 0.026144156231365536
0 0.5518077761627908 0.7304384689922482 0.02628997093023262 0.03258236434108532
0 0.3774618459302325 0.11764777131782946 0.019785610465116267 0.04207848837209302
0 0.33219476744186044 0.208781492248062 0.018568313953488368 0.02696220930232561
0 0.7906340843023256 0.17549660852713178 0.02828851744186043 0.039026162790697684
1 0.91015625 0.5364583333333334 0.05 0.05
0 0.30267078488372096 0.8446463178294574 0.035828488372093 0.043992248062015446
0 0.8102925145348838 0.05532945736434109 0.04191497093023253 0.04767441860465116
1 0.78828125 0.10625 0.04375 0.06041666666666667
1 0.4810319767441861 0.015746124031007752 0.02430959302325588 0.031492248062015504
