3 0.09222255608974363 0.8422142094017094 0.0548377403846154 0.07545405982905974
3 0.14990484775641028 0.714957264957265 0.026612580128205176 0.0321581196581197
3 0.3333984375 0.535803952991453 0.02921674679487185 0.04222756410256405
3 0.8957381810897436 0.8365785256410256 0.03075921474358978 0.03998397435897445
3 0.9226913060897436 0.8651842948717949 0.021504407051282114 0.028178418803418856
3 0.29273712940705127 0.11084067841880342 0.026830428685897446 0.03613114316239316
3 0.1961550981570513 0.08465211004273504 0.0143805088141026 0.020866720085470088
3 0.149169921875 0.14309895833333333 0.01806640625 0.026302083333333334
1 0.978084935897436 0.16109775641025645 0.044711538461538324 0.06738782051282047
1 0.9221277573529413 0.22818470336852695 0.05280330882352953 0.05098353443941675
1 0.8351792279411765 0.2349877450980392 0.0437959558823529 0.050857843137254895
1 0.7837634332579186 0.31327771493212675 0.05655401583710411 0.06707202111613876
1 0.8269071691176471 0.41106004901960785 0.03828125 0.05533088235294118
1 0.8871783088235293 0.45373774509803927 0.0234375 0.06188725490196081
1 0.8563878676470589 0.5229779411764706 0.0758272058823529 0.05453431372549022
1 0.7203254619155355 0.30086569884364006 0.03912848793363501 0.05638826043237817
1 0.6720818014705883 0.3847732843137255 0.05473345588235299 0.044178921568627474
1 0.610500919117647 0.43627450980392163 0.0437040441176471 0.05024509803921564
1 0.5462545955882353 0.3040441176470588 0.04535845588235299 0.07450980392156872
1 0.23550806290064105 0.27415531517094016 0.04621143830128207 0.0688768696581197
1 0.17421875 0.13645833333333332 0.0453125 0.0625
1 0.14378630809294873 0.4466479700854701 0.053247696314102574 0.04680822649572646
1 0.29246294070512824 0.5005608974358975 0.029136618589743524 0.057211538461538446
1 0.42791967147435894 0.5938167735042735 0.053515625 0.051415598290598295
1 0.28942808493589745 0.6827991452991452 0.03702924679487185 0.064423076923077
1 0.6999749599358974 0.6297542735042735 0.03286258012820511 0.08189102564102554
1 0.7450971554487179 0.6391693376068376 0.05199318910256414 0.06332799145299148
1 0.7544921875 0.6860844017094017 0.050410657051282025 0.04316239316239319
1 0.9201171875 0.8133413461538462 0.07272636217948722 0.058413461538461435
1 0.975390625 0.76875 0.04765625 0.05
1 0.9241786858974358 0.6806223290598291 0.06760817307692317 0.08880876068376059
1 0.2983022836538462 0.5595753205128204 0.04632411858974361 0.06781517094017092
2 0.2685046073717949 0.7565438034188035 0.04482171474358978 0.06517094017094015
2 0.888837139423077 0.6146634615384615 0.05201322115384617 0.08108974358974355
0 0.6707720588235293 0.42322303921568627 0.03345588235294121 0.05061274509803925
0 0.5884650735294118 0.39375 0.03630514705882355 0.0375
0 0.5584099264705882 0.4345281862745098 0.040349264705882425 0.05741421568627446
0 0.5805836397058823 0.27512254901960786 0.0217371323529413 0.03063725490196075
0 0.6098475207390649 0.23456982151835096 0.022952017345399776 0.028409376571141256
0 0.5491403893288085 0.2113294997486174 0.034991280165912554 0.040576294620412234
0 0.5034372643288084 0.2186761563599799 0.020699000754147788 0.028333961789844153
0 0.5018883154223228 0.2910350678733032 0.032068957390648564 0.042929864253393644
0 0.4463235294117647 0.3172362053795877 0.02922794117647056 0.0383217068878834
0 0.3938151041666667 0.42970085470085473 0.04059495192307687 0.053792735042735094
0 0.280634014423077 0.2615785256410256 0.023567708333333347 0.030795940170940207
0 0.13447015224358977 0.34772970085470084 0.024429086538461542 0.03344017094017098
0 0.10142728365384616 0.3173477564102564 0.024409054487179515 0.03410790598290602
0 0.028389172676282076 0.37942708333333336 0.022323217147435848 0.027604166666666666
0 0.228271484375 0.10872395833333333 0.03076171875 0.045572916666666664
0 0.09434595352564104 0.2338274572649573 0.03456530448717954 0.04222756410256414
0 0.137841796875 0.03802083333333333 0.03837890625 0.0515625
0 0.7882252780920062 0.11382918552036202 0.03935826734539969 0.05297888386123676
0 0.8979661576168929 0.18959511689291103 0.022954374057315086 0.0262490573152338
0 0.9490361048265459 0.022404474610356988 0.018476621417797823 0.023818501759678187
0 0.8585687099358974 0.7319577991452991 0.033563701923077005 0.04489850427350438
0 0.7975811298076924 0.8171741452991452 0.03734975961538467 0.04674145299145292
0 0.7523988381410257 0.7919337606837608 0.016536458333333302 0.02510683760683771
0 0.4545723157051282 0.740050747863248 0.03426482371794872 0.05008012820512822
0 0.33813601762820517 0.7571047008547009 0.03476562500000009 0.0506944444444444
0 0.4436848958333333 0.8285256410256411 0.023988381410256387 0.040064102564102554
0 0.01484375 0.9234375 0.0203125 0.03229166666666667
0 0.19874298878205132 0.6321848290598291 0.028094951923076938 0.03611111111111119
0 0.14012920673076926 0.6877403846153847 0.027133413461538504 0.034935897435897444
0 0.8390854779411765 0.47294730392156864 0.027711397058823372 0.040625
1 0.9262169471153847 0.6192574786324786 0.03662860576923084 0.06356837606837604
3 0.91015625 0.6557291666666667 0.028125 0.040625
3 0.7719300881410256 0.6487980769230769 0.021544471153846168 0.029594017094017152
3 0.45130502922322774 0.05024431246857718 0.02386052978883866 0.03799176721970838
3 0.10080629006410258 0.3974626068376068 0.03266225961538467 0.044658119658119645
0 0.2775090144230769 0.36069711538461546 0.026812900641025726 0.03688568376068376
1 0.3216095753205129 0.2916800213675214 0.041776842948718015 0.07876602564102567
1 0.043603515625 0.17713341346153844 0.04072265625 0.05979567307692309
0 0.81103515625 0.21666666666666667 0.0234375 0.027083333333333334
1 0.41470853365384625 0.7625267094017095 0.048888221153846036 0.05053418803418796
1 0.4857271634615385 0.6549145299145299 0.038060897435897356 0.0587606837606837
1 0.603680889423077 0.8776041666666666 0.04253806089743595 0.040731837606837594
1 0.5253155048076923 0.8091212606837607 0.029997996794871716 0.04548611111111119
1 0.5661508413461538 0.7472489316239316 0.03947315705128211 0.05438034188034185
0 0.1543219150641026 0.5674412393162395 0.03380408653846154 0.04674145299145292
0 0.3438251201923077 0.6028712606837608 0.027393830128205197 0.03864850427350426
0 0.6653896233974359 0.6509081196581197 0.021284054487179384 0.02403846153846144
0 0.5585787259615385 0.9416399572649572 0.03158052884615383 0.03552350427350426
0 0.5944010416666666 0.9440571581196582 0.026041666666666696 0.02801816239316229
0 0.742352764423077 0.9194577991452991 0.035627003205128106 0.04650106837606837
0 0.42276141826923086 0.9364449786324786 0.017758413461538412 0.02321047008547019
0 0.042578125 0.9088541666666666 0.03828125 0.051041666666666666
0 0.35653545673076925 0.5565838675213676 0.019000400641025685 0.032398504273504374
0 0.9661107772435897 0.5917200854700854 0.04183693910256405 0.051602564102564114
1 0.9189453125 0.7590678418803418 0.032001201923077004 0.05878739316239307
0 0.248828125 0.2557291666666667 0.01953125 0.030208333333333334
