0 0.676953125 0.32988782051282056 0.03471554487179498 0.05710470085470085
0 0.47562099358974363 0.349732905982906 0.036738782051282115 0.041452991452991486
0 0.3438902243589744 0.3348023504273504 0.029767628205128238 0.03659188034188041
0 0.269130608974359 0.3344017094017095 0.04907852564102564 0.053418803418803465
0 0.12076322115384616 0.20476762820512823 0.049338942307692334 0.06161858974358978
0 0.3207131410256411 0.07845886752136755 0.04607371794871793 0.0631677350427351
0 0.72109375 0.052083333333333336 0.0625 0.08333333333333333
0 0.7739383012820513 0.6769497863247864 0.03305288461538467 0.05475427350427348
0 0.7659254807692308 0.7378739316239317 0.03104967948717956 0.04241452991452992
1 0.3250701121794872 0.523530982905983 0.09545272435897441 0.07377136752136745
1 0.3711137820512821 0.5689102564102565 0.0634615384615386 0.05181623931623942
1 0.7654246794871795 0.957144764957265 0.054086538461538415 0.08362713675213675
2 0.9492888621794873 0.925574252136752 0.09100560897435912 0.1157318376068376
2 0.8441964285714286 0.9421875 0.08392857142857153 0.11264880952380972
2 0.45693108974358976 0.14276175213675218 0.08012820512820511 0.0734508547008547
2 0.191015625 0.6046875 0.09921875 0.07604166666666666
2 0.04283854166666669 0.4169337606837607 0.07297676282051285 0.0860042735042736
0 0.21796875 0.8052083333333333 0.0421875 0.058333333333333334
