0 0.6426081730769231 0.16732104700854702 0.06334134615384616 0.061725427350427374
0 0.6540465943113773 0.06043849800399202 0.03247567365269459 0.041298652694610784
0 0.2771233974358974 0.021233974358974405 0.02700320512820511 0.022702991452991452
0 0.308203125 0.042708333333333334 0.03984375 0.03958333333333333
0 0.7563000801282052 0.3845085470085471 0.03583733974358969 0.0440170940170941
0 0.5163880813953489 0.5731468023255815 0.02445494186046515 0.03345445736434106
0 0.22573474702380952 0.3766617063492063 0.02118675595238102 0.030406746031746045
0 0.3253441220238095 0.299156746031746 0.01542038690476195 0.02172619047619051
0 0.1914085793082886 0.8640075283243889 0.03142702742993435 0.0371658219041939
0 0.01894985465116279 0.9100129198966408 0.03356346899224806 0.04528423772609808
0 0.07747978160405487 0.8709625322997415 0.030360204233750698 0.04748062015503874
0 0.24928956097197377 0.8102430555555554 0.01740925014907573 0.023263888888888928
0 0.2676326308139535 0.8396733999204928 0.02311652131782944 0.03253950506857481
0 0.5182742387820513 0.957905982905983 0.018325034340659484 0.028632478632478708
0 0.5734281994047619 0.7107319525983908 0.025018601190476185 0.03190911067623396
0 0.5923694349315068 0.7373073630136986 0.03144263698630141 0.0433647260273973
0 0.3421875 0.8651041666666667 0.0203125 0.034375
0 0.8113731971153847 0.6060458638583639 0.030298477564102554 0.038976648351648414
0 0.9455407222985348 0.926860119047619 0.019446829212454376 0.02872023809523808
0 0.7526701626712329 0.9501355593607305 0.025481592465753433 0.02866723744292242
0 0.9930989583333334 0.2964409722222222 0.012239583333333215 0.02170138888888893
0 0.7200307058457711 0.17551565091210614 0.013530006218905299 0.016713308457711455
0 0.7761932524875622 0.25405006218905474 0.022613495024875706 0.028415215588722967
0 0.4061848958333334 0.2917162698412698 0.024869791666666696 0.03531746031746028
1 0.7299579326923077 0.78303952991453 0.05727163461538458 0.053579059829059854
1 0.3803082191780822 0.15525114155251138 0.05813356164383556 0.0824771689497717
1 0.5619916523972603 0.1475599315068493 0.04724957191780828 0.06703767123287667
1 0.4830550799086758 0.07686636517972137 0.06599600456620998 0.08570790890996363
1 0.7987018034825871 0.2908095739252456 0.05363805970149267 0.06047486924352598
1 0.6002086900684931 0.899349095539164 0.04144905821917817 0.05318537056550762
1 0.04592930083482411 0.48983520920294177 0.06278883422778775 0.07491614490160999
1 0.264453125 0.3067708333333333 0.06640625 0.059375
0 0.21154532182999652 0.1068279109589041 0.0460874385317878 0.06573915525114152
3 0.235546875 0.2734375 0.03984375 0.051041666666666666
2 0.5015648644074547 0.49566608261654466 0.07226998048741633 0.0987841138366783
2 0.7010712987956811 0.49680693983019564 0.0805582952657807 0.1074035622000738
2 0.5885166952054794 0.5113227739726027 0.06359160958904111 0.08722888127853885
2 0.6670351133241759 0.7367788461538463 0.055624713827838776 0.08466880341880341
2 0.4177083333333334 0.6848290598290598 0.060416666666666695 0.0678418803418803
2 0.1639759329212454 0.5712549603174604 0.07587997939560442 0.10252976190476192
2 0.3219215029761905 0.843328373015873 0.05771949404761902 0.0695932539682539
2 0.35677083333333337 0.9664930555555556 0.05809294871794872 0.06493055555555548
2 0.9431733630952381 0.4321676587301588 0.05766369047619051 0.08060515873015876
2 0.3725866866438356 0.24693921232876712 0.06861087328767121 0.08320490867579912
2 0.23565924657534248 0.21613869863013696 0.05351027397260273 0.08438926940639273
1 0.5582872130292188 0.33722141472868217 0.04603458556946931 0.07168120155038764
1 0.666015625 0.3795906007751938 0.06676962209302326 0.08626453488372092
1 0.9772414434523811 0.5897569444444445 0.04395461309523796 0.08784722222222226
1 0.13337697458791212 0.8036000457875457 0.05337253891941392 0.05698641636141642
2 0.395600818452381 0.7598214285714285 0.06463913690476195 0.08005952380952384
