2 0.37253009069830884 0.3356689852700491 0.06642542962356797 0.0799918166939443
2 0.5742806672494172 0.7910474941724942 0.06829472610722612 0.07320804195804188
1 0.7566287878787878 0.5520833333333334 0.05965909090909092 0.05366161616161621
1 0.7087312427156178 0.6110812244788308 0.04939357517482508 0.06950421770900507
1 0.7722801937645687 0.3062657828282828 0.06339415792540795 0.06171085858585859
1 0.9155551009274415 0.2104834401709402 0.054647435897435946 0.06888354700854706
1 0.5683678817615032 0.4793273222211578 0.05076423647699331 0.05018373939606811
1 0.2960494237588652 0.31698064420803784 0.052183067375886516 0.07692819148936168
1 0.16581338652482266 0.5067634456264776 0.042265070921985816 0.06655585106382986
1 0.4283730564648118 0.5424665280050918 0.05016878068739779 0.04612486361156579
1 0.982421875 0.7791666666666667 0.03359375 0.07708333333333334
1 0.434139303737043 0.9679572422258592 0.03893463584288055 0.052788006910347345
1 0.3359375 0.19010416666666666 0.0328125 0.065625
1 0.05440406778505184 0.14194058010547375 0.06173707719585375 0.09141434806328418
0 0.8490691489361701 0.06299128250591017 0.03546099290780145 0.05132239952718676
0 0.8584671644844519 0.4579355337334061 0.03273322422258591 0.037143116930350925
0 0.671772495567376 0.2598597472267685 0.016638962765957464 0.021788052373158767
0 0.3955562943262412 0.49008569739952723 0.024379432624113528 0.03085106382978721
0 0.21160239361702127 0.4420692966903073 0.04210992907801416 0.05483894799054377
0 0.20821420656028372 0.23221267503182397 0.03200908687943262 0.03867748681578466
0 0.34389683067375887 0.10501625295508274 0.025193927304964524 0.03154550827423167
0 0.3604360593971631 0.19213209219858157 0.028684618794326246 0.040735815602836865
0 0.026947584219858156 0.768325206855792 0.042403590425531906 0.048012706855791974
0 0.12759862588652482 0.7246934101654846 0.022285017730496424 0.026677009456264736
0 0.37882590868794325 0.8323507683215131 0.029028147163120587 0.04038120567375891
0 0.5174285239361701 0.9306737588652484 0.02886192375886525 0.038031914893617014
0 0.6498816287878787 0.8943436771561771 0.025047348484848443 0.03580759518259503
0 0.6473630536130536 0.801183712121212 0.019667832167832168 0.027683080808080855
0 0.944921875 0.7338541666666667 0.03046875 0.04895833333333333
3 0.9015403368794328 0.9017508865248227 0.03191489361702136 0.037514775413711614
1 0.7635298295454545 0.7472537878787878 0.041122159090908994 0.07367424242424232
1 0.84296875 0.5859375 0.0484375 0.06354166666666666
0 0.30334663120567373 0.7880097517730498 0.03038563829787235 0.04558215130023638
0 0.4081255540780142 0.6373744089834514 0.03968860815602841 0.046911938534278975
