2 0.4929186698717949 0.42552083333333335 0.13235176282051295 0.13026175213675212
2 0.2740270146520146 0.24888392857142858 0.06504120879120875 0.1688988095238095
2 0.08683894230769236 0.10136217948717953 0.10116185897435899 0.14289529914529914
2 0.8009014423076923 0.5986645299145299 0.06694711538461533 0.10982905982905986
1 0.758914262820513 0.5020032051282052 0.08713942307692309 0.0654380341880343
1 0.3771434294871795 0.07968750000000004 0.04539262820512815 0.10344551282051287
1 0.24380294184981688 0.4685782967032967 0.05257268772893773 0.07673229548229538
1 0.5136833218864469 0.6945589133089134 0.04703811813186816 0.06326312576312568
1 0.6373769459706959 0.7173191391941391 0.07643658424908413 0.06337759462759453
1 0.94921875 0.8559027777777779 0.07111378205128212 0.06543803418803419
1 0.8692407852564102 0.6905582264957265 0.058794070512820616 0.07930021367521363
1 0.9121594551282051 0.48063568376068383 0.04106570512820511 0.044070512820512775
1 0.5298577724358975 0.3336805555555556 0.07850560897435903 0.04951923076923078
1 0.5661959134615385 0.22658920940170943 0.07193509615384626 0.09276175213675218
1 0.725350560897436 0.030982905982906 0.08211137820512811 0.061965811965812
1 0.30318509615384615 0.0679754273504274 0.06109775641025639 0.07612179487179488
0 0.7209735576923076 0.1719417735042735 0.03281250000000009 0.03912927350427354
0 0.7158453525641025 0.09268162393162398 0.025040064102564142 0.026709401709401705
0 0.49467147435897435 0.1909588675213675 0.04070512820512828 0.04383012820512825
0 0.49348958333333337 0.24942574786324787 0.04306891025641022 0.047088675213675275
0 0.394921875 0.18645833333333334 0.04296875 0.05
0 0.3605969551282051 0.21355502136752139 0.025681089743589736 0.03336004273504276
0 0.25606971153846153 0.13500267094017096 0.040985576923076916 0.04457799145299141
0 0.11759815705128207 0.5483306623931624 0.04449118589743585 0.05125534188034185
0 0.3373798076923077 0.5062900641025642 0.024759615384615373 0.03549679487179495
0 0.453886217948718 0.6744925213675214 0.03613782051282062 0.04364316239316241
0 0.4007998511904762 0.8590697496947496 0.040662202380952375 0.047733516483516425
0 0.600390625 0.9765090811965813 0.03359375000000009 0.04489850427350426
0 0.544921875 0.8854166666666666 0.03046875 0.035416666666666666
0 0.5200821314102564 0.9569043803418803 0.030148237179487135 0.045058760683760704
0 0.5111077724358974 0.872636217948718 0.02622195512820502 0.04014423076923078
0 0.7240270146520146 0.842555708180708 0.037065018315018336 0.05099969474969477
0 0.6570498511904762 0.6290674603174603 0.025186011904761864 0.03353174603174599
0 0.7193008814102564 0.4018162393162393 0.03215144230769242 0.04145299145299154
0 0.6114843750000001 0.39372863247863255 0.03203125 0.04587606837606829
0 0.8046875 0.3807291666666667 0.040625 0.053125
0 0.8013221153846153 0.4321314102564103 0.0383814102564104 0.05026709401709404
1 0.6618669871794872 0.4534375 0.025016025641025584 0.04645833333333336
1 0.618689903846154 0.5526442307692307 0.04306891025641022 0.046955128205128226
1 0.7997395833333334 0.2774439102564103 0.06959134615384599 0.04180021367521374
1 0.37525040064102566 0.7052483974358974 0.05118189102564115 0.05424679487179489
1 0.58125 0.8744791666666667 0.053125 0.06145833333333333
2 0.9181991185897436 0.7257211538461539 0.09108573717948723 0.10689102564102555
1 0.97109375 0.43020833333333336 0.034375 0.0625
1 0.5451422275641026 0.5820875305250304 0.033227449633699634 0.052094780219780173
2 0.3102678571428571 0.6472069597069597 0.0625 0.06471306471306472
0 0.93984375 0.11614583333333334 0.021875 0.030208333333333334
1 0.90078125 0.125 0.046875 0.05
1 0.432391826923077 0.5882478632478633 0.01903044871794881 0.02649572649572652
1 0.334375 0.5755208333333334 0.0234375 0.030208333333333334
1 0.0606570512820513 0.29495192307692314 0.05681089743589739 0.08157051282051289
0 0.4125 0.07916666666666666 0.0296875 0.0375
0 0.5389923878205128 0.07963408119658122 0.02017227564102573 0.021981837606837563
2 0.75390625 0.3453125 0.078125 0.07395833333333333
