1 0.4919686391843971 0.24213947990543735 0.0332502216312057 0.08427895981087469
1 0.3388231981981982 0.617611241048741 0.035895270270270264 0.038801541926541935
1 0.391015625 0.121875 0.04453125 0.06041666666666667
1 0.673828125 0.29375 0.04765625 0.08541666666666667
1 0.98984375 0.30364583333333334 0.01875 0.084375
1 0.782421875 0.014583333333333334 0.06796875 0.029166666666666667
0 0.16445589539007094 0.1680777186761229 0.024479166666666653 0.034411938534278944
0 0.9325163504851005 0.6921200046200047 0.03240319646569638 0.04556479556479556
2 0.405859375 0.042708333333333334 0.06640625 0.08541666666666667
2 0.809765625 0.5286458333333334 0.09921875 0.15520833333333334
2 0.435070437023562 0.683422124047124 0.07003367550242538 0.10049809424809422
2 0.6500500801282051 0.03498931623931626 0.09853766025641031 0.06997863247863252
1 0.708203125 0.6463541666666667 0.05703125 0.08645833333333333
1 0.49168882978723405 0.12583111702127658 0.04598847517730489 0.0657136524822695
0 0.6582346906565657 0.670233585858586 0.05384311868686868 0.08630050505050507
1 0.9465523215523216 0.4206478112728113 0.04639856202356203 0.06298365673365668
3 0.733203125 0.6546875 0.03984375 0.05520833333333333
3 0.62265625 0.3614583333333333 0.0328125 0.04375
0 0.79375 0.7458333333333333 0.0421875 0.04375
0 0.9379991319444443 0.86875 0.03181423611111125 0.04375
