0 0.89296875 0.04010416666666667 0.0390625 0.046875
0 0.9209134615384617 0.8203392094017095 0.03557692307692317 0.051095085470085524
0 0.7208283253205128 0.44168002136752144 0.029597355769230747 0.033840811965811984
0 0.5786508413461539 0.34708867521367526 0.022485977564102554 0.028044871794871775
0 0.4608122996794872 0.30869391025641035 0.029797676282051277 0.03672542735042731
0 0.33081430288461544 0.08946314102564104 0.02637219551282053 0.05050747863247868
0 0.1651676829268293 0.3940972222222222 0.017733739837398364 0.022950542005420023
0 0.043562104430379764 0.021637658227848133 0.023635284810126535 0.03043248945147685
0 0.02420604674796748 0.40197747289972896 0.021455792682926834 0.032596544715447116
0 0.5612029246794872 0.23297275641025644 0.03134014423076925 0.04794337606837613
0 0.6684645432692308 0.1776175213675214 0.034945913461538504 0.053151709401709456
0 0.7501702724358974 0.705542200854701 0.03651842948717956 0.04564636752136752
0 0.6337139423076923 0.8178418803418803 0.02904647435897436 0.0427350427350427
0 0.19664951727642277 0.7628006436314363 0.03225990853658538 0.04265752032520318
0 0.023427483974359 0.9143963675213675 0.029667467948717996 0.04620726495726497
0 0.1858657396137618 0.06945036108406365 0.026804913177539746 0.03369948880233691
1 0.7390625 0.21666666666666667 0.0453125 0.07083333333333333
1 0.7184695512820513 0.227724358974359 0.044310897435897355 0.0637820512820513
1 0.6546474358974359 0.11784188034188035 0.051282051282051364 0.04583333333333338
1 0.9564603365384616 0.6346821581196581 0.035516826923076825 0.0743856837606837
1 0.6774973665730337 0.7508387952559301 0.028432233146067444 0.05028870162297115
1 0.376737780448718 0.07812500000000003 0.05371594551282048 0.059829059829059866
1 0.13207888719512195 0.49683689024390243 0.03944994918699187 0.0698424796747967
2 0.3467297676282052 0.31471688034188033 0.05664062500000009 0.11682692307692312
2 0.38644831730769236 0.2908520299145299 0.05883413461538467 0.10787927350427348
2 0.7847155448717948 0.08799412393162395 0.04755608974358978 0.07609508547008544
2 0.725390625 0.08541666666666667 0.06953125 0.08333333333333333
2 0.42899305555555556 0.6180555555555555 0.08888888888888888 0.09722222222222227
2 0.7504006410256411 0.8975560897435898 0.05408653846153859 0.08464209401709392
1 0.5843850160256411 0.4232104700854701 0.054086538461538415 0.05608974358974361
1 0.6864232772435898 0.44580662393162396 0.039813701923077004 0.06255341880341879
1 0.6492437900641026 0.5041933760683761 0.04057491987179489 0.058386752136752186
1 0.4754213483146067 0.8933637640449438 0.0393258426966292 0.07422752808988768
1 0.2807189255617978 0.9546523876404495 0.03722787921348316 0.07571395131086132
1 0.8090016592920353 0.18020372418879063 0.03199668141592928 0.07082411504424788
1 0.2528745993589744 0.22283653846153847 0.06356169871794873 0.06266025641025638
1 0.277734375 0.30052083333333335 0.06171875 0.090625
1 0.297440905448718 0.0371260683760684 0.051051682692307754 0.06116452991452987
0 0.46994190705128214 0.08002136752136754 0.03207131410256414 0.046688034188034244
0 0.45315004006410253 0.46266025641025643 0.03710937499999991 0.054647435897435946
0 0.508203125 0.4953125 0.01953125 0.023958333333333335
0 0.044140625 0.6473958333333333 0.03984375 0.046875
0 0.875390625 0.18802083333333333 0.02109375 0.03229166666666667
0 0.5690604967948718 0.1701388888888889 0.025941506410256387 0.0347222222222222
1 0.34032118055555555 0.5262152777777778 0.038107638888888885 0.049421296296296366
0 0.06760284810126582 0.06635680379746839 0.028955696202531644 0.033953059071729894
