1 0.8390424679487178 0.19293536324786326 0.05508814102564106 0.07994123931623932
0 0.5356870993589744 0.4073851495726496 0.040805288461538504 0.046340811965812044
0 0.4716646634615385 0.5303552350427351 0.0326322115384615 0.040785256410256446
0 0.0491686698717949 0.3961004273504274 0.03427483974358979 0.042200854700854745
0 0.18959334935897437 0.7325186965811966 0.033874198717948764 0.042441239316239415
3 0.13418469551282053 0.3344818376068376 0.06055689102564106 0.07729700854700858
3 0.1491286057692308 0.19770299145299144 0.04068509615384617 0.05438034188034191
3 0.776943108974359 0.6862980769230769 0.04907852564102573 0.06543803418803419
3 0.494140625 0.48125 0.06015625 0.07916666666666666
0 0.6252003205128206 0.44257478632478636 0.038060897435897356 0.06143162393162396
0 0.441796875 0.34010416666666665 0.03515625 0.04479166666666667
3 0.26497395833333337 0.30665064102564105 0.0533854166666667 0.07003205128205121
