0 0.3318309294871795 0.178094474969475 0.028302426739926646 0.03865231990231986
0 0.35513321314102564 0.0871260683760684 0.0328225160256411 0.04449786324786329
0 0.3828675881410256 0.06647970085470088 0.015414663461538547 0.02435897435897439
0 0.2511568509615385 0.2554220085470086 0.02643229166666674 0.031089743589743583
0 0.2185046073717949 0.462900641025641 0.019621394230769296 0.027457264957265023
0 0.31142327724358976 0.3403846153846154 0.02108373397435903 0.02809829059829063
0 0.42462940705128205 0.3386904761904762 0.02303685897435894 0.027480158730158757
0 0.45825821314102566 0.3180555555555556 0.01888020833333339 0.02735042735042743
0 0.5623948317307692 0.30486111111111114 0.03095953525641022 0.0377136752136753
0 0.5371844951923077 0.3871527777777778 0.031300080128205024 0.040064102564102554
0 0.6374649439102564 0.2215678418803419 0.028054887820512776 0.044043803418803464
0 0.5409705528846154 0.13374732905982908 0.03875200320512819 0.04607371794871797
0 0.5031099759615385 0.1650641025641026 0.03134014423076916 0.047542735042735096
0 0.47568609775641024 0.17955395299145302 0.033002804487179474 0.04660790598290602
0 0.5832381810897436 0.051388888888888914 0.028335336538461587 0.03450854700854706
0 0.17849058493589745 0.6013488247863248 0.02653245192307696 0.03635149572649574
0 0.09621895032051284 0.6266159188034188 0.01980168269230771 0.027216880341880294
0 0.013887219551282073 0.6041800213675214 0.021203926282051328 0.020058760683760706
0 0.02900140224358977 0.6302751068376068 0.039052483974359016 0.047943376068376155
0 0.015389623397435919 0.5618589743589745 0.02921674679487184 0.044551282051282115
0 0.02845052083333336 0.7495726495726497 0.036147836538461584 0.0430555555555556
0 0.05144731570512821 0.7068643162393163 0.018199118589743622 0.02697649572649574
0 0.0854216746794872 0.8069577991452993 0.037389823717948766 0.053819444444444406
0 0.12125901442307692 0.9123931623931624 0.033824118589743636 0.04594017094017104
0 0.011242988782051305 0.9427083333333334 0.02248597756410261 0.048076923076923114
0 0.05874899839743593 0.9762019230769231 0.01843950320512816 0.021153846153846228
0 0.21439803685897435 0.8496527777777778 0.035847355769230795 0.04188034188034197
0 0.4158804086538462 0.724238782051282 0.018499599358974363 0.025614316239316183
0 0.45900941506410253 0.7505074786324786 0.01938100961538458 0.0264957264957264
0 0.5256660657051282 0.7221153846153847 0.03130008012820511 0.044551282051282
0 0.5911458333333334 0.9059829059829061 0.028545673076923083 0.04139957264957263
0 0.4971804887820513 0.9748397435897436 0.026171875 0.03087606837606837
0 0.5160206330128204 0.8896768162393163 0.015534855769230749 0.021928418803418854
0 0.4892978766025641 0.8909321581196582 0.02090344551282053 0.027430555555555475
0 0.43056390224358976 0.8805021367521367 0.019180689102564142 0.022916666666666665
0 0.41218449519230776 0.8229300213675214 0.025190304487179425 0.03421474358974355
0 0.9223006810897434 0.9176682692307693 0.01627604166666661 0.022035256410256446
0 0.9127854567307694 0.98125 0.015274439102564052 0.02174145299145304
0 0.8802934695512821 0.7930689102564102 0.03218149038461533 0.03619123931623929
0 0.8626051682692306 0.8306223290598292 0.03360376602564106 0.048263888888888926
0 0.8899889823717949 0.8709268162393163 0.036828926282051276 0.05675747863247871
0 0.723232171474359 0.756076388888889 0.033804086538461495 0.047409188034188074
0 0.6473507612179488 0.6630876068376068 0.03031850961538467 0.04375
0 0.5888371394230769 0.638488247863248 0.03817107371794872 0.05021367521367518
0 0.7219901842948717 0.6392227564102565 0.03328325320512819 0.047409188034188074
0 0.6107922676282052 0.5095486111111112 0.03532652243589744 0.04767628205128212
0 0.5953125 0.484375 0.01875 0.020833333333333332
0 0.7367337740384615 0.4558226495726496 0.032842548076923085 0.04252136752136746
0 0.3848908253205129 0.5332131410256411 0.03240184294871802 0.04975961538461545
0 0.9602413862179487 0.4966613247863248 0.02953725961538467 0.04139957264957263
0 0.7744541266025642 0.22394497863247864 0.03352363782051278 0.044631410256410306
0 0.8332181490384617 0.19686164529914532 0.0311798878205126 0.04270833333333339
0 0.7947265625 0.04532585470085473 0.04506209935897445 0.05598290598290603
0 0.8602814503205127 0.09545940170940173 0.019120592948717884 0.023824786324786372
0 0.730303485576923 0.22268963675213677 0.021664663461538503 0.02711004273504276
0 0.9081179887820513 0.39432425213675215 0.02060296474358978 0.027056623931623964
0 0.9469000400641026 0.5689636752136752 0.015154246794871717 0.020993589743589662
0 0.8096304086538462 0.5456330128205129 0.019801682692307664 0.032932692307692336
0 0.8172025240384615 0.3184294871794872 0.02114383012820511 0.02526709401709404
0 0.7004457131410257 0.48631143162393164 0.03330328525641022 0.05542200854700858
1 0.751171875 0.3494791666666667 0.07265625 0.08020833333333334
1 0.9408303285256409 0.3022435897435898 0.04832732371794872 0.05763888888888899
0 0.9456981169871795 0.26344818376068374 0.01855969551282044 0.023691239316239267
1 0.8295022035256409 0.11316773504273507 0.042618189102564055 0.047168803418803466
1 0.5571163862179487 0.5915331196581197 0.05453725961538467 0.04818376068376071
1 0.5353715945512821 0.538261217948718 0.04019431089743586 0.055689102564102554
1 0.4221905048076923 0.5293803418803419 0.042938701923076916 0.05074786324786326
1 0.33836638621794873 0.4633680555555556 0.0433193108974359 0.050560897435897506
1 0.3076171875 0.5219551282051282 0.04271834935897441 0.050908119658119706
1 0.46971654647435895 0.8269097222222223 0.055058092948717975 0.046180555555555475
1 0.21184395032051287 0.9755074786324786 0.04518229166666665 0.049572649572649514
1 0.1627103365384616 0.7777777777777779 0.057091346153846145 0.0747863247863247
1 0.2375751201923077 0.5823851495726496 0.046584535256410306 0.05825320512820511
1 0.3699547847985348 0.3938969017094017 0.0562213827838828 0.08125381562881563
0 0.6940554887820513 0.5833867521367521 0.024048477564102555 0.03322649572649574
0 0.04990484775641028 0.27644230769230765 0.029296875000000045 0.038461538461538505
0 0.1813508756868132 0.2438663766788767 0.03383270375457879 0.04996565934065928
0 0.2239082532051282 0.13337339743589743 0.0413661858974359 0.046821581196581266
0 0.862665264423077 0.47833867521367524 0.03638822115384617 0.04866452991452993
0 0.6492037259615385 0.7240251068376068 0.015594951923076916 0.024706196581196712
0 0.400946514423077 0.6323050213675214 0.02432892628205119 0.023851495726495624
0 0.3817457932692308 0.6672542735042735 0.024669471153846167 0.03808760683760693
0 0.7632762419871796 0.974425747863248 0.035847355769230746 0.04473824786324793
3 0.8883463541666667 0.5383279914529915 0.019981971153846166 0.024572649572649576
3 0.8493439503205128 0.884281517094017 0.024108573717948546 0.03271901709401715
3 0.7765675080128205 0.8028178418803419 0.013271233974358943 0.018028846153846107
3 0.6340394631410257 0.5836271367521367 0.019881810897435948 0.03173076923076934
3 0.14057992788461543 0.7217948717948718 0.018840144230769185 0.01891025641025633
3 0.352734375 0.6203125 0.00859375 0.015625
3 0.3404897836538462 0.7662660256410256 0.01403245192307696 0.020352564102563992
3 0.009990985576923099 0.22711004273504276 0.019981971153846197 0.02227564102564109
0 0.7855518830128205 0.6851629273504274 0.020342548076922994 0.03298611111111119
3 0.9076372195512821 0.5720753205128204 0.025570913461538503 0.03613782051282056
0 0.35224859775641026 0.3073985042735043 0.015554887820512864 0.019284188034188077
0 0.16774338942307696 0.633573717948718 0.015975560897435924 0.021314102564102554
0 0.6795372596153846 0.31585202991452993 0.04206730769230767 0.05045405982905985
0 0.5062950721153846 0.866786858974359 0.014953926282051277 0.01776175213675207
0 0.9813952323717949 0.7451121794871796 0.030298477564102554 0.04262820512820511
1 0.5530849358974359 0.8609107905982907 0.03555689102564097 0.05542200854700852
