2 0.740625 0.8197916666666667 0.1515625 0.12916666666666668
2 0.8592347756410256 0.7549545940170941 0.10284455128205128 0.15467414529914525
2 0.9764723557692306 0.6740384615384616 0.0454927884615385 0.14775641025641023
2 0.7591947115384616 0.728619123931624 0.10973557692307682 0.10734508547008541
2 0.6842948717948719 0.6095085470085471 0.060096153846153924 0.09882478632478638
2 0.6111778846153847 0.8111645299145299 0.10817307692307691 0.11217948717948723
2 0.35376602564102566 0.6847489316239316 0.1282051282051282 0.16917735042735035
2 0.48556690705128214 0.23995726495726497 0.07894631410256414 0.10758547008547005
2 0.4296875 0.26666666666666666 0.096875 0.1125
1 0.50703125 0.6619791666666667 0.1125 0.14895833333333333
