0 0.83125 0.17682959401709403 0.03862179487179489 0.05606303418803422
0 0.8328125 0.5901041666666667 0.0375 0.05520833333333333
2 0.9041866987179488 0.3659321581196581 0.11510416666666679 0.1479433760683761
2 0.900030048076923 0.0935096153846154 0.09537259615384616 0.09983974358974364
2 0.6544170673076923 0.14622061965811967 0.14389022435897444 0.16268696581196582
2 0.39232772435897434 0.3344017094017095 0.10316506410256418 0.15758547008547014
2 0.5614583333333334 0.38259882478632484 0.09142628205128212 0.10125534188034196
2 0.6449318910256411 0.4105635683760684 0.06870993589743594 0.1414797008547009
2 0.35208333333333336 0.49732905982905984 0.1135416666666667 0.15224358974358973
2 0.102734375 0.6645833333333333 0.08828125 0.125
2 0.6640625 0.8130208333333333 0.078125 0.11354166666666667
0 0.017578125 0.5296875 0.03515625 0.06145833333333333
0 0.2337239583333334 0.5180956196581197 0.04176682692307696 0.06022970085470079
0 0.4782852564102564 0.25476762820512827 0.05344551282051287 0.060443376068376096
2 0.2624499198717949 0.65625 0.0704527243589744 0.06677350427350426
2 0.2193209134615385 0.5947783119658119 0.08167067307692304 0.06669337606837604
1 0.537109375 0.49583333333333335 0.04765625 0.09791666666666667
1 0.559765625 0.6947916666666667 0.05546875 0.07916666666666666
1 0.03286258012820512 0.6739583333333333 0.04453125 0.03125
2 0.853936298076923 0.554153311965812 0.10342548076923083 0.09762286324786314
0 0.7859575320512822 0.6747996794871796 0.02303685897435912 0.03501602564102567
1 0.9078125 0.8755208333333333 0.059375 0.109375
