3 0.644314236111111 0.207843660968661 0.03081597222222223 0.038016381766381745
3 0.25847355769230773 0.501161858974359 0.02632211538461542 0.03774038461538467
2 0.47996794871794873 0.6969818376068377 0.06410256410256414 0.08413461538461545
0 0.7873347355769231 0.0847800925925926 0.034304887820512865 0.037615740740740665
0 0.6313220555874475 0.3423206483607603 0.019150043053960796 0.024106630309988476
0 0.4368790064102564 0.03684561965811968 0.019991987179487136 0.03255876068376064
0 0.1689703525641026 0.3006410256410257 0.017027243589743613 0.02211538461538467
0 0.36301081730769236 0.533480235042735 0.023577724358974407 0.03453525641025645
0 0.37487980769230766 0.79375 0.025881410256410265 0.0321581196581197
0 0.5826322115384616 0.8432158119658121 0.021033653846153834 0.026709401709401705
0 0.26260016025641025 0.578659188034188 0.020072115384615417 0.026976495726495624
0 0.11438301282051286 0.6100827991452992 0.022035256410256387 0.033573717948718
1 0.8983924278846154 0.8535122863247864 0.027033253205128283 0.03549679487179501
1 0.16880008012820516 0.3509214743589744 0.03271233974358969 0.05440705128205122
0 0.5021551724137931 0.2958204391394047 0.01400862068965516 0.01899130562923664
0 0.933126531862745 0.25415985838779953 0.018959354575163446 0.03212145969498907
0 0.7048277243589745 0.8160924145299145 0.02303685897435903 0.03656517094017093
