1 0.8541065705128205 0.6188568376068377 0.0930689102564104 0.08012820512820511
1 0.3612780448717949 0.20552884615384617 0.05308493589743586 0.10016025641025642
1 0.24813701923076925 0.3651175213675214 0.05701121794871802 0.07211538461538461
1 0.45748197115384615 0.47796474358974367 0.06700721153846159 0.07345085470085469
1 0.789443108974359 0.4955528846153846 0.09611378205128203 0.08902243589743589
2 0.5350560897435898 0.813167735042735 0.09815705128205128 0.1348824786324787
0 0.6243890224358974 0.902417200854701 0.05570913461538467 0.07657585470085462
0 0.22560096153846154 0.8485576923076923 0.05817307692307692 0.07211538461538466
1 0.014623397435897457 0.5547676282051283 0.029246794871794914 0.09078525641025645
0 0.6360677083333334 0.11885683760683761 0.0638020833333333 0.09188034188034191
