1 0.03828125 0.16510416666666666 0.05625 0.06354166666666666
1 0.03467548076923079 0.47290331196581203 0.037219551282051344 0.06754807692307695
1 0.20858373397435898 0.4206730769230769 0.037960737179487225 0.05982905982905985
1 0.126953125 0.7665331196581197 0.03896233974358978 0.05988247863247871
1 0.591015625 0.7828125 0.04140625 0.08020833333333334
1 0.469140625 0.8692708333333333 0.03984375 0.071875
1 0.3086137820512821 0.4911992521367522 0.03589743589743586 0.057184829059829016
1 0.19453125 0.2015625 0.05625 0.051041666666666666
2 0.6041666666666667 0.02549412393162395 0.050080128205128284 0.05157585470085475
1 0.3640625 0.2916666666666667 0.053125 0.07708333333333334
0 0.308203125 0.3104166666666667 0.03359375 0.04583333333333333
0 0.14412059294871798 0.24727564102564106 0.03066907051282053 0.04604700854700863
0 0.4263020833333334 0.17104700854700858 0.037219551282051365 0.04358974358974364
0 0.395703125 0.026041666666666668 0.02890625 0.0375
0 0.33046875 0.4 0.034375 0.041666666666666664
0 0.453125 0.7817708333333333 0.0296875 0.046875
1 0.9359375 0.8630208333333333 0.0484375 0.05520833333333333
1 0.6453125 0.8072916666666666 0.05625 0.0625
1 0.09742588141025643 0.016292735042735065 0.03391426282051287 0.03258547008547013
3 0.23717948717948723 0.947542735042735 0.03685897435897441 0.04241452991452992
3 0.51640625 0.5020833333333333 0.028125 0.035416666666666666
3 0.8078125 0.5453125 0.0171875 0.023958333333333335
1 0.4546875 0.6515625 0.0453125 0.065625
0 0.407421875 0.35625 0.02109375 0.022916666666666665
1 0.3515625 0.48802083333333335 0.0484375 0.065625
0 0.8139823717948719 0.18442841880341881 0.023076923076923172 0.03285256410256411
