0 0.6451822916666667 0.39110576923076923 0.040164262820512865 0.052190170940170984
0 0.6948317307692309 0.35707799145299146 0.04302884615384626 0.058814102564102556
0 0.6192808493589744 0.352991452991453 0.03387419871794881 0.03985042735042731
0 0.49172676282051286 0.3369524572649573 0.041546474358974274 0.05317841880341874
0 0.3327323717948718 0.05729166666666669 0.03605769230769225 0.0494123931623932
0 0.6095252403846154 0.06553151709401711 0.03876201923076916 0.041853632478632434
0 0.3609375 0.6177083333333333 0.0359375 0.04375
0 0.34154647435897434 0.6034588675213676 0.03565705128205128 0.04933226495726496
0 0.22775440705128208 0.6957264957264956 0.045693108974359034 0.05459401709401715
0 0.6576121794871795 0.6504807692307693 0.04134615384615392 0.05160256410256423
0 0.6134214743589743 0.7600694444444446 0.03557692307692317 0.05411324786324781
0 0.49940905448717954 0.5114716880341881 0.0392427884615385 0.05451388888888887
0 0.6256209935897437 0.5099893162393163 0.041225961538461586 0.04946581196581192
0 0.8171474358974358 0.5094684829059829 0.034775641025641055 0.04783653846153856
0 0.7836037660256411 0.5908253205128204 0.041766826923077004 0.053392094017094036
0 0.6136919070512821 0.9119925213675214 0.051061698717948724 0.06276709401709392
3 0.8622295673076925 0.44587339743589743 0.11688701923076934 0.15082799145299136
3 0.6056690705128206 0.11939102564102567 0.04507211538461542 0.06143162393162398
3 0.09610376602564104 0.5040064102564104 0.08463541666666674 0.10683760683760687
0 0.20865384615384616 0.5260416666666667 0.02580128205128207 0.03338675213675219
0 0.3618389423076923 0.797008547008547 0.025921474358974406 0.03899572649572664
3 0.30710136217948725 0.3615518162393163 0.024859775641025594 0.04185363247863254
