0 0.8886217948717949 0.3150373931623932 0.028044871794871896 0.03605769230769228
0 0.6849258814102563 0.33911591880341885 0.026782852564102642 0.03330662393162402
0 0.11246995192307693 0.16561164529914532 0.03587740384615388 0.044364316239316214
0 0.5993189102564103 0.9331063034188034 0.04775641025641031 0.0606036324786326
0 0.6670873397435898 0.9594150641025643 0.036418269230769254 0.050721153846153895
2 0.5951322115384616 0.7990785256410257 0.05012019230769234 0.06957799145299148
1 0.6942107371794872 0.5409588675213676 0.052283653846153924 0.05964209401709416
1 0.8700420673076923 0.1842548076923077 0.04697516025641022 0.06792200854700857
3 0.8335837339743589 0.03663194444444447 0.043970352564102554 0.05333867521367526
0 0.8135216346153846 0.9751736111111112 0.04603365384615401 0.04756944444444441
0 0.13392427884615385 0.2154647435897436 0.03503605769230771 0.053579059829059854
0 0.29574318910256414 0.31533119658119657 0.03992387820512824 0.051495726495726576
0 0.2021893168604651 0.34257509689922483 0.031486191860465064 0.042805232558139575
