0 0.6567107371794872 0.3034588675213675 0.02095352564102555 0.029834401709401763
0 0.7342447916666667 0.37728365384615387 0.026302083333333393 0.03501602564102561
0 0.9697516025641025 0.2936698717948719 0.024038461538461498 0.03338675213675213
0 0.5272335737179488 0.9364049145299146 0.021654647435897532 0.027297008547008634
0 0.419921875 0.8651041666666667 0.02578125 0.03229166666666667
0 0.225 0.7661458333333333 0.025 0.03229166666666667
0 0.0575320512820513 0.7377270299145299 0.023557692307692345 0.032024572649572626
0 0.07005208333333335 0.4291399572649573 0.02552083333333329 0.029220085470085404
0 0.07682291666666671 0.3417467948717949 0.03305288461538462 0.04674145299145298
0 0.3325220352564103 0.09668803418803423 0.03447516025641022 0.04006410256410258
0 0.700741185897436 0.124599358974359 0.0328926282051281 0.042467948717948664
0 0.9175681089743591 0.48331997863247866 0.03986378205128194 0.05205662393162396
0 0.853936298076923 0.6581330128205128 0.029306891025641057 0.03581730769230766
0 0.755859375 0.6122996794871796 0.03515625 0.048317307692307666
0 0.7713541666666667 0.6376469017094017 0.030208333333333393 0.03987713675213674
0 0.6245192307692309 0.6396501068376068 0.023397435897435946 0.03319978632478637
0 0.66953125 0.4588541666666667 0.0234375 0.030208333333333334
0 0.9546875 0.40572916666666664 0.0375 0.046875
0 0.6536157852564102 0.7640357905982906 0.01929086538461542 0.024813034188034305
0 0.5423277243589744 0.7147702991452992 0.02351762820512828 0.027190170940170923
0 0.31484375 0.6328125 0.025 0.034375
0 0.20602964743589744 0.08400106837606842 0.027043269230769253 0.03872863247863249
1 0.2668169070512821 0.5622195512820514 0.03042868589743586 0.044310897435897445
1 0.6421875 0.4822916666666667 0.046875 0.052083333333333336
3 0.8713641826923076 0.19039797008547008 0.02578125 0.034375
3 0.41589543269230766 0.4813969017094017 0.02197516025641031 0.031864316239316244
3 0.436328125 0.8260416666666667 0.02421875 0.03125
3 0.766015625 0.16979166666666667 0.01796875 0.03125
3 0.5454527243589744 0.5267227564102565 0.025280448717948812 0.03469551282051289
1 0.403515625 0.2869791666666667 0.03515625 0.034375
0 0.9359375 0.8942708333333333 0.025 0.028125
1 0.5879607371794873 0.6794738247863248 0.03241185897435903 0.0443643162393163
0 0.024879807692307715 0.03855502136752139 0.02475961538461543 0.03330662393162389
0 0.20653044871794873 0.1180555555555556 0.018028846153846124 0.021367521367521364
