2 0.6275240384615385 0.1496527777777778 0.1155448717948719 0.1397970085470086
2 0.8049879807692308 0.2976762820512821 0.12319711538461534 0.15892094017094022
2 0.8034354967948719 0.5059695512820513 0.11628605769230785 0.16434294871794872
2 0.8791165865384617 0.7243589743589745 0.11316105769230785 0.13087606837606838
2 0.757411858974359 0.7484775641025639 0.08814102564102573 0.1547542735042736
2 0.5715244391025641 0.7331330128205129 0.10735176282051277 0.12668269230769233
2 0.5416165865384616 0.4305555555555556 0.08503605769230767 0.10416666666666667
2 0.48295272435897446 0.4655982905982906 0.06013621794871797 0.10619658119658126
2 0.3682892628205129 0.46060363247863256 0.08914262820512828 0.10550213675213674
2 0.22610176282051286 0.40273771367521377 0.09907852564102568 0.11172542735042743
2 0.1894946808510638 0.2903368794326241 0.09973404255319147 0.11081560283687945
2 0.194140625 0.6645833333333333 0.08828125 0.10208333333333333
1 0.2743913666121113 0.1656335242771413 0.03964811783960718 0.05658756137479542
1 0.06152162609110747 0.30343528368794315 0.05980249249863612 0.07132092198581569
1 0.8489783653846154 0.9346955128205129 0.04891826923076916 0.06810897435897433
1 0.9639523237179487 0.9684962606837607 0.07053285256410255 0.060924145299145256
1 0.9591245993589744 0.4280715811965813 0.05931490384615383 0.1144764957264958
0 0.4161558493589744 0.2104967948717949 0.03948317307692317 0.04214743589743595
1 0.5803786057692308 0.5898504273504275 0.037560096153846256 0.066025641025641
1 0.4068409455128205 0.7236111111111112 0.062119391025641055 0.03888888888888893
1 0.1382111378205128 0.8401041666666667 0.08203125 0.10520833333333333
2 0.12892287234042552 0.09862588652482268 0.0978723404255319 0.19725177304964536
0 0.374609375 0.6760416666666667 0.04921875 0.05416666666666667
1 0.4185897435897436 0.6524172008547009 0.07467948717948722 0.0610844017094017
2 0.3682592147435898 0.941252670940171 0.07117387820512829 0.1110844017094017
2 0.4078125 0.5643429487179487 0.09222756410256414 0.1010149572649573
0 0.6402744391025641 0.5656383547008548 0.04997996794871806 0.045806623931623845
1 0.6509615384615385 0.6085870726495728 0.06266025641025648 0.04724893162393175
