1 0.3264423076923077 0.33664529914529917 0.03862179487179489 0.056944444444444464
1 0.24307892628205127 0.7865251068376068 0.04509214743589749 0.06263354700854708
1 0.8672776442307694 0.5786458333333333 0.06872996794871807 0.0563835470085472
1 0.8243890224358974 0.03336004273504276 0.04032451923076934 0.057211538461538494
2 0.8470552884615387 0.3152911324786325 0.0631009615384615 0.0996527777777778
2 0.42332732371794873 0.2776442307692308 0.07922676282051286 0.14556623931623935
2 0.614092548076923 0.28683226495726494 0.12037259615384617 0.11116452991452999
2 0.024138621794871824 0.6155048076923078 0.04827724358974365 0.13758012820512835
2 0.14042467948717952 0.5421340811965812 0.08413461538461542 0.0840010683760685
2 0.112880608974359 0.35482104700854705 0.10717147435897431 0.10606303418803424
2 0.27609675480769236 0.031837606837606856 0.049669471153846165 0.06426282051282056
2 0.07622195512820515 0.040998931623931645 0.05629006410256414 0.08199786324786329
1 0.21854967948717952 0.327056623931624 0.07612179487179489 0.07345085470085469
1 0.3567508012820513 0.6535523504273504 0.0541266025641026 0.07206196581196582
1 0.33573717948717946 0.7120592948717949 0.05408653846153855 0.08068910256410255
0 0.8339242788461538 0.7602297008547009 0.03327323717948723 0.048450854700854744
0 0.6547075320512821 0.6819043803418804 0.04314903846153859 0.06087072649572652
0 0.30833333333333335 0.656209935897436 0.033333333333333305 0.04799679487179477
0 0.17633213141025642 0.08820779914529916 0.026342147435897488 0.035657051282051336
0 0.4761217948717949 0.15982905982905984 0.026722756410256565 0.03931623931623936
0 0.16583533653846155 0.2002403846153846 0.059354967948717974 0.05464743589743592
1 0.2835436698717949 0.7271768162393163 0.03427483974358978 0.03977029914529915
1 0.13380408653846154 0.6863782051282051 0.041286057692307754 0.051923076923077
1 0.84140625 0.4890625 0.0546875 0.08645833333333333
1 0.7671073717948718 0.0888488247863248 0.044711538461538504 0.06642628205128212
2 0.616015625 0.14635416666666667 0.05078125 0.06770833333333333
2 0.45390625 0.046875 0.0765625 0.09375
3 0.020132211538461557 0.1262286324786325 0.040264423076923114 0.06912393162393166
3 0.18109975961538463 0.2882211538461539 0.048858173076923084 0.06522435897435894
1 0.973467548076923 0.1892494658119658 0.05150240384615383 0.05691773504273501
1 0.6125 0.20729166666666668 0.05 0.06041666666666667
0 0.591796875 0.23177083333333334 0.02421875 0.028125
