2 0.41455221737132353 0.5321490119485294 0.04738913143382355 0.07050589767156853
2 0.5789762148849924 0.5770401269482153 0.07469922464177978 0.06957170688788329
2 0.6555908571361238 0.6795510684742647 0.06163538131598791 0.08973364736519601
2 0.02265625 0.40520833333333334 0.0453125 0.06041666666666667
2 0.2265224358974359 0.4362713675213675 0.054166666666666696 0.07670940170940176
2 0.92161865234375 0.7030436197916666 0.0744873046875 0.09602864583333333
1 0.47830810546875 0.12587076822916665 0.0590087890625 0.04106445312499997
1 0.3934639172676282 0.07707853398771368 0.05047450921474357 0.0670343382745726
1 0.18869190705128208 0.10520833333333335 0.04769631410256414 0.060416666666666695
1 0.8095947265625 0.6242919921875 0.0568359375 0.06798502604166666
1 0.9274658203125 0.7895100911458334 0.051806640625 0.058186848958333336
1 0.76376953125 0.7425455729166667 0.03984375 0.057291666666666664
1 0.13972199268830127 0.11468912760416665 0.055028670873397446 0.05528971354166664
1 0.8331756161971832 0.1927523474178404 0.0444762323943662 0.060504694835680765
0 0.481640625 0.065625 0.02578125 0.03333333333333333
0 0.6608605018028847 0.2054443359375 0.030818058894230747 0.0430501302083333
0 0.3592920547876603 0.4053955078125 0.011396359174679427 0.01586914062499994
0 0.3119657628676471 0.795281862745098 0.022782628676470608 0.028308823529411716
0 0.133984375 0.7796875 0.02578125 0.034375
0 0.120703125 0.7317708333333334 0.04609375 0.051041666666666666
0 0.24092371323529416 0.7791973039215686 0.04308363970588234 0.05128676470588225
0 0.6398782169117647 0.7587853801376319 0.03561580882352944 0.03696355345022617
0 0.944140625 0.4239583333333333 0.03203125 0.052083333333333336
0 0.9461652728873238 0.5262544014084506 0.03856734154929633 0.05165786384976521
0 0.49684053308823534 0.875689338235294 0.029871323529411777 0.0513174019607843
0 0.5494427849264707 0.9286941827512255 0.02232306985294121 0.026496438419117634
0 0.5240658030790442 0.8912434895833333 0.019078871783088223 0.0248046875
0 0.47991943359375 0.41224897335737176 0.0289306640625 0.03796950120192306
0 0.08819423577724361 0.19195149739583334 0.04577949719551279 0.05864257812499997
0 0.7761608714788732 0.1096244131455399 0.013259242957746498 0.018251173708920185
1 0.7637595152243589 0.5177815755208334 0.04718800080128203 0.049886067708333336
1 0.7335356288371253 0.15142914108583125 0.03573322950523652 0.05072153003491029
1 0.29923023897058826 0.7282475490196078 0.028722426470588223 0.04901960784313732
1 0.34721392463235295 0.9064644607843138 0.05224034926470589 0.08167892156862741
1 0.617877666766827 0.9771332047943377 0.037438025841346076 0.041994274172008635
2 0.7433076746323529 0.7848996629901961 0.041302849264705885 0.06745557598039215
2 0.615975560897436 0.42153641905480144 0.056510416666666695 0.06992521367521369
0 0.7871753961267606 0.2171361502347418 0.011036531690140895 0.014671361502347432
