1 0.4686398237179487 0.1466346153846154 0.05671073717948723 0.10576923076923081
1 0.36961137820512824 0.2476762820512821 0.06646634615384625 0.11201923076923084
1 0.29455128205128206 0.3524305555555556 0.06634615384615383 0.08413461538461539
1 0.5706129807692308 0.554513888888889 0.06109775641025639 0.13135683760683772
3 0.6545773237179487 0.6422275641025641 0.06744791666666669 0.10283119658119659
1 0.9394330929487179 0.8205128205128206 0.07265625000000017 0.08012820512820511
2 0.21043669871794873 0.7844551282051283 0.10236378205128212 0.0908119658119657
1 0.19851762820512825 0.3220085470085471 0.07612179487179489 0.06485042735042743
0 0.15234375 0.1890625 0.028125 0.036458333333333336
1 0.11640625 0.17083333333333334 0.0703125 0.07708333333333334
1 0.402734375 0.8328125 0.05546875 0.07395833333333333
1 0.6856370192307693 0.4258814102564103 0.04539262820512828 0.05742521367521374
2 0.8404046474358975 0.3349893162393163 0.0984375 0.07895299145299148
