1 0.6831430288461539 0.44057158119658124 0.10847355769230775 0.12686965811965809
2 0.20552884615384617 0.7156784188034189 0.14022435897435898 0.19631410256410245
2 0.09585336538461545 0.1821581196581197 0.11718749999999996 0.15758547008547008
0 0.8996394230769231 0.09201388888888892 0.07211538461538466 0.09214743589743589
1 0.5459034455128206 0.8659188034188035 0.09649439102564106 0.10683760683760693
1 0.02063301282051284 0.7515224358974361 0.04126602564102568 0.13445512820512812
1 0.8806089743589745 0.578792735042735 0.09014423076923084 0.1308760683760683
1 0.9161558493589744 0.38732638888888893 0.06512419871794872 0.15659722222222214
1 0.58359375 0.6015625 0.0734375 0.084375
1 0.5729066506410257 0.1375400641025641 0.050500801282051366 0.060336538461538414
1 0.097265625 0.040625 0.06484375 0.07916666666666666
0 0.48147035256410253 0.059722222222222246 0.05108173076923075 0.06858974358974364
