0 0.48542668269230765 0.4993589743589743 0.03114983974358987 0.04134615384615395
0 0.40534855769230776 0.799011752136752 0.04306891025641026 0.056356837606837594
0 0.23671875 0.8822916666666667 0.0375 0.05
0 0.3146935096153846 0.7817040598290599 0.03006810897435903 0.042895299145299264
1 0.44519230769230766 0.5113915598290598 0.04350961538461542 0.07069978632478638
1 0.9635416666666667 0.0997729700854701 0.04166666666666661 0.07662927350427354
3 0.7502003205128206 0.12206196581196585 0.07051282051282044 0.08814102564102559
3 0.5468048878205128 0.6127136752136753 0.07465945512820511 0.09775641025641021
3 0.25610977564102566 0.7450587606837609 0.09915865384615383 0.13221153846153832
3 0.7669270833333334 0.3323985042735043 0.04507211538461533 0.05475427350427348
3 0.23758012820512825 0.5280448717948718 0.04807692307692309 0.06143162393162396
0 0.6485977564102564 0.2658253205128205 0.023317307692307755 0.0257745726495726
