1 0.5603365384615385 0.872863247863248 0.060576923076922994 0.05822649572649574
0 0.5733573717948718 0.8363782051282052 0.034535256410256385 0.039743589743589665
0 0.916376201923077 0.5334401709401709 0.06868990384615384 0.08536324786324787
0 0.22191506410256415 0.037299679487179514 0.04679487179487176 0.0600160256410257
2 0.25949519230769236 0.140090811965812 0.06634615384615383 0.11351495726495726
1 0.3778044871794872 0.6669337606837608 0.07812500000000004 0.1121794871794871
1 0.2435897435897436 0.529380341880342 0.08213141025641021 0.11217948717948717
1 0.16693709935897438 0.663888888888889 0.07918669871794877 0.08472222222222214
1 0.8617087339743591 0.29392361111111115 0.08439503205128193 0.06493055555555559
0 0.4028445512820514 0.3704594017094018 0.0400641025641026 0.05074786324786326
0 0.129296875 0.12604166666666666 0.05703125 0.07083333333333333
3 0.908984375 0.2994791666666667 0.06484375 0.09479166666666666
