0 0.67734375 0.103125 0.0546875 0.05625
1 0.1238982371794872 0.389823717948718 0.08513621794871792 0.10283119658119659
2 0.4914863782051283 0.44791666666666674 0.0671073717948718 0.14155982905982908
2 0.5871394230769231 0.37513354700854706 0.08613782051282053 0.11084401709401709
2 0.16691706730769232 0.9484642094017095 0.10727163461538462 0.10098824786324781
1 0.057822516025641056 0.9631543803418803 0.08908253205128211 0.07160790598290596
1 0.6651141826923077 0.8890357905982906 0.07241586538461542 0.11567841880341874
2 0.8380008012820512 0.5928952991452991 0.10725160256410256 0.13504273504273498
1 0.7748297275641025 0.562767094017094 0.0769030448717948 0.0587606837606837
1 0.65625 0.1701388888888889 0.0520833333333333 0.06944444444444446
1 0.8875 0.09479166666666666 0.0390625 0.05
1 0.6944210737179487 0.27398504273504276 0.061879006410256565 0.10213675213675219
0 0.913671875 0.13125 0.06015625 0.09375
2 0.510516826923077 0.14943910256410262 0.06911057692307691 0.08680555555555555
2 0.5556290064102564 0.4520299145299146 0.05500801282051286 0.06655982905982913
1 0.16446314102564105 0.6041666666666666 0.040064102564102554 0.048076923076922996
