0 0.8335336538461539 0.2248931623931624 0.034054487179487225 0.04807692307692309
0 0.7826021634615385 0.4368723290598291 0.039763621794871896 0.0541399572649573
0 0.926171875 0.48489583333333336 0.04140625 0.053125
0 0.5654947916666667 0.25038728632478635 0.04729567307692317 0.05317841880341891
0 0.4503104967948718 0.3887286324786325 0.04729567307692317 0.056944444444444464
0 0.9722556089743591 0.5280448717948718 0.031049679487179384 0.0427350427350427
3 0.5696113782051283 0.5934829059829061 0.0671073717948718 0.0961538461538461
3 0.3670272435897436 0.8479166666666667 0.05657051282051277 0.07083333333333333
3 0.5741185897435898 0.9266826923076923 0.0520833333333333 0.0707799145299146
3 0.26913060897435903 0.8111645299145299 0.08713942307692304 0.10683760683760682
3 0.13391426282051286 0.5193643162393163 0.0671073717948718 0.07345085470085475
0 0.3481270032051282 0.24252136752136755 0.023297275641025638 0.03685897435897439
1 0.30568910256410253 0.6463141025641027 0.04206730769230771 0.07596153846153857
1 0.4151542467948718 0.7154113247863249 0.047495993589743615 0.06330128205128199
3 0.15870392628205127 0.10690438034188035 0.049579326923077004 0.06503739316239318
