3 0.7884615384615385 0.358440170940171 0.13621794871794882 0.17361111111111108
3 0.9161658653846155 0.5507478632478633 0.15725160256410256 0.21901709401709404
3 0.5003104967948719 0.8490251068376068 0.10154246794871798 0.1299412393162393
3 0.37660256410256415 0.6268696581196581 0.030448717948718017 0.04273504273504282
3 0.2350761217948718 0.6607104700854701 0.07512019230769233 0.09524572649572641
3 0.20052083333333334 0.2122061965811966 0.078125 0.10817307692307691
3 0.031650641025641045 0.46861645299145305 0.05929487179487185 0.08146367521367519
3 0.6429286858974359 0.1465010683760684 0.2297676282051281 0.2930021367521368
3 0.8685897435897438 0.1881677350427351 0.05608974358974361 0.07077991452991451
3 0.9578926282051281 0.05599626068376071 0.05777243589743595 0.0867254273504274
0 0.06643629807692311 0.09429754273504276 0.0343149038461538 0.04484508547008552
