1 0.6111778846153847 0.5309027777777778 0.05208333333333339 0.09652777777777774
1 0.38203125 0.09270833333333334 0.071875 0.05416666666666667
1 0.0890925480769231 0.053939636752136776 0.06860977564102569 0.06412927350427355
1 0.5931490384615385 0.9180021367521367 0.034054487179487225 0.06677350427350426
1 0.29061498397435903 0.7455795940170941 0.04016426282051282 0.06439636752136764
0 0.8547676282051281 0.42721688034188043 0.03766025641025639 0.04139957264957257
0 0.45538862179487183 0.5041933760683761 0.036979166666666605 0.058386752136752186
0 0.27406850961538465 0.5911191239316239 0.04092548076923075 0.06348824786324793
1 0.0686598557692308 0.3424813034188034 0.05138221153846158 0.09628739316239313
1 0.04653445512820512 0.38958333333333334 0.0625 0.0375
1 0.5396334134615385 0.10873397435897438 0.0569511217948719 0.1121260683760684
