0 0.4142935147849462 0.2246247759856631 0.0484290994623656 0.06799955197132619
0 0.843359375 0.1515625 0.03203125 0.040625
0 0.7007311698717948 0.3894230769230769 0.05927483974358978 0.07264957264957263
0 0.962890625 0.7463541666666667 0.05703125 0.078125
0 0.47356546336206895 0.6999461206896551 0.05758351293103452 0.07783764367816086
0 0.4419383081896552 0.646228448275862 0.05483566810344831 0.06795977011494259
0 0.588671875 0.8208333333333333 0.05546875 0.0625
0 0.762890625 0.9645833333333333 0.05390625 0.06875
0 0.823828125 0.9682291666666667 0.03984375 0.04895833333333333
0 0.204296875 0.6463541666666667 0.06015625 0.08645833333333333
0 0.16760752688172043 0.6742103494623656 0.02103494623655915 0.03800403225806441
0 0.5962351831896552 0.7094827586206897 0.05604795258620694 0.06954022988505741
0 0.5603365384615385 0.9319043803418803 0.06258012820512811 0.07903311965811959
0 0.859375 0.9802083333333333 0.0484375 0.0375
0 0.923046875 0.725 0.05546875 0.08125
1 0.8308080024813895 0.39319297973531847 0.05713399503722094 0.06240436311000828
1 0.6905409946236559 0.545138888888889 0.06891801075268819 0.05555555555555554
1 0.32976310483870963 0.11949484767025091 0.071320564516129 0.07440636200716849
1 0.7026758943341604 0.05351142473118282 0.07482294251447463 0.09660618279569896
1 0.1750187396608768 0.27553418803418805 0.0767227564102565 0.11506410256410261
1 0.05149529569892473 0.7353942652329749 0.07006048387096775 0.10828853046594974
1 0.3869009380526084 0.5869612068965516 0.04521890196728573 0.07334770114942527
1 0.7407847383399646 0.6124378315649868 0.05789711814765708 0.09480824491600354
1 0.9633400537634408 0.685299059139785 0.04831989247311839 0.0648185483870968
1 0.5109375 0.340625 0.0515625 0.08125
1 0.36875 0.053125 0.0828125 0.09166666666666666
0 0.34609375 0.021354166666666667 0.028125 0.034375
3 0.75431884563689 0.2134029500964985 0.045461771091811445 0.06356148331954789
3 0.9802083333333333 0.03122329059829062 0.029166666666666785 0.037446581196581244
1 0.78203125 0.9020833333333333 0.0546875 0.08125
0 0.623828125 0.9515625 0.07421875 0.08229166666666667
1 0.213877688172043 0.4447188620071685 0.0510752688172043 0.08928091397849466
0 0.5828125 0.057291666666666664 0.065625 0.07916666666666666
0 0.619921875 0.026041666666666668 0.05078125 0.052083333333333336
