3 0.5075020032051283 0.13808760683760687 0.09917868589743603 0.12820512820512822
3 0.5844451121794872 0.30803952991452993 0.03944310897435903 0.055395299145299205
3 0.526953125 0.6333333333333333 0.05703125 0.07083333333333333
3 0.151953125 0.0140625 0.06171875 0.028125
3 0.27651241987179487 0.42037927350427357 0.04433092948717947 0.05774572649572652
3 0.6533854166666667 0.9730235042735043 0.027764423076923173 0.0395299145299146
0 0.966796875 0.9578125 0.03828125 0.05520833333333333
0 0.8920372596153847 0.8457532051282051 0.05126201923076934 0.05849358974358966
0 0.7111077724358974 0.49318910256410253 0.04252804487179498 0.0536858974358975
0 0.18424479166666669 0.7605235042735043 0.03255208333333335 0.045619658119658034
0 0.2826522435897436 0.7657318376068376 0.03205128205128203 0.04278846153846156
0 0.24258814102564105 0.9300213675213675 0.038060897435897446 0.05341880341880341
0 0.17259615384615387 0.4507077991452991 0.029807692307692334 0.0371527777777778
0 0.22704326923076926 0.456343482905983 0.033092948717948725 0.05526175213675213
0 0.4769030448717949 0.3216479700854702 0.030168269230769252 0.0388621794871795
0 0.555068108974359 0.8189903846153846 0.048116987179487314 0.06447649572649575
0 0.6542167467948719 0.8607638888888889 0.028104967948717974 0.03969017094017104
3 0.5590945512820513 0.5834668803418804 0.04807692307692309 0.05475427350427348
0 0.060596955128205135 0.7057291666666666 0.0453125 0.046875
