0 0.7001802884615385 0.3173210470085471 0.04034455128205128 0.052857905982906024
0 0.6457431891025641 0.3023504273504274 0.03507612179487172 0.042735042735042764
0 0.1824919871794872 0.7657852564102564 0.04407051282051282 0.0667200854700854
0 0.24263822115384617 0.798344017094017 0.03395432692307691 0.04700854700854708
0 0.8608974358974357 0.5484107905982907 0.029407051282051278 0.03939636752136764
0 0.6812900641025641 0.6328792735042735 0.038060897435897446 0.0547542735042736
0 0.5155148237179488 0.8305288461538463 0.043088942307692335 0.05475427350427348
3 0.3087840544871795 0.20373931623931626 0.09997996794871793 0.1384615384615385
3 0.80546875 0.686030982905983 0.08818108974358978 0.11137820512820511
3 0.9380108173076923 0.7336271367521368 0.03944310897435912 0.050908119658119706
3 0.4472956730769231 0.5070779914529915 0.06133814102564106 0.0659722222222222
3 0.32198517628205126 0.3610844017094017 0.02950721153846154 0.04001068376068364
3 0.09992988782051285 0.5882345085470086 0.028906250000000022 0.037206196581196595
3 0.7332932692307693 0.9389289529914531 0.024198717948717974 0.035603632478632484
0 0.14643429487179488 0.1905849358974359 0.038060897435897446 0.04724893162393166
0 0.32972756410256415 0.421207264957265 0.034054487179487225 0.05074786324786326
0 0.369921875 0.45677083333333335 0.03828125 0.046875
1 0.5926482371794872 0.6633413461538462 0.053084935897435945 0.07662927350427359
1 0.23908253205128208 0.08700587606837609 0.03104967948717947 0.054086538461538505
0 0.5305488782051283 0.2184428418803419 0.03505608974358978 0.04762286324786329
0 0.3371494391025641 0.06330128205128208 0.03523637820512828 0.050747863247863303
0 0.30766225961538457 0.9459668803418803 0.04012419871794877 0.05625000000000024
0 0.5287760416666668 0.9429220085470085 0.038601762820512864 0.05966880341880341
0 0.1969951923076923 0.7029380341880341 0.031009615384615375 0.03995726495726496
