1 0.7128305288461538 0.6943108974358975 0.04108573717948731 0.057425213675213624
0 0.5705729166666667 0.3518830128205128 0.041145833333333395 0.048317307692307666
0 0.936688701923077 0.11139155982905985 0.028064903846153833 0.03736645299145304
0 0.5298377403846155 0.5767895299145299 0.03447516025641031 0.044070512820512775
0 0.7854366987179487 0.6466880341880342 0.048116987179487224 0.06185897435897445
0 0.9828125 0.49166666666666664 0.0328125 0.05625
1 0.7709334935897437 0.17652243589743588 0.04707532051282026 0.06469017094017102
3 0.9447115384615385 0.6375534188034189 0.03205128205128212 0.04273504273504282
0 0.362890625 0.8935229700854701 0.029827724358974406 0.04361645299145304
0 0.8372696314102566 0.9825186965811966 0.038601762820512954 0.03287927350427348
0 0.984765625 0.7109375 0.02890625 0.06354166666666666
