0 0.8697616185897437 0.1294337606837607 0.029707532051282116 0.03867521367521372
0 0.779341511636009 0.600881700575994 0.030141704988851624 0.04144312058714247
0 0.3879068211265685 0.8615582094471722 0.02621428327877795 0.030983758410620156
0 0.6333828931485181 0.8092914030414031 0.04370499292374293 0.04159035409035414
0 0.5454586713741987 0.49908165564903845 0.03823304787660246 0.05473382411858972
0 0.4601330879407051 0.4104423327323718 0.029440855368589692 0.03995517828525639
0 0.37213134765625 0.2496150090144231 0.0308837890625 0.034461388221153806
0 0.1556490384615385 0.36399572649572653 0.03565705128205132 0.04497863247863248
0 0.3013424604366987 0.38832277477297006 0.040625626001602556 0.048387002537393184
0 0.129296875 0.7151041666666667 0.03203125 0.051041666666666666
1 0.27403313386524825 0.8245489236679396 0.04202681737588647 0.056243464720858324
1 0.5369669596354167 0.13591475527510682 0.04789225260416661 0.04864574986645298
1 0.5221454326923076 0.8614850427350428 0.045853365384615416 0.07297008547008552
0 0.4609375000000001 0.357772435897436 0.01602564102564106 0.020032051282051277
