3 0.8023536288198103 0.0854095319634703 0.10590918071654372 0.1354309360730594
3 0.869921875 0.16979166666666667 0.10234375 0.13333333333333333
3 0.4977864583333334 0.8325320512820513 0.056510416666666695 0.07478632478632481
3 0.164453125 0.6934814453125 0.0568359375 0.074462890625
3 0.162744140625 0.6213785807291666 0.044384765625 0.060791015625
3 0.06280048076923081 0.5624332264957265 0.05508814102564104 0.0727831196581197
3 0.21976349659455127 0.34219563802083336 0.06096128806089744 0.085302734375
3 0.5005008012820513 0.3697916666666667 0.03505608974358978 0.05208333333333339
0 0.6236979166666667 0.0913461538461539 0.04106570512820511 0.05608974358974359
0 0.24254382354232532 0.1616623126683058 0.04188153099754115 0.06023701849900478
0 0.07996826171875 0.2558691823584402 0.0500244140625 0.057760333199786316
0 0.04938902243589746 0.13084935897435898 0.03383413461538466 0.04118589743589748
0 0.02080109425080128 0.6632242838541667 0.024315780248397433 0.03406575520833333
0 0.24564208984375 0.4940582014556624 0.0348388671875 0.04524948250534185
0 0.22656250000000006 0.5150641025641025 0.020032051282051277 0.0259615384615385
0 0.3917580629006411 0.6867623614449786 0.02825145232371793 0.040700537526709366
1 0.07844702208465051 0.9399093343870741 0.05543472295398662 0.0676699157007377
1 0.6849058493589745 0.5216880341880342 0.058874198717948814 0.09412393162393157
0 0.22332512842465752 0.8321275684931507 0.04821275684931505 0.06348458904109577
0 0.1310797275641026 0.13062232905982907 0.03471554487179489 0.04698183760683765
0 0.410546875 0.015104166666666667 0.04140625 0.030208333333333334
1 0.5935797275641026 0.6484375 0.06640625 0.053125
1 0.7033353365384615 0.7684561965811966 0.06808894230769243 0.07473290598290608
