1 0.6893028846153847 0.12606837606837612 0.05809294871794872 0.1201923076923077
1 0.24509214743589744 0.5988247863247864 0.051081730769230796 0.09882478632478638
1 0.19696514423076925 0.6778044871794873 0.0892427884615385 0.09310897435897444
1 0.0878405448717949 0.5572382478632479 0.0811298076923077 0.06447649572649575
1 0.06730769230769236 0.15104166666666666 0.05809294871794871 0.0729166666666667
0 0.5272035256410257 0.5133547008547009 0.06378205128205136 0.08547008547008553
2 0.7963842147435898 0.6558627136752136 0.09433092948717955 0.1861912393162393
1 0.93046875 0.5619791666666667 0.059375 0.090625
1 0.6166866987179487 0.3023504273504274 0.08513621794871798 0.12553418803418806
1 0.433203125 0.7536458333333333 0.07109375 0.13020833333333334
1 0.5301582532051283 0.7151976495726496 0.061879006410256475 0.05838675213675207
0 0.70625 0.6755208333333333 0.0703125 0.084375
