0 0.17591432005494503 0.479605463980464 0.03776614010989012 0.05147283272283278
0 0.44352337786259544 0.509748727735369 0.025286259541984712 0.03457379134860054
0 0.4600888138578979 0.4094425890585242 0.02573583382266591 0.03517016539440198
0 0.9102632914954004 0.6201534669211196 0.03288467655118428 0.050723600508905876
0 0.9289599236641223 0.3621421755725191 0.03604484732824442 0.045117684478371584
0 0.7530593988549619 0.18383826335877865 0.016495706106870234 0.02448314249363864
0 0.8127102600802505 0.3029264125399622 0.015681579076140116 0.02200977033992301
0 0.5587010973282442 0.01701653944020359 0.026323950381679406 0.03403307888040718
0 0.5125773757095322 0.8421097165133424 0.02076605010765311 0.028248760357539027
2 0.7852961685261304 0.4985625856331963 0.05977502935995318 0.08300303386181244
2 0.7249791269083969 0.08739662849872776 0.06410424618320612 0.08729325699745552
2 0.5423463801624584 0.14105928263848116 0.05664788853004499 0.07538779604619297
2 0.5658695133587786 0.24905905428329098 0.06804627862595422 0.08521522476675152
2 0.6087388676844784 0.5237479203366608 0.06898059796437658 0.10358558426306506
2 0.26984603937728935 0.38448946886446883 0.04965086996337007 0.08102106227106229
2 0.05377747252747252 0.2891101953601954 0.07942994505494504 0.10660866910866919
2 0.30569911858974363 0.6758814102564102 0.06808894230769233 0.07291666666666678
2 0.3421274038461538 0.7996394230769232 0.07736378205128217 0.1111912393162394
2 0.5016726762820513 0.9272168803418803 0.07678285256410264 0.1044337606837607
2 0.6659449011548249 0.9469797987212109 0.06827718242317475 0.07296152215045346
2 0.9296951458211001 0.8595880635479872 0.05607445194754366 0.07280860572845309
2 0.9710132395038169 0.9561824109414758 0.05044728053435108 0.05676685750636127
2 0.49137344942748096 0.4542342557251909 0.05601741412213741 0.08039917302798981
2 0.7863882211538462 0.1987713675213675 0.04621394230769234 0.07329059829059827
1 0.07507011217948717 0.4423515720390721 0.042854281135531115 0.08255876068376058
1 0.572235576923077 0.8779113247863248 0.049839743589743704 0.06682692307692312
2 0.8635973282442748 0.2330749045801527 0.06343034351145035 0.06093352417302797
0 0.029528674450549446 0.32708333333333334 0.02421875 0.027083333333333334
0 0.019660027472527465 0.29590201465201466 0.023179945054945073 0.03319597069597068
1 0.13537660256410258 0.8012419871794872 0.03213141025641027 0.046554487179487104
0 0.01011618589743592 0.6249332264957265 0.02023237179487184 0.051949786324786376
0 0.6213531727099236 0.28739265267175573 0.023872853053435072 0.03399332061068705
1 0.2961237980769231 0.45386904761904756 0.053185096153846124 0.06639194139194142
0 0.5419221135496184 0.4624562659033079 0.019328482824427517 0.025787213740458094
1 0.6021290553435115 0.13457776717557254 0.04681536259541987 0.051773218829516576
0 0.9077260257633588 0.3467159669211196 0.015714456106870146 0.02104007633587782
0 0.3842527433206107 0.33420801526717564 0.009046994274809216 0.011927480916030516
0 0.6884571803435116 0.7750397582697202 0.031601860687022934 0.04311386768447842
0 0.47614503816793896 0.9922073791348601 0.0101383587786259 0.011132315521628538
2 0.9326422275641025 0.4299813034188035 0.05546875 0.071875
1 0.9238817986641223 0.5579397264631043 0.04620109732824442 0.057037213740457976
0 0.7637136211832061 0.10324029898218831 0.02421875 0.03652194656488557
0 0.3701536744505494 0.44380151098901094 0.03132726648351643 0.04417353479853473
3 0.8011778387404581 0.6681178435114503 0.030397185114503955 0.04385337150127242
