0 0.8378305288461538 0.3919337606837607 0.033473557692307664 0.03450854700854708
0 0.14852224232929992 0.5179781283011621 0.02072236927398443 0.02911864976471718
0 0.43016151685393267 0.1065250468164794 0.0334269662921348 0.05153323970037453
0 0.6559295997191011 0.10174391385767789 0.025921699438202238 0.04463951310861423
1 0.236328125 0.1046875 0.04453125 0.05520833333333333
1 0.47578125 0.253125 0.03125 0.06458333333333334
1 0.4343618328651685 0.23525280898876405 0.04533883426966297 0.11001872659176032
1 0.6679428658887929 0.1815900196869298 0.0334962906943244 0.05582745126284451
1 0.3671474358974359 0.46495726495726497 0.07339743589743594 0.05940170940170949
1 0.20258514747191012 0.3379740168539326 0.07235779494382025 0.09886470037453184
1 0.13425300705848459 0.13192298689138576 0.03872713195044657 0.08259597378277152
2 0.9608173076923077 0.30104166666666665 0.065625 0.10416666666666667
2 0.6952073317307692 0.3432603276353276 0.08484575320512819 0.11093304843304838
2 0.360546875 0.31145833333333334 0.06328125 0.07083333333333333
2 0.5698617788461539 0.4114694622507123 0.04857772435897436 0.0873620014245013
2 0.6117204193376068 0.4944911858974359 0.056507077991452895 0.06710737179487189
2 0.498046875 0.15 0.05390625 0.0625
0 0.380078125 0.26927083333333335 0.03828125 0.04479166666666667
3 0.883203125 0.25400641025641024 0.06171875 0.07499999999999994
1 0.6618990384615385 0.5346087072649571 0.040785256410256474 0.04362980769230766
0 0.6662960737179487 0.8498931623931624 0.022095352564102465 0.02938034188034185
0 0.2962582236842105 0.8808662280701754 0.009457236842105265 0.013486842105263009
0 0.22529731781376522 0.8155975877192981 0.03378036437246963 0.0464364035087718
