0 0.3691042877906977 0.3421875 0.02832485465116279 0.04236918604651159
0 0.319573177549195 0.3329820736434108 0.026551319320214616 0.036119186046511646
0 0.30736083984375 0.4951328375400641 0.0310302734375 0.03984500200320505
0 0.32319222383720925 0.6684714147286821 0.022946947674418582 0.03418120155038764
0 0.12266391488008721 0.5937812272892443 0.0198486328125 0.027262369791666668
0 0.22339207848837211 0.6719840116279071 0.01724200581395343 0.02352228682170541
0 0.13470203488372093 0.7995518410852713 0.020203488372093004 0.027592054263565893
0 0.13034156976744185 0.874079457364341 0.023473837209302316 0.0311531007751937
0 0.06587027616279069 0.7946584302325582 0.017060319767441844 0.02163275193798455
0 0.05605922965116279 0.8997698643410852 0.02123909883720928 0.034278100775193936
0 0.3890380859375 0.7559000651041666 0.0166015625 0.026123046875
0 0.7565805288461538 0.15069444444444446 0.03571714743589745 0.03888888888888893
0 0.8270833333333334 0.09379006410256413 0.022916666666666786 0.027163461538461588
0 0.8310897435897436 0.14318910256410258 0.030929487179487226 0.04054487179487184
0 0.8984375 0.47239583333333335 0.0265625 0.042708333333333334
0 0.825390625 0.42552083333333335 0.01640625 0.030208333333333334
0 0.8109375 0.4328125 0.0140625 0.026041666666666668
0 0.8368121552623734 0.706249378851123 0.023141677847346463 0.03735589346054458
0 0.856640625 0.6849051505664878 0.019821947674418538 0.0340172182468694
0 0.75057373046875 0.6026381794204061 0.0235107421875 0.028284839075854624
0 0.71563720703125 0.5110270182291666 0.0250244140625 0.032470703125
0 0.5613008720930233 0.8684350775193799 0.024563953488372193 0.037596899224806295
0 0.13518350290697673 0.5467534974563953 0.03286700581395348 0.035368974079457396
0 0.6071714743589745 0.1763888888888889 0.04206730769230775 0.056944444444444464
1 0.5633764022435898 0.6405217097355769 0.05854992988782044 0.05180163261217944
1 0.246484375 0.2703125 0.04609375 0.065625
1 0.884375 0.5291666666666667 0.040625 0.06041666666666667
1 0.20474910292514537 0.7441084514292636 0.049985805777616264 0.0803392986918606
1 0.020267078488372083 0.9091327519379845 0.03740915697674417 0.08095930232558146
1 0.26232739825581397 0.6286458333333333 0.059720203488372106 0.059375
2 0.646844951923077 0.45938835470085476 0.09537259615384608 0.06252670940170943
1 0.835546875 0.4822916666666667 0.05390625 0.04583333333333333
0 0.848828125 0.44895833333333335 0.03984375 0.05
0 0.6333063133571855 0.9828488372093024 0.03407778026237329 0.03498062015503874
0 0.6675327034883721 0.8734781852514412 0.031940406976744204 0.02872192407076118
0 0.3632828150040064 0.641304211738782 0.02538749499198718 0.045353816105769225
0 0.008130450581395339 0.04694767441860465 0.016260901162790678 0.02722868217054264
0 0.007903343023255804 0.2759811046511628 0.015806686046511607 0.04154554263565894
1 0.06427143895348837 0.4455668604651163 0.032067587209302306 0.04636627906976744
3 0.283203125 0.9708333333333333 0.01640625 0.022916666666666665
3 0.7835506577966607 0.7048949637249057 0.015202463476446137 0.023107359371894277
3 0.3650526889534883 0.8860465116279069 0.015534156976744162 0.021753875968992274
1 0.319140625 0.38177083333333334 0.03203125 0.06145833333333333
