2 0.117578125 0.48020833333333335 0.12265625 0.125
2 0.30694281062465906 0.2007978723404255 0.06862767662302241 0.08717494089834515
2 0.4688437670485543 0.5062795508274232 0.07948888434260777 0.10564420803782504
2 0.480438701923077 0.6723557692307693 0.08118990384615392 0.12003205128205122
2 0.1539976728723404 0.8321012911438443 0.11742575354609927 0.1499227132205855
2 0.05959663120567375 0.7360372340425533 0.10268173758865248 0.12632978723404248
2 0.1415697030141844 0.5758348108747046 0.15890403368794326 0.08916962174940898
2 0.22741578014184394 0.13220670803782505 0.0953125 0.15312499999999998
2 0.39070811170212766 0.055703309692671385 0.09391622340425529 0.11140661938534277
2 0.31072140957446803 0.048201093380614644 0.07855718085106385 0.09686022458628839
2 0.07779255319148934 0.3555703309692671 0.08144946808510638 0.14258274231678486
2 0.6409254807692308 0.8163595085470086 0.07872596153846159 0.08843482905982919
2 0.9016426282051283 0.19885149572649574 0.07612179487179489 0.08146367521367522
2 0.6443474790905096 0.09434831577978796 0.07432899391478909 0.1119520710352345
2 0.16030308067375887 0.6876761683942535 0.07821919326241134 0.056203400618294215
2 0.08777426861702127 0.21612367021276593 0.05816156914893615 0.07425384160756501
1 0.49887820512820513 0.9525641025641025 0.0883814102564103 0.08846153846153844
1 0.285546875 0.8333333333333334 0.03984375 0.08125
1 0.3831129807692308 0.7784455128205129 0.047475961538461585 0.08413461538461534
2 0.9477163461538461 0.7216880341880343 0.04607371794871788 0.058760683760683816
2 0.6667267628205128 0.5053685897435898 0.07119391025641031 0.07740384615384623
0 0.21012534949536282 0.363782619567194 0.041739549236224735 0.053758637934169747
0 0.3844747340425532 0.2850177304964539 0.0687056737588652 0.0886524822695035
0 0.2627391581632653 0.6509672619047618 0.04014668367346941 0.045982142857142944
2 0.7587840544871794 0.9111778846153846 0.06937099358974361 0.07240918803418808
2 0.6678986378205127 0.7119658119658119 0.04681490384615401 0.09423076923076922
2 0.347265625 0.9166666666666666 0.06171875 0.0625
0 0.335546875 0.8302083333333333 0.04765625 0.05416666666666667
0 0.27107588381097114 0.5593750753847639 0.01907272217397593 0.02325665195156065
1 0.5345492908413941 0.1753421348791778 0.09716744395823743 0.11740083662462308
0 0.27000159438775506 0.6872130102040815 0.03844068877551017 0.047342687074829824
3 0.6595653044871795 0.9375801282051283 0.03743990384615392 0.04364316239316241
