3 0.141796875 0.22239583333333332 0.12890625 0.171875
3 0.8759415064102566 0.3229300213675214 0.10148237179487171 0.12711004273504276
3 0.547265625 0.5515625 0.07890625 0.11770833333333333
3 0.6552383814102564 0.48931623931623935 0.09016426282051286 0.12019230769230767
2 0.8175580929487181 0.13808760683760687 0.08203125 0.13087606837606838
2 0.8680889423076923 0.43959668803418805 0.0971554487179489 0.09676816239316247
2 0.43140024038461544 0.6135950854700855 0.0731370192307692 0.104326923076923
2 0.4661157852564103 0.6812633547008548 0.08379407051282062 0.13961004273504282
2 0.24884815705128208 0.20946848290598294 0.08363381410256414 0.13768696581196588
2 0.15256410256410258 0.06407585470085472 0.07187500000000005 0.11330128205128208
2 0.758984375 0.29010416666666666 0.11953125 0.115625
0 0.522265625 0.6223958333333334 0.03984375 0.05520833333333333
0 0.9088040865384617 0.13608440170940175 0.05779246794871788 0.06543803418803415
0 0.746484375 0.2280505952380953 0.024218750000000087 0.033482142857142766
1 0.38059895833333335 0.7668803418803418 0.052504006410256474 0.101923076923077
1 0.6056690705128206 0.8024839743589745 0.059094551282051364 0.08413461538461545
1 0.6728766025641025 0.7564102564102565 0.04687500000000009 0.07745726495726496
1 0.5309781364468865 0.1691964285714286 0.07197229853479845 0.08422619047619057
1 0.13591746794871798 0.4325587606837607 0.12720352564102563 0.1776175213675214
