0 0.3850076789529915 0.46097645121082625 0.026425614316239264 0.03724848646723652
0 0.49296875 0.419824512012012 0.0140625 0.020899024024024014
0 0.6508663862179487 0.35042735042735046 0.02328725961538458 0.02938034188034185
0 0.838671875 0.1515625 0.02578125 0.030208333333333334
0 0.7496644631410256 0.17817841880341884 0.028014823717948723 0.04001068376068382
0 0.141796875 0.5 0.03203125 0.03958333333333333
0 0.10735176282051284 0.1339075854700855 0.024078525641025684 0.03239850427350432
0 0.679452123397436 0.04046474358974361 0.028215144230769252 0.04166666666666671
0 0.36298828125 0.5748697916666666 0.022721354166666697 0.030815972222222262
2 0.09921875 0.26458333333333334 0.059375 0.07291666666666667
2 0.216015625 0.14791666666666667 0.06796875 0.06041666666666667
2 0.6720452724358974 0.7743856837606837 0.12065304487179489 0.10539529914529915
2 0.8210136217948719 0.937366452991453 0.0911458333333334 0.10817307692307689
2 0.8059695512820513 0.3497596153846155 0.09318910256410255 0.09748931623931624
2 0.1176883012820513 0.7445646367521367 0.09274839743589738 0.14121260683760692
2 0.176953125 0.7598958333333333 0.08203125 0.153125
2 0.23402443910256415 0.8434027777777778 0.08523637820512824 0.11180555555555559
2 0.5630809294871796 0.7775106837606837 0.07616185897435904 0.09668803418803419
2 0.4589969758064516 0.7284274193548387 0.09138104838709679 0.09731182795698932
1 0.667578125 0.45 0.05546875 0.08541666666666667
1 0.07281650641025643 0.9318910256410257 0.07311698717948714 0.0892094017094017
1 0.123046875 0.9333333333333333 0.05078125 0.06041666666666667
1 0.4159071180555555 0.5169849537037038 0.03298611111111116 0.05399305555555559
2 0.9689603365384617 0.38446848290598296 0.060516826923076826 0.10018696581196587
2 0.3050564236111111 0.28741319444444446 0.06371527777777777 0.09357638888888893
2 0.043359375 0.35260416666666666 0.06796875 0.103125
2 0.0890625 0.40625 0.0609375 0.12708333333333333
0 0.9381209935897437 0.6836939102564102 0.026883012820512774 0.03886217948717944
0 0.743359375 0.6395833333333333 0.01953125 0.027083333333333334
1 0.080859375 0.08489583333333334 0.06328125 0.053125
1 0.30305989583333337 0.583738425925926 0.05034722222222223 0.07962962962962952
1 0.161328125 0.9708333333333333 0.05390625 0.05416666666666667
1 0.98359375 0.7776041666666667 0.03125 0.090625
1 0.9828125 0.7265625 0.0328125 0.059375
3 0.28170072115384615 0.9503605769230768 0.03595753205128212 0.04212072649572652
0 0.6270683092948718 0.21543803418803423 0.02881610576923066 0.03894230769230773
0 0.9602063301282051 0.22024572649572652 0.02309695512820511 0.02799145299145301
2 0.84453125 0.0765625 0.0796875 0.08229166666666667
2 0.303125 0.1140625 0.075 0.11770833333333333
2 0.41796875 0.3729166666666667 0.0609375 0.09375
2 0.534765625 0.20104166666666667 0.08046875 0.07916666666666666
2 0.7140625 0.309375 0.0671875 0.10208333333333333
2 0.5024684656741109 0.8643601805900193 0.07705231596360615 0.09453232699200433
2 0.525390625 0.09479166666666666 0.05546875 0.07916666666666666
2 0.471875 0.15729166666666666 0.0546875 0.08333333333333333
2 0.434765625 0.19635416666666666 0.06484375 0.07604166666666666
1 0.6167018581081081 0.47337650150150146 0.06659628378378377 0.059253003003002944
