3 0.5140224358974359 0.08934294871794875 0.054086538461538505 0.07612179487179488
3 0.5959171037296038 0.1191482128982129 0.05160984848484844 0.0689588189588189
3 0.0332732371794872 0.11137820512820516 0.054046474358974396 0.06944444444444442
3 0.5721037380739415 0.5977734918505268 0.03202798896839596 0.04597433412840388
3 0.7420773237179488 0.6355769230769232 0.06071714743589744 0.07884615384615377
3 0.7428131585879874 0.7458271133356751 0.038774367755532245 0.05629097880810209
3 0.2801382211538462 0.7799145299145299 0.043088942307692335 0.05982905982905985
3 0.16325120192307693 0.660269764957265 0.06568509615384613 0.0934561965811966
3 0.24157652243589745 0.928218482905983 0.04409054487179489 0.05435363247863248
3 0.2604567307692308 0.8779780982905983 0.019711538461538412 0.029460470085470074
0 0.95859375 0.3380208333333333 0.0296875 0.040625
0 0.847265625 0.44895833333333335 0.03203125 0.04583333333333333
0 0.7292267628205129 0.24237446581196584 0.02632211538461533 0.0371527777777778
0 0.9301582532051281 0.8758413461538462 0.04312900641025639 0.054567307692307665
0 0.32541520979020977 0.9699883449883449 0.03098776223776225 0.041229603729603666
0 0.7292267628205128 0.46601228632478636 0.022315705128205198 0.030582264957265022
1 0.6352978719439475 0.419426120552574 0.05825600029815137 0.09259155734446427
1 0.6352102899522958 0.5638848514211887 0.06446314102564096 0.05590277777777774
1 0.5221053685897437 0.9178151709401711 0.054226762820512774 0.04770299145299137
1 0.8737179487179487 0.8245058760683761 0.04631410256410255 0.06140491452991448
1 0.7877303685897437 0.26302083333333337 0.039523237179487226 0.049278846153846166
1 0.8007111378205127 0.35699786324786326 0.04360977564102573 0.06431623931623935
2 0.3222155448717949 0.44658119658119666 0.06510416666666666 0.09348290598290596
2 0.65546875 0.13072916666666667 0.0578125 0.08854166666666667
0 0.39185697115384616 0.8926282051282051 0.02409855769230771 0.026709401709401705
0 0.09552283653846157 0.837633547008547 0.032391826923076884 0.028899572649572627
0 0.49133357558139534 0.7035731589147287 0.01733284883720936 0.020906007751937968
1 0.891796875 0.03125 0.05234375 0.0625
1 0.8004907852564103 0.857719017094017 0.04004407051282062 0.06372863247863249
1 0.8980055588942308 0.49635416666666665 0.040902944711538325 0.0671875
0 0.30304578234265733 0.06606934731934731 0.018908435314685335 0.022144522144522154
0 0.3427092438811189 0.10692501942501945 0.02229567307692313 0.029059829059829106
