2 0.14765625 0.11145833333333334 0.115625 0.12708333333333333
2 0.4370993589743589 0.3139690170940171 0.09455128205128208 0.12206196581196578
2 0.6588646485539654 0.7626496968793481 0.11740878428741794 0.12198742794673029
2 0.737890625 0.6739583333333333 0.08984375 0.1
2 0.7670821629213483 0.8806647940074905 0.05466994382022472 0.09728464419475659
2 0.23046875 0.24322916666666666 0.0734375 0.06770833333333333
2 0.5571013621794872 0.28466880341880346 0.09613381410256405 0.10480769230769234
0 0.09674479166666669 0.5444577991452991 0.045292467948717975 0.06332799145299148
0 0.28649839743589745 0.7509481837606837 0.03237179487179489 0.04564636752136752
0 0.4046875 0.6958333333333333 0.040625 0.05416666666666667
0 0.44068509615384616 0.6613381410256411 0.04362980769230766 0.050240384615384555
0 0.7299509447674419 0.7359253875968992 0.03973473837209305 0.05188953488372097
0 0.6375 0.5130208333333334 0.034375 0.05520833333333333
0 0.18125 0.3380208333333333 0.0375 0.040625
1 0.12734375 0.2526041666666667 0.05625 0.06354166666666666
1 0.20039940308988768 0.7211434925093632 0.036350070224719075 0.06286282771535584
2 0.75 0.5208333333333334 0.0875 0.08541666666666667
1 0.325390625 0.13177083333333334 0.06796875 0.04895833333333333
1 0.5534054487179487 0.4711004273504274 0.04743589743589753 0.10053418803418808
0 0.83515625 0.48020833333333335 0.05 0.0625
0 0.35588177038317487 0.9391274728704505 0.032618481705560365 0.04122070968981077
3 0.8733189957865168 0.8855629681647941 0.03882549157303376 0.04769428838951306
1 0.4585036057692308 0.6628739316239316 0.052944711538461586 0.08824786324786325
