1 0.229296875 0.2515625 0.06796875 0.057291666666666664
1 0.16071714743589743 0.14278846153846156 0.03954326923076925 0.06004273504273509
2 0.8458233173076923 0.14543269230769235 0.06957131410256423 0.1268696581196581
2 0.7204026442307694 0.6215277777777779 0.047976762820512865 0.07478632478632481
2 0.32509014423076926 0.2713808760683761 0.06736778846153846 0.10098824786324784
2 0.21394230769230765 0.3425480769230769 0.10937500000000004 0.11458333333333345
2 0.08433493589743594 0.338261217948718 0.07011217948717946 0.08843482905982913
1 0.5399839743589745 0.732051282051282 0.03621794871794881 0.07542735042735048
0 0.06015625 0.7052083333333333 0.0390625 0.04791666666666667
1 0.4595552884615385 0.19262820512820517 0.052844551282051275 0.09925213675213677
0 0.45703125 0.9734375 0.0640625 0.051041666666666666
