2 0.5700666114123335 0.21763198436547337 0.05368700189443425 0.06099071291699329
2 0.48125 0.14166666666666666 0.0515625 0.06875
2 0.33992550872093025 0.46782945736434106 0.055795784883720945 0.05513565891472864
2 0.478515625 0.9118783602150539 0.052293346774193596 0.0730846774193548
2 0.9323604283707866 0.4445517322097378 0.0471471207865168 0.07765683520599254
2 0.8132663947709595 0.18462663857677905 0.06061608686257554 0.07316245318352062
2 0.855442415730337 0.39171933520599256 0.06411516853932593 0.08968867041198501
2 0.2671420784883721 0.2564677126813755 0.04874636627906974 0.052713799443450546
2 0.5045204585401157 0.6284719417033745 0.06328771195202645 0.10562332089432616
1 0.09375 0.175 0.065625 0.06458333333333334
1 0.24559877198867025 0.433999515503876 0.04806527653548005 0.09372577519379846
1 0.6188792390405293 0.49395161290322587 0.046263699338296146 0.10080645161290326
1 0.7307759831460674 0.6817649812734082 0.05705758426966297 0.06905430711610486
1 0.869140625 0.0171875 0.05859375 0.034375
1 0.41929505813953494 0.7943313953488373 0.04876453488372094 0.05256782945736435
1 0.8109086898588304 0.337638348698742 0.031227492077211226 0.05495834533755885
0 0.5682969495378652 0.041388081395348844 0.0269235427847347 0.03713662790697674
0 0.803515625 0.09739583333333333 0.01796875 0.023958333333333335
0 0.95 0.121875 0.01875 0.022916666666666665
0 0.27727107558139535 0.04893410852713179 0.015770348837209312 0.029312015503875972
0 0.7894355688202247 0.7489934456928838 0.03454178370786511 0.04929775280898881
0 0.08477822580645161 0.6876344086021506 0.02827620967741935 0.03770161290322574
0 0.35379723837209304 0.3654190891472869 0.02986918604651163 0.03345445736434112
0 0.019140625 0.011979166666666667 0.02890625 0.023958333333333335
1 0.8855644311797753 0.1420763108614232 0.04066889044943824 0.06463014981273411
1 0.46726739527429934 0.2367853682170543 0.05638090712581993 0.06906492248062014
1 0.558484738372093 0.48477470930232563 0.04654796511627914 0.05637112403100778
1 0.07110635080645161 0.4640625 0.053099798387096775 0.059778225806451604
1 0.033984375 0.9411458333333333 0.04453125 0.06354166666666666
1 0.3623235887096774 0.8472446236559139 0.04274193548387095 0.051142473118279595
0 0.9399973665730336 0.37698970037453183 0.027817766853932648 0.037687265917602984
0 0.946971558988764 0.5720447097378277 0.0171875 0.025175561797752977
0 0.105859375 0.5369791666666667 0.03515625 0.05520833333333333
0 0.23681867732558137 0.25799418604651164 0.02323764534883721 0.03270348837209305
0 0.6713331653225807 0.27219422043010755 0.01640625 0.019791666666666666
0 0.1810483870967742 0.984190188172043 0.0332157258064516 0.029536290322580663
0 0.6769657258064516 0.5464045698924731 0.015776209677419394 0.021102150537634402
0 0.6524078975799481 0.7046933520599251 0.01970343560933454 0.03022003745318346
0 0.544061789185277 0.9409735146126276 0.02452763130686515 0.035055658946787936
0 0.686815308988764 0.14371488764044943 0.030863764044943842 0.028581460674157278
0 0.5625817587209303 0.17308624031007755 0.027961482558139482 0.02882751937984495
1 0.795970856741573 0.9588834269662921 0.047805477528089925 0.057888576779026125
