1 0.58515625 0.3963541666666667 0.0484375 0.059375
1 0.201953125 0.734735576923077 0.04721554487179484 0.059375
2 0.19551282051282054 0.32839209401709407 0.05608974358974357 0.07879273504273504
2 0.1769831730769231 0.21554487179487183 0.06109775641025643 0.07478632478632478
2 0.8891225961538461 0.1980235042735043 0.12119391025641021 0.13653846153846155
2 0.5487379807692309 0.4714877136752137 0.10685096153846159 0.07839209401709404
2 0.8282652243589744 0.6682692307692307 0.07864583333333322 0.10149572649572652
2 0.6672976762820513 0.4352831196581197 0.05803285256410264 0.10806623931623935
1 0.5373397435897436 0.5360710470085469 0.06354166666666669 0.053392094017094036
1 0.06798878205128207 0.3986912393162393 0.04270833333333338 0.05037393162393169
0 0.4847055288461538 0.3327190170940171 0.03459535256410264 0.04075854700854708
