1 0.1941693474264706 0.34489889705882354 0.028848805147058787 0.05591299019607844
1 0.3702837775735294 0.7351102941176471 0.039418658088235324 0.05061274509803925
1 0.75625 0.09114583333333333 0.0453125 0.071875
1 0.8936197916666668 0.2296875 0.051302083333333394 0.08229166666666667
1 0.8346577563316993 0.511650667211329 0.056378931781045694 0.06466162854030492
1 0.8560592912364413 0.4022298561859732 0.04863053100229457 0.06256156422379817
1 0.73046875 0.12760416666666666 0.0484375 0.08645833333333333
2 0.5184481089643305 0.3826609433667084 0.08344952675219028 0.07383252503128919
2 0.5584224465026395 0.6135597347913524 0.060659702582956235 0.0823168049270991
2 0.8464877136752136 0.9405092592592593 0.06623931623931636 0.11481481481481488
2 0.4434907284961655 0.6552192538716461 0.06680375427527459 0.10476102277313946
2 0.34337660845588236 0.8284466911764705 0.060719209558823505 0.07380514705882354
2 0.7231732536764707 0.7956495098039215 0.05514705882352944 0.10416666666666667
2 0.02454369469026548 0.8687315634218289 0.04908738938053096 0.08388643067846609
2 0.16838022562124338 0.8008509389671361 0.05515833856643049 0.06496478873239439
2 0.021778207964601767 0.5712850294985252 0.043556415929203535 0.07590339233038357
2 0.2532743566176471 0.2736672794117647 0.05859375 0.07276348039215685
2 0.34482886904761906 0.19974816849816848 0.06480654761904758 0.08463064713064711
2 0.6286592371323529 0.2270373774509804 0.06143152573529411 0.060324754901960806
2 0.6715590533088236 0.18690257352941178 0.0618681066176471 0.09463848039215689
0 0.7087488511029412 0.1861060049019608 0.025402113970588315 0.03955269607843143
0 0.45981261194381595 0.08224335407239823 0.03958893052413277 0.06192260558069381
0 0.09588120404411768 0.32201286764705883 0.03445542279411769 0.04041053921568635
0 0.07662472345132743 0.5953447640117993 0.023741703539823 0.03515855457227145
0 0.04691648230088495 0.6744054203539823 0.015403761061946903 0.02084255162241888
0 0.16430881767515926 0.7354763800424629 0.03244924363057326 0.041786093418258945
0 0.7044175091911764 0.7087009803921569 0.02257582720588234 0.0283700980392157
0 0.7538660386029411 0.5947150735294119 0.03381204044117654 0.04696691176470592
0 0.7343169168709152 0.49820431644880175 0.023668555964052283 0.03576048474945536
0 0.962668788580247 0.20403163580246914 0.03434606481481488 0.044097222222222204
0 0.8403445512820513 0.8559027777777779 0.024439102564102554 0.03338675213675219
0 0.4453279659219458 0.9008275986676721 0.015708957861990936 0.020955096782302483
0 0.5690544577205883 0.9637408088235293 0.02560891544117645 0.032996323529411835
2 0.2592084099264706 0.020220588235294143 0.05591681985294121 0.040441176470588286
2 0.2694391918789809 0.9610536093418259 0.051089769108280295 0.059049893842887495
1 0.15823795780254776 0.9288448779193206 0.04658140923566882 0.05579219745222931
1 0.773182042247989 0.6748280909586056 0.04704124638637497 0.06241489651416122
0 0.5518899356617647 0.4694546568627451 0.016279871323529437 0.024325980392156884
1 0.9367688301282051 0.6880208333333333 0.05859375 0.059375
0 0.2862179487179487 0.6805021367521368 0.015064102564102556 0.020477207977207947
0 0.38317166710434175 0.29727766106442577 0.021685158438375395 0.03167016806722695
0 0.38941865808823534 0.40655637254901966 0.01838235294117645 0.026041666666666668
0 0.16015625 0.4739583333333333 0.021875 0.035416666666666666
0 0.9065769060283688 0.3452964933018124 0.04954565602836887 0.059702521670606676
3 0.1419486464968153 0.715625 0.015386146496815268 0.0231024416135881
0 0.990234375 0.8458333333333333 0.01796875 0.058333333333333334
0 0.28770741150442475 0.5103521386430678 0.016399336283185795 0.022621681415929313
0 0.25684457964601765 0.4990781710914455 0.01728429203539821 0.026733038348082574
0 0.992578125 0.5109375 0.01328125 0.040625
3 0.8172743055555556 0.8336805555555554 0.02170138888888893 0.028472222222222263
0 0.032024336283185836 0.7766685103244838 0.014767699115044242 0.020962389380531004
0 0.00625 0.9322916666666666 0.0125 0.022916666666666665
1 0.14372263136942678 0.982162287685775 0.032867237261146466 0.033592091295116804
0 0.5593462775735294 0.8493719362745099 0.011707261029411775 0.018167892156862684
