0 0.20810582646520145 0.26546855921855916 0.02128834706959708 0.024618437118437104
0 0.3100060096153846 0.18171741452991455 0.025821314102564052 0.03537469474969471
0 0.41034226190476186 0.15843253968253965 0.03497023809523814 0.04226190476190477
0 0.294921875 0.2779265873015873 0.027715773809523815 0.04136904761904757
0 0.307421875 0.3427197802197802 0.03694196428571424 0.048687423687423605
0 0.09916294642857143 0.09156746031746031 0.01595982142857142 0.021230158730158728
0 0.032384672619047615 0.16106150793650795 0.024516369047619047 0.03105158730158729
0 0.27963169642857144 0.6738839285714284 0.023549107142857163 0.033184523809523726
0 0.30267857142857146 0.8674107142857143 0.021130952380952372 0.02906746031746034
0 0.022600446428571428 0.8951884920634919 0.021763392857142856 0.030456349206349268
0 0.14365699404761906 0.9764632936507935 0.029650297619047628 0.033184523809523844
0 0.2329613095238095 0.9628472222222223 0.022172619047619024 0.03462301587301582
0 0.21703869047619045 0.960094246031746 0.015922619047619067 0.01939484126984136
0 0.22174479166666666 0.8337797619047618 0.035677083333333304 0.03660714285714294
0 0.4435811584249084 0.8172580891330891 0.03843292124542126 0.04603937728937725
0 0.6211123511904761 0.6254712301587302 0.030096726190476097 0.03675595238095231
0 0.769921875 0.7359375 0.01953125 0.028125
0 0.844130608974359 0.4577724358974359 0.018870192307692334 0.025694444444444464
0 0.9546274038461539 0.3944711538461539 0.022235576923077004 0.02676282051282056
0 0.9099702380952379 0.10555555555555556 0.02529761904761916 0.030555555555555565
0 0.7603050595238094 0.17686011904761903 0.025074404761904832 0.0371527777777778
0 0.694439674908425 0.14049908424908425 0.024296016483516602 0.030509768009767974
0 0.6298363095238095 0.1175595238095238 0.024553571428571442 0.032738095238095226
0 0.6380938072344323 0.3309752747252747 0.028871909340659217 0.03844627594627597
0 0.6451822916666666 0.4354605463980464 0.026599702380952373 0.027888431013430963
0 0.3821614583333333 0.393328373015873 0.028831845238095212 0.03278769841269842
0 0.2153645833333333 0.3318204365079365 0.03355654761904758 0.03278769841269842
0 0.592094494047619 0.703125 0.033072916666666605 0.03621031746031752
0 0.8698474702380953 0.6030257936507937 0.03203125 0.03958333333333333
0 0.399167239010989 0.5265128968253968 0.031965430402930387 0.0431051587301587
1 0.5221153846153845 0.15394154456654455 0.07035256410256405 0.05521214896214897
1 0.3681547619047619 0.05332341269841271 0.04940476190476191 0.046130952380952335
1 0.3593320741758242 0.09732142857142857 0.04770489926739922 0.04742063492063491
1 0.7897321428571429 0.3004464285714286 0.03928571428571433 0.05327380952380955
1 0.4905477335164835 0.346699481074481 0.03973786630036624 0.08041056166056162
1 0.0880580357142857 0.24794146825396826 0.07090773809523812 0.08120039682539684
1 0.11037946428571428 0.3031498015873016 0.04263392857142856 0.052430555555555536
1 0.03284970238095238 0.2514632936507937 0.0671875 0.05937500000000003
1 0.029427083333333326 0.3142857142857143 0.04233630952380951 0.04801587301587299
1 0.057514880952380956 0.5513640873015874 0.0650297619047619 0.0758432539682539
1 0.24441964285714288 0.8807291666666667 0.053125 0.059375
1 0.4675967261904762 0.9609871031746031 0.05736607142857135 0.05292658730158723
1 0.5666108630952381 0.9450931013431013 0.03790922619047619 0.05624236874236862
1 0.7487165178571429 0.7297123015873016 0.05100446428571433 0.08640873015873017
1 0.24911000457875457 0.48275717338217333 0.08362522893772888 0.06821581196581186
2 0.8088169642857143 0.20089285714285712 0.05200892857142847 0.09821428571428574
2 0.7926711309523808 0.044270833333333336 0.05900297619047619 0.07217261904761904
2 0.47529761904761897 0.20716765873015872 0.07470238095238094 0.0896329365079365
2 0.16666666666666666 0.3869047619047619 0.07440476190476193 0.05555555555555554
2 0.7250186011904762 0.6193452380952381 0.07972470238095238 0.0779761904761905
2 0.31560496794871795 0.6413194444444443 0.06373054029304033 0.06855158730158746
2 0.21949404761904762 0.5797123015873016 0.0699404761904762 0.08859126984126983
2 0.87578125 0.27291666666666664 0.071875 0.09791666666666667
2 0.9250744047619047 0.22271825396825395 0.045684523809523724 0.10218253968253967
1 0.8953125 0.29375 0.0453125 0.058333333333333334
1 0.5755208333333334 0.42410714285714285 0.054315476190476185 0.0625
3 0.42495993589743586 0.5719246031746031 0.0459134615384615 0.064484126984127
3 0.6381510416666666 0.8503891941391941 0.047135416666666693 0.061126373626373486
3 0.10711423992673993 0.7551339285714285 0.05660485347985343 0.07306547619047628
2 0.9126302083333332 0.5292162698412698 0.05442708333333339 0.06240079365079367
1 0.9345238095238095 0.8529761904761906 0.05654761904761898 0.0690476190476191
1 0.9225074404761905 0.6442212301587301 0.051860119047619155 0.076140873015873
1 0.927827380952381 0.983110119047619 0.040178571428571355 0.03169642857142859
1 0.7892113095238095 0.7762648809523809 0.033184523809523726 0.042708333333333334
0 0.15632154304029305 0.20974702380952379 0.03288118131868134 0.0527281746031746
0 0.01488095238095238 0.4075396825396825 0.026785714285714284 0.03611111111111113
0 0.00818452380952381 0.511656746031746 0.01636904761904762 0.04414682539682543
1 0.3745364010989011 0.8411935286935287 0.0604510073260073 0.04945054945054951
1 0.3475260416666667 0.8772321428571428 0.02816220238095233 0.06299603174603163
1 0.06473214285714286 0.4175595238095238 0.03422619047619048 0.045833333333333275
1 0.098046875 0.0328125 0.02578125 0.06354166666666666
1 0.0524753891941392 0.031404532967032966 0.06179601648351649 0.05623855311355311
1 0.007421875 0.7864583333333334 0.01484375 0.06458333333333334
1 0.4633184523809524 0.6813244047619047 0.06592261904761898 0.04409722222222214
1 0.45721726190476186 0.7302083333333333 0.045386904761904746 0.04375
1 0.5340029761904761 0.6277777777777779 0.07782738095238102 0.0559523809523809
1 0.6908854166666667 0.8603899572649573 0.04322916666666661 0.045779914529914596
1 0.689360119047619 0.8912946428571428 0.0364583333333333 0.038839285714285646
2 0.19713541666666665 0.7626736111111111 0.0536458333333333 0.08090277777777785
1 0.16171875 0.728125 0.0484375 0.075
3 0.1671875 0.7223958333333333 0.0359375 0.046875
0 0.7022135416666666 0.502281746031746 0.040513392857142796 0.058928571428571414
2 0.9004306891025642 0.7053819444444446 0.08054887820512828 0.07534722222222226
0 0.06638764880952382 0.46428571428571425 0.01901041666666666 0.023809523809523784
0 0.06510416666666666 0.6986034798534798 0.02008928571428572 0.026175213675213745
1 0.9787388392857143 0.9218998015873014 0.04378720238095237 0.058978174603174574
1 0.2875930059523809 0.9488095238095238 0.03790922619047619 0.06468253968253966
1 0.47109375 0.9880208333333333 0.0796875 0.021875
1 0.01711309523809524 0.9235119047619047 0.03422619047619048 0.06369047619047616
0 0.3200334821428571 0.496875 0.03255208333333335 0.04394841269841265
0 0.400688244047619 0.7713865995115995 0.017075892857142793 0.022702991452991365
0 0.3634672619047619 0.7463751526251525 0.015625 0.023122710622710704
1 0.741796875 0.8413194444444444 0.04765625 0.02986111111111119
1 0.82421875 0.5161458333333333 0.0453125 0.06145833333333333
0 0.8203125 0.521875 0.028125 0.03958333333333333
3 0.6910714285714286 0.3508184523809524 0.04940476190476186 0.06423611111111108
