0 0.27378700657894733 0.2035361842105263 0.02397203947368425 0.03591008771929823
0 0.12070567810457518 0.4978622004357298 0.03943014705882351 0.05397603485838782
0 0.23125 0.6869791666666667 0.04375 0.057291666666666664
0 0.180078125 0.5942708333333333 0.04765625 0.05520833333333333
0 0.25546875 0.9770833333333333 0.046875 0.04375
0 0.7696489956449403 0.6549180979643766 0.05051594000782922 0.07025286259541991
0 0.7730669070512821 0.558573717948718 0.05082131410256423 0.0671474358974359
0 0.828515625 0.371875 0.04765625 0.06458333333333334
0 0.524609375 0.3541666666666667 0.04453125 0.05625
0 0.5604186545801527 0.3967557251908397 0.034816316793893166 0.05858778625954202
0 0.4108173076923077 0.6328792735042736 0.034134615384615416 0.052083333333333336
1 0.3796875 0.103125 0.0734375 0.08333333333333333
1 0.14796463815789473 0.359703947368421 0.05111019736842104 0.05581140350877186
1 0.818359375 0.4713541666666667 0.05078125 0.134375
2 0.5934495192307693 0.04233440170940173 0.0775240384615385 0.08466880341880346
2 0.31171875 0.6635416666666667 0.096875 0.0875
2 0.5949685167910447 0.8470328645235362 0.07100046641791051 0.07707854955989278
2 0.3860576923076923 0.2131810897435898 0.05961538461538467 0.06738782051282047
1 0.3334703947368421 0.4971491228070175 0.06414473684210523 0.06710526315789475
1 0.3487047697368421 0.4506578947368421 0.03614309210526314 0.033991228070175454
0 0.7761919070512822 0.8877938034188034 0.04457131410256423 0.06308760683760693
0 0.1265625 0.6786458333333333 0.0375 0.051041666666666666
