3 0.0556891025641026 0.4773904914529915 0.04687499999999996 0.06696047008547007
3 0.9585386618589744 0.3209401709401709 0.039172676282051275 0.05186965811965809
3 0.3669571314102564 0.840625 0.04172676282051282 0.04791666666666667
0 0.7690655048076923 0.578258547008547 0.022806490384615418 0.030982905982905963
0 0.5395633012820513 0.4342280982905983 0.018529647435897446 0.0273771367521368
0 0.6242538060897436 0.39078525641025647 0.02743389423076925 0.035470085470085524
0 0.7012069310897436 0.4674946581196581 0.034785657051282025 0.04631410256410255
0 0.38124499198717954 0.468843482905983 0.022666266025641056 0.03026175213675213
0 0.2876602564102565 0.5036725427350428 0.023537660256410263 0.032719017094017096
0 0.24631911057692307 0.43683226495726496 0.013070913461538547 0.018162393162393188
0 0.22017728365384617 0.4281650641025641 0.02428886217948718 0.032825854700854744
0 0.15695112179487183 0.4267494658119658 0.023537660256410263 0.03432158119658126
0 0.3262970753205129 0.09871794871794874 0.02839543269230771 0.03199786324786329
0 0.3075270432692308 0.2107371794871795 0.015855368589743613 0.02297008547008552
0 0.2047025240384616 0.09071848290598293 0.03921274038461546 0.052003205128205186
0 0.6629957932692307 0.19391025641025644 0.01699719551282044 0.023504273504273452
0 0.8826372195512822 0.22056623931623934 0.028495592948717886 0.044711538461538504
0 0.7361428285256411 0.08733974358974364 0.04103565705128202 0.04407051282051282
0 0.5208283253205128 0.019965277777777797 0.029957932692307666 0.03859508547008552
0 0.34553285256410254 0.3980635683760684 0.040625 0.057291666666666664
0 0.3895182291666667 0.40108173076923076 0.018139022435897444 0.028231837606837652
0 0.19702023237179492 0.3072382478632479 0.023527644230769296 0.03295940170940182
0 0.13154547275641026 0.3071314102564103 0.02527043269230773 0.03450854700854708
0 0.5064853766025641 0.828886217948718 0.01757812500000009 0.02198183760683759
0 0.3271784855769231 0.6034188034188034 0.04265825320512828 0.05224358974358978
0 0.7907151442307692 0.8024839743589745 0.04006410256410246 0.0547542735042736
0 0.8844601362179487 0.6402110042735043 0.02885616987179489 0.03074252136752141
0 0.9704977964743591 0.5159455128205128 0.019040464743589603 0.028205128205128223
0 0.581435296474359 0.45158920940170943 0.022926682692307666 0.038060897435897446
1 0.08682497258771932 0.0690740272154746 0.0746473304655871 0.07926647548358079
1 0.2528329537786774 0.3096238191632928 0.051899881916329216 0.07373481781376517
1 0.29516858552631575 0.15361842105263157 0.04782072368421049 0.06118421052631578
1 0.37341245993589745 0.17314369658119663 0.04380008012820506 0.04473824786324787
1 0.6804737580128205 0.24161324786324787 0.04019431089743577 0.0667200854700855
1 0.6770082131410257 0.7575988247863248 0.04512219551282044 0.07775106837606836
1 0.5994090544871795 0.5504273504273504 0.03605769230769233 0.06875000000000012
1 0.37578125 0.7817708333333333 0.0390625 0.06354166666666666
1 0.564453125 0.3765625 0.02734375 0.04479166666666667
1 0.979852764423077 0.380448717948718 0.03873197115384617 0.05881410256410261
1 0.74453125 0.19293536324786326 0.034375 0.057291666666666664
2 0.8910406650641025 0.15074786324786327 0.059765625 0.0880876068376068
2 0.6438351362179487 0.3339610042735043 0.04135616987179489 0.07700320512820517
2 0.8916266025641025 0.5186698717948718 0.049579326923077004 0.06549145299145298
2 0.9476712740384616 0.7263221153846153 0.0757111378205126 0.08555021367521375
2 0.7250050080128205 0.8724358974358974 0.07032251602564106 0.07510683760683771
2 0.5065855368589745 0.7294604700854701 0.05543870192307691 0.06057692307692311
2 0.5019080528846154 0.550934829059829 0.03574719551282053 0.08509615384615378
2 0.4552584134615385 0.4211805555555556 0.071454326923077 0.08819444444444452
2 0.5747345753205129 0.0913461538461539 0.07739383012820511 0.07077991452991454
2 0.8169721554487179 0.1274038461538462 0.041636618589743615 0.0547542735042735
2 0.7721854967948718 0.3687900641025641 0.057091346153846166 0.07678952991452986
1 0.11566506410256412 0.5448851495726497 0.08357371794871801 0.09185363247863249
1 0.5058543669871794 0.2783119658119658 0.044881810897435946 0.06143162393162391
1 0.5074769631410256 0.09711538461538465 0.044641426282051276 0.048557692307692336
1 0.45078125 0.7380208333333333 0.0453125 0.051041666666666666
1 0.6914212740384615 0.6318776709401709 0.04534254807692308 0.04874465811965815
0 0.6529497195512821 0.6208600427350428 0.0399739583333333 0.04941239316239307
0 0.5059144631410256 0.35232371794871803 0.042758413461538504 0.0563034188034188
2 0.3967297676282051 0.2383012820512821 0.07783453525641022 0.0786858974358975
2 0.44676983173076923 0.14063835470085476 0.038852163461538504 0.0696848290598291
3 0.31758313301282054 0.35638354700854696 0.03530649038461538 0.05464743589743583
2 0.319921875 0.0421875 0.04453125 0.05520833333333333
0 0.2851211939102565 0.06324786324786327 0.025610977564102598 0.032158119658119724
0 0.6157502003205128 0.2855635683760684 0.035687099358974364 0.03720619658119653
0 0.991015625 0.5989583333333334 0.01640625 0.0375
0 0.8707181490384617 0.8583466880341881 0.029296874999999823 0.035176282051282114
0 0.644921875 0.48385416666666664 0.04609375 0.059375
1 0.77734375 0.20677083333333332 0.0359375 0.096875
0 0.263671875 0.20572916666666666 0.03828125 0.046875
