1 0.6059452570921986 0.26012684124386254 0.03689051418439719 0.06842153118748869
1 0.6851396276595745 0.32012041962174936 0.03284574468085104 0.09232417257683209
1 0.44958167109929076 0.4050125591016548 0.031576906028368865 0.04813091016548458
1 0.40703125 0.8104166666666667 0.03125 0.041666666666666664
1 0.5165164262820513 0.7986511752136752 0.031029647435897357 0.04105235042735048
1 0.2796875 0.6333333333333333 0.03125 0.08125
1 0.060178413120567376 0.27861997635933805 0.032457890070921966 0.08371749408983445
1 0.013621794871794896 0.16196581196581197 0.027243589743589793 0.0697649572649573
1 0.234765625 0.8229166666666666 0.03984375 0.075
1 0.500282579787234 0.41748670212765954 0.0420988475177305 0.08080673758865244
2 0.9606798537234041 0.40583515184579017 0.04993905141843964 0.05978359701763948
2 0.4311298076923077 0.6995860042735044 0.07163461538461542 0.07625534188034197
2 0.07410793439716311 0.033909574468085096 0.05446586879432622 0.06781914893617019
2 0.389738475177305 0.16275118203309688 0.07590868794326244 0.059840425531914904
2 0.4869154476950355 0.10249704491725768 0.05664339539007095 0.10499408983451536
2 0.5366716533687943 0.2856567671394799 0.05797318262411348 0.07850916075650112
2 0.43908466312056743 0.2218528368794326 0.06032801418439719 0.09234633569739951
2 0.05929487179487184 0.8619123931623932 0.07411858974358973 0.1121794871794871
2 0.9841228945035461 0.2092494089834515 0.030191710992907694 0.11016548463356972
1 0.44391345301418433 0.10803043735224585 0.04140625 0.05416666666666667
1 0.5575921474358976 0.7069978632478633 0.07912660256410256 0.08814102564102567
1 0.9723357371794872 0.9504273504273504 0.05092147435897445 0.06335470085470085
2 0.6328125 0.7557291666666667 0.05 0.08020833333333334
0 0.675 0.6854166666666667 0.0296875 0.041666666666666664
0 0.39578325320512825 0.9249332264957265 0.018129006410256478 0.027216880341880294
0 0.31215370124113473 0.5209981360247318 0.02385305851063828 0.039041189307146715
0 0.5026540336879434 0.208204048463357 0.017409131205673757 0.02803634751773047
2 0.9134415064102566 0.6850694444444445 0.11374198717948705 0.11597222222222227
2 0.03215144230769233 0.41535392798690673 0.06430288461538466 0.11115657392253138
