0 0.6681991185897436 0.17208867521367524 0.033914262820512776 0.04417735042735046
0 0.18239611950549448 0.35530563186813185 0.024802541208791197 0.03915979853479854
0 0.4772450206043956 0.7717147435897436 0.02832245879120876 0.03509615384615377
0 0.6144548590895859 0.8889449988477307 0.035925446655993024 0.05268395373941732
0 0.6378305288461539 0.9248111263736263 0.02739526098901095 0.04827152014652007
0 0.249208733974359 0.8924813034188034 0.04685496794871798 0.05045405982905973
0 0.7327633485099337 0.36116169977924945 0.02443605132450317 0.0348509933774834
3 0.8839662665562914 0.3374620584988962 0.01900869205298008 0.028442328918322227
0 0.9623597756410256 0.4608573717948718 0.046834935897435946 0.07561431623931636
0 0.6942307692307692 0.7772722069597069 0.045913461538461584 0.08579441391941386
2 0.7887003311258278 0.4710264900662251 0.08433360927152327 0.09243929359823397
2 0.794831332781457 0.6334023178807946 0.08966266556291398 0.09986203090507727
2 0.6596926510989011 0.4656021062271062 0.10561469780219782 0.15281593406593405
2 0.6158448882450331 0.7278973509933775 0.10512727649006619 0.11087196467991174
2 0.5395633012820513 0.8546817765567767 0.07712339743589736 0.11641483516483515
2 0.3755279876373626 0.7915331196581197 0.0866844093406594 0.10763888888888881
2 0.3898394574175824 0.947338598901099 0.08124141483516478 0.10323946886446886
2 0.44820999313186805 0.10627861721611721 0.08014251373626377 0.08964056776556777
2 0.32235576923076925 0.18498931623931625 0.07283653846153845 0.0824786324786325
2 0.9279956539735099 0.17862168874172185 0.07525869205298008 0.13641004415011035
2 0.840234375 0.10104166666666667 0.07109375 0.07916666666666666
2 0.5734117445054945 0.628720238095238 0.12192651098901104 0.1402243589743589
1 0.79010502897351 0.7051324503311259 0.040133485099337916 0.04503311258278148
1 0.533984375 0.28229166666666666 0.04296875 0.06666666666666667
1 0.3879635989010989 0.26972298534798533 0.04378434065934082 0.04777930402930401
1 0.946875 0.06041666666666667 0.0609375 0.07083333333333333
1 0.020703125 0.0421875 0.04140625 0.065625
1 0.05740899725274724 0.06346153846153846 0.07731799450549448 0.08942307692307691
2 0.13496737637362638 0.4105025183150183 0.07330013736263732 0.0832989926739927
2 0.5328597184065934 0.38100961538461536 0.057906936813186774 0.09535256410256411
2 0.41953983516483523 0.5070341117216117 0.048454670329670345 0.08801510989010991
