1 0.27248597756410253 0.08811431623931626 0.06039663461538462 0.06522435897435903
1 0.20402644230769235 0.19726228632478635 0.04507211538461542 0.06060363247863248
1 0.3980770769259729 0.7181582995710085 0.04580728306921964 0.054592641502512744
1 0.35239224865047236 0.7420328666216826 0.04028129217273944 0.06335751237067022
1 0.8089432565789473 0.3109786184210526 0.05851151315789469 0.061376096491228084
1 0.8641088900134953 0.5548108552631579 0.05508814102564106 0.04854714912280708
1 0.937890625 0.12604166666666666 0.05234375 0.06041666666666667
1 0.8380408653846153 0.07950053418803421 0.05108173076923084 0.06108440170940176
1 0.38449519230769236 0.2418402777777778 0.05272435897435912 0.05424679487179492
1 0.3808265638815208 0.1860424955791335 0.0400295645446509 0.03683594901267314
3 0.13778252099911584 0.26211133215443566 0.026024397656940736 0.04689802534630119
3 0.09075283611673414 0.8008402918353575 0.06088741987179487 0.0759509952766533
3 0.4575392301502147 0.9053357474964234 0.03449235515021458 0.05082707439198846
3 0.5772683074034335 0.7673596208869814 0.032426904506437725 0.044232832618025714
3 0.803334018640351 0.826110197368421 0.02963952850877174 0.03774671052631575
3 0.11338141025641031 0.07932692307692313 0.03806089743589743 0.04540598290598292
3 0.826953125 0.209375 0.03984375 0.04375
3 0.8482935855263157 0.5297423245614036 0.028412828947368497 0.03426535087719298
3 0.4869325403404067 0.6811431623931624 0.022542965296198057 0.026602564102563994
0 0.890234375 0.15208333333333332 0.03515625 0.052083333333333336
0 0.6499298878205129 0.07000534188034191 0.032672275641025726 0.040010683760683806
0 0.6004514119142351 0.09535164308871205 0.03616614168877099 0.04157640730916592
0 0.46774148983200714 0.17637415266725612 0.03246573828470396 0.037577365163572046
0 0.3444110576923077 0.047689636752136756 0.0359375 0.040625
0 0.15520833333333334 0.11167200854700857 0.039583333333333304 0.06084401709401712
0 0.19296875 0.13385416666666666 0.01875 0.028125
0 0.253515625 0.1296875 0.02421875 0.026041666666666668
0 0.178125 0.0859375 0.028125 0.034375
0 0.1543103448275862 0.35636673850574707 0.03337823275862069 0.04247485632183909
0 0.19386742926613615 0.3709051724137931 0.02969509836427937 0.03405172413793108
0 0.2381888607979664 0.3674780798703213 0.027259131852343056 0.042701886236369016
0 0.21353044181034483 0.44667744252873565 0.03751346982758626 0.049533045977011504
0 0.1681284883399646 0.43591378389330976 0.032681600906277655 0.04501869658119665
0 0.34545255166887706 0.41335377984084887 0.021514077696728594 0.029973474801061013
0 0.33351293103448276 0.32959770114942527 0.03529094827586206 0.0502155172413793
0 0.12854929956896552 0.4811781609195403 0.014183728448275867 0.01734913793103452
0 0.04791324013157894 0.5087719298245614 0.04377055921052629 0.04879385964912277
0 0.07108347039473681 0.5653782894736843 0.028268914473684202 0.03563596491228071
0 0.09043996710526316 0.5906935307017543 0.04095394736842104 0.04805372807017546
0 0.1596219741059379 0.7392589546783626 0.017721512314439948 0.02504568713450297
0 0.22513363486842106 0.9210526315789473 0.04089226973684208 0.04660087719298242
0 0.2704152960526316 0.861280153508772 0.030509868421052612 0.04279057017543859
0 0.24612458881578947 0.7050575657894738 0.02666529605263155 0.03588267543859646
0 0.6168019045064378 0.7047366773962804 0.02645520386266087 0.03535854792560791
0 0.5959064976064707 0.7380052432962841 0.02532756272697263 0.028728426139906678
0 0.6939770585726862 0.7644861248670263 0.035060904313855 0.049979824657936094
0 0.8726973684210526 0.7437637061403509 0.02351973684210513 0.033305921052631624
0 0.6124900748638838 0.4227296644988909 0.02481425816696916 0.0372161095987094
0 0.6444934399576527 0.30555634326477116 0.02171714307320034 0.025860493547086114
0 0.7287109375 0.29831414473684215 0.030859375 0.038788377192982476
0 0.9201171875 0.541009474808817 0.034560032894736636 0.03640210301394499
1 0.2044218117408907 0.6628359761583447 0.027834008097165963 0.04825967161493487
1 0.11942555457152496 0.9077165570175438 0.04466040401484479 0.036266447368421
1 0.775390625 0.34375 0.06640625 0.06041666666666667
0 0.7415707236842105 0.43996710526315785 0.043174342105263185 0.05345394736842106
0 0.7375 0.3541666666666667 0.0390625 0.058333333333333334
0 0.6978230959008098 0.3807706365272155 0.039971849696356275 0.04333951866846603
1 0.520819863505747 0.3909451250252067 0.03648527298850572 0.05418431135309542
1 0.5079114136266094 0.9614784513590844 0.03702052038626604 0.0574615522174535
1 0.8970394736842104 0.8573190789473684 0.04268092105263151 0.05071271929824566
0 0.550239739806867 0.820594152360515 0.02680056330472107 0.038800965665236005
0 0.5254157725321889 0.9408082975679543 0.03218884120171674 0.05677753934191709
0 0.27918379934210524 0.7906995051731894 0.043811677631578935 0.04689046333783165
1 0.8874691611842105 0.4769736842105263 0.05256990131578938 0.053453947368421004
3 0.5417364334659593 0.054675987326849404 0.027877707780725115 0.03672082228116712
3 0.3365542763157895 0.9818941885964914 0.01644736842105261 0.020860745614035045
3 0.5634517860155196 0.623768556005398 0.02626254639001342 0.035357624831309074
3 0.7553865131578947 0.6521792763157895 0.013486842105263186 0.01691337719298242
0 0.42713025050607295 0.6730277215474584 0.030528846153846257 0.04260149572649574
0 0.9597553453947366 0.4477209148672964 0.020045230263158055 0.033834486054880784
0 0.8217516447368418 0.8391584429824561 0.030838815789473804 0.05825109649122808
0 0.6288056598712446 0.6373479971387698 0.018542113733905553 0.024391988555078705
3 0.028826121794871817 0.016960470085470105 0.03922275641025637 0.03392094017094021
3 0.023828125 0.34270833333333334 0.02578125 0.035416666666666666
3 0.03828125 0.33489583333333334 0.0234375 0.023958333333333335
3 0.04766626602564105 0.2148904914529915 0.03127003205128211 0.03603098290598294
0 0.14045472756410257 0.19758279914529914 0.019971955128205154 0.030582264957264994
3 0.5650885193133047 0.8366706902718168 0.02057403433476388 0.028107117310443522
0 0.052734375 0.434375 0.02578125 0.0375
0 0.4482111722103005 0.9807246959942776 0.02766563841201721 0.03646727467811163
0 0.7343133223684211 0.46367872807017546 0.014514802631578939 0.016995614035087727
1 0.840625 0.021875 0.0515625 0.04375
1 0.097265625 0.0140625 0.03828125 0.028125
