3 0.7203525641025641 0.06770833333333334 0.09815705128205128 0.13541666666666669
3 0.23689516129032256 0.18364436862420735 0.10752688172043008 0.14125827129859386
3 0.27421875 0.20833333333333334 0.103125 0.12916666666666668
3 0.28465544871794873 0.36444978632478636 0.07411858974358973 0.09481837606837604
3 0.9725661057692306 0.9557825854700854 0.0376802884615385 0.055315170940170924
0 0.6319210737179488 0.3826388888888889 0.030629006410256388 0.042414529914529986
0 0.983984375 0.4235844017094017 0.02846554487179489 0.03798076923076928
0 0.1629218819076039 0.6773476643088713 0.02962498618479219 0.04401156793398163
2 0.3932391826923077 0.5169871794871795 0.08695913461538463 0.14230769230769233
3 0.39231770833333335 0.8452323717948718 0.025060096153846256 0.036030982905982965
3 0.2901241987179487 0.781343482905983 0.01911057692307696 0.027590811965811923
0 0.14042467948717952 0.38369713380489245 0.028044871794871806 0.0367521367521368
0 0.04898838141025643 0.4649706196581197 0.025460737179487138 0.04869123931623935
