0 0.6195494186046512 0.10740067829457364 0.024709302325581373 0.03311531007751938
0 0.5118154162939774 0.08962712432915923 0.012706376714370827 0.018177921884317202
0 0.42416424418604654 0.10999273255813954 0.012754360465116221 0.016497093023255808
0 0.8652716921486203 0.11999694188306552 0.03284947284561639 0.04237977998508377
0 0.920182671282799 0.21075224732750245 0.02871264577259467 0.03709001457725944
0 0.7974563953488374 0.10733065236061202 0.03750000000000018 0.041666666666666664
0 0.7701881149373883 0.024140019379844963 0.033751677101967824 0.04135174418604651
0 0.7081304505813953 0.18300629844961241 0.016551598837209268 0.025654069767441858
0 0.9188501602564102 0.47433226495726494 0.03569711538461551 0.04599358974358978
0 0.14617550872093021 0.42109980620155046 0.02087572674418603 0.02989341085271319
2 0.9069403173357256 0.6454780126336248 0.07235366674142192 0.08714164237123422
2 0.7969786352040816 0.7023702841942636 0.06648369169096195 0.07964961625675913
2 0.725045421511628 0.5288725526734248 0.08134084302325588 0.12387882627708209
2 0.6975563226744186 0.2257388565891473 0.07182049418604661 0.07056686046511627
2 0.46272710755813956 0.15785039008149476 0.07363735465116275 0.06826239813158418
2 0.21467344844774897 0.10433325103110712 0.09381158524735919 0.09267278365207146
2 0.25291800768272427 0.3470445736434108 0.09941860465116278 0.08473837209302323
2 0.388671875 0.8046875 0.07421875 0.11354166666666667
2 0.12974317046809777 0.794343507751938 0.06373313580799045 0.08888081395348853
2 0.08689135174418602 0.6328730620155039 0.06586119186046512 0.0654069767441861
2 0.26193677325581394 0.5477632428940569 0.050072674418604635 0.12782622739018082
2 0.727734375 0.33697916666666666 0.06796875 0.08645833333333333
1 0.8822220203488372 0.2569335743390976 0.054051598837209267 0.08569680481017684
1 0.9395727040816325 0.8516657555879495 0.05835459183673475 0.07624817784256557
2 0.6596189617673993 0.633973166590354 0.08003663003662993 0.06110872634310134
1 0.612109375 0.3341690891472869 0.04376816860465116 0.04871608527131783
3 0.34375 0.0328125 0.0328125 0.03854166666666667
3 0.979647435897436 0.7885416666666667 0.028285256410256567 0.042574786324786375
3 0.22334805456171739 0.7482921511627907 0.02082401610017892 0.024733527131783006
3 0.7458575581395349 0.4010416666666667 0.019731104651162835 0.025193798449612358
3 0.6857103924418605 0.36711482558139535 0.015570494186046524 0.02279554263565894
3 0.6460846656976744 0.1889292635658915 0.04053415697674421 0.054457364341085265
3 0.526806640625 0.6628441220238095 0.015025111607142705 0.021968005952380784
3 0.4229651162790698 0.8298449612403102 0.01235465116279073 0.017877906976744146
0 0.6462165045468098 0.038602228682170545 0.044594607185450205 0.05724321705426357
0 0.627734375 0.24583333333333332 0.06171875 0.08958333333333333
0 0.32679479858803984 0.45715129256644516 0.013263081395348797 0.016686998200442876
0 0.3599888392857143 0.4908730879706533 0.020814732142857117 0.0348088835825027
1 0.31817768895348836 0.9397407945736433 0.03479287790697674 0.0633478682170543
0 0.77856117893586 0.8311209305150631 0.034076621720116586 0.04748845966958193
0 0.8150163517441861 0.4919983601669648 0.01586119186046524 0.023755217650566547
0 0.23895348837209301 0.21497093023255814 0.026998546511627898 0.03880813953488372
0 0.1682049418604651 0.20037548449612402 0.021329941860465086 0.03045058139534884
1 0.5035993303571428 0.584375 0.04140625 0.07083333333333333
1 0.4360488409361956 0.6244186046511628 0.053783728384019104 0.07383720930232561
1 0.262109375 0.7046875 0.04921875 0.057291666666666664
3 0.08451126453488371 0.48244912790697675 0.039734738372093 0.042853682170542605
