1 0.9139322916666668 0.2043269230769231 0.051542467948717884 0.04914529914529918
1 0.950060096153846 0.6224759615384615 0.036738782051281935 0.043509615384615445
1 0.3634915865384616 0.3797943376068376 0.05466746794871802 0.08549679487179494
1 0.10900440705128207 0.02564102564102566 0.050821314102564144 0.05128205128205132
1 0.0234375 0.37447916666666664 0.046875 0.046875
1 0.31951121794871795 0.9691639957264957 0.0797275641025641 0.05958867521367518
1 0.6201923076923077 0.7383814102564102 0.07411858974358969 0.12152777777777773
0 0.6707532051282052 0.0496260683760684 0.04711538461538467 0.06474358974358979
0 0.8575721153846155 0.36778846153846156 0.03605769230769233 0.04807692307692305
0 0.9884915865384617 0.5914930555555556 0.021454326923076826 0.04409722222222214
0 0.4328926282051283 0.6582532051282051 0.024038461538461498 0.03071581196581204
0 0.12529046474358976 0.9811832264957265 0.04785657051282048 0.035550213675213625
2 0.5645332532051281 0.4223290598290598 0.061237980769230836 0.06367521367521363
2 0.35456730769230765 0.6459268162393162 0.060496794871794934 0.0820779914529916
2 0.19146634615384617 0.8402377136752136 0.06418269230769233 0.0700587606837607
2 0.4762319711538462 0.508707264957265 0.11672676282051278 0.17222222222222225
2 0.1375300480769231 0.29533920940170943 0.10038060897435894 0.15291132478632483
2 0.20718149038461542 0.3245459401709402 0.0628004807692308 0.13990384615384624
2 0.6392227564102565 0.20219017094017097 0.078125 0.1201923076923077
2 0.7435797275641025 0.2879674145299146 0.055709134615384584 0.07684294871794872
2 0.6075921474358974 0.5265491452991453 0.06294070512820511 0.0697649572649573
1 0.6579827724358974 0.5240518162393163 0.07065304487179488 0.07481303418803413
3 0.3115785256410256 0.17544070512820514 0.09439102564102564 0.12828525641025645
2 0.7579326923076923 0.04033119658119661 0.09711538461538467 0.08066239316239322
2 0.66875 0.8659455128205129 0.1312500000000001 0.13894230769230767
