0 0.78125 0.2421875 0.0359375 0.046875
0 0.9200721153846153 0.18605769230769234 0.035256410256410395 0.04027777777777783
0 0.5704731826241135 0.4474881796690307 0.03469636524822697 0.044444444444444405
0 0.4345335515548282 0.5748766821240224 0.026212152209492513 0.03641684851791247
0 0.1971008330309628 0.6344127963231737 0.030179230164489645 0.03581277213352685
0 0.25780972960992904 0.15053930260047282 0.03280695921985814 0.05619089834515364
0 0.34777537677304965 0.25546320921985816 0.034613253546099274 0.05467641843971626
0 0.09427083333333333 0.1876736111111111 0.02847222222222222 0.041319444444444464
0 0.4050480769230769 0.8945457385905499 0.02670940170940166 0.03694800569800568
0 0.5079986468916304 0.9531779148524433 0.024539262820512865 0.037040396710207917
0 0.7171875 0.8862624643874644 0.028125 0.035345441595441444
0 0.5737379807692309 0.8398771367521367 0.021274038461538414 0.03071581196581204
0 0.5902544070512821 0.8165064102564104 0.023818108974359032 0.026709401709401705
0 0.8603365384615385 0.908974358974359 0.029567307692307664 0.047435897435897566
0 0.508699024822695 0.2568876159301691 0.03191489361702127 0.050350063647935914
1 0.7180435505319149 0.19291149527186763 0.036541445035460994 0.0793070330969267
1 0.6083433493589745 0.7382345085470086 0.05574919871794881 0.05771901709401715
1 0.24759615384615388 0.46163194444444444 0.04206730769230767 0.04201388888888893
1 0.39205068535188214 0.4885490543735224 0.03249880660120019 0.04654255319148929
1 0.417558092948718 0.1527777777777778 0.03667868589743595 0.06944444444444439
1 0.9066506410256411 0.8973023504273504 0.05208333333333322 0.06543803418803419
1 0.06901041666666666 0.41608796296296297 0.028645833333333325 0.056712962962962916
1 0.03428819444444444 0.19681712962962963 0.06163194444444444 0.06006944444444443
1 0.60625 0.13385416666666666 0.059375 0.06979166666666667
2 0.040625000000000015 0.1183092948717949 0.05937500000000003 0.07796474358974353
2 0.8575120192307694 0.2976762820512821 0.09627403846153851 0.12954059829059833
2 0.962890625 0.325 0.07265625 0.12291666666666666
2 0.5025515292553192 0.5703531323877068 0.10072584219858154 0.11786347517730497
2 0.6633997374522641 0.44669485360974726 0.06582873022367712 0.06967175850154567
2 0.6293665609656302 0.2510911074740862 0.0697925190943808 0.07376341152936888
2 0.5252069978632479 0.06475694444444444 0.0677751068376069 0.09502314814814815
2 0.1401642628205128 0.577457264957265 0.04555288461538458 0.06410256410256411
2 0.22706330128205127 0.5654380341880343 0.07512019230769229 0.056089743589743675
2 0.4940905448717949 0.6846153846153846 0.07632211538461534 0.08344017094017092
2 0.12364783653846154 0.7179754273504274 0.11187900641025639 0.11960470085470074
2 0.8651742788461538 0.7944711538461539 0.05290464743589744 0.10817307692307689
2 0.8275607638888889 0.8526041666666667 0.05269097222222232 0.065625
1 0.7706040190620783 0.7934871232568601 0.04573106443994597 0.09285031488978863
1 0.4849258814102564 0.8458733974358974 0.040164262820512865 0.08549679487179489
1 0.271875 0.765625 0.034375 0.05416666666666667
1 0.24765625 0.9739583333333334 0.0546875 0.05
1 0.0984375 0.9765625 0.04375 0.04479166666666667
2 0.20285627216312055 0.1317708333333333 0.07290004432624113 0.1114583333333333
1 0.668359375 0.10208333333333333 0.05546875 0.07083333333333333
0 0.5583554964539006 0.5423352541371158 0.025687056737588688 0.03205526004728133
0 0.8414378099298501 0.5652742501209483 0.028356691461054594 0.04044206579583935
0 0.4664117907801419 0.4805260047281324 0.038652482269503616 0.0511820330969267
0 0.9133814102564102 0.5767094017094017 0.029487179487179382 0.04658119658119648
