3 0.8405448717948719 0.43990384615384615 0.06810897435897427 0.08814102564102567
3 0.5942407852564102 0.8385416666666666 0.05791266025641031 0.07345085470085462
3 0.20656049679487182 0.5257211538461539 0.062039262820512864 0.08210470085470097
0 0.735566907051282 0.06152510683760686 0.04168669871794872 0.05162927350427356
0 0.7170673076923076 0.02230235042735045 0.03149038461538458 0.04193376068376072
0 0.8911258012820513 0.02230235042735045 0.04306891025641022 0.0446047008547009
0 0.4799679487179488 0.03725961538461543 0.040064102564102554 0.054754273504273504
0 0.4314302884615385 0.14719551282051282 0.036979166666666785 0.04588675213675219
0 0.3451121794871795 0.32387820512820514 0.04334935897435899 0.05641025641025633
0 0.288271233974359 0.1497863247863248 0.04485176282051286 0.05673076923076925
0 0.13013822115384616 0.18931623931623937 0.039523237179487136 0.06314102564102564
0 0.06430288461538465 0.17897970085470086 0.04607371794871794 0.06511752136752139
0 0.282421875 0.07760416666666667 0.04296875 0.05520833333333333
0 0.3765925480769231 0.0980902777777778 0.04849759615384626 0.06423611111111106
0 0.29770633012820513 0.41643963675213674 0.04453125 0.059375
0 0.6923076923076923 0.2989850427350428 0.04206730769230767 0.05213675213675219
0 0.6582532051282052 0.6435630341880342 0.03605769230769233 0.052083333333333336
0 0.7178986378205128 0.7310897435897435 0.04697516025641031 0.06399572649572664
0 0.4298878205128206 0.7107505341880341 0.03605769230769225 0.0485844017094017
0 0.446484375 0.3984375 0.04609375 0.053125
0 0.4140625 0.21770833333333334 0.040625 0.04375
0 0.7879607371794872 0.5824252136752137 0.04106570512820511 0.056837606837606816
0 0.8424979967948719 0.17215544871794872 0.046173878205128284 0.060069444444444495
0 0.8585737179487181 0.07712339743589748 0.040064102564102554 0.049813034188034226
0 0.42237580128205127 0.6415598290598292 0.02904647435897436 0.040064102564102554
0 0.8456229967948719 0.3191907051282052 0.035917467948718064 0.04377670940170949
0 0.1616686698717949 0.23820779914529916 0.03563701923076925 0.05082799145299145
