3 0.7480168269230769 0.0856971153846154 0.08489583333333339 0.12347756410256414
2 0.9166766826923076 0.4513354700854701 0.08984375 0.10416666666666667
2 0.6607772435897437 0.3604433760683762 0.059054487179487226 0.08146367521367524
2 0.6591346153846154 0.6757211538461539 0.09839743589743595 0.11105769230769222
2 0.542958733974359 0.6963141025641026 0.07233573717948723 0.0908119658119657
2 0.29202724358974363 0.42263621794871803 0.09342948717948722 0.13068910256410263
2 0.571875 0.14114583333333333 0.0796875 0.10520833333333333
2 0.6397536057692308 0.06171207264957267 0.06704727564102572 0.09666132478632485
2 0.16195913461538464 0.15144230769230774 0.09114583333333334 0.09882478632478629
2 0.45358573717948725 0.6145566239316239 0.06678685897435903 0.08755341880341874
2 0.975390625 0.5484375 0.04765625 0.109375
2 0.8291967147435898 0.8937767094017095 0.04941907051282044 0.10112179487179478
2 0.974969951923077 0.95914797008547 0.04849759615384617 0.07962072649572641
1 0.15804286858974362 0.3556623931623932 0.04889823717948723 0.0696581196581197
1 0.46844951923076933 0.4819711538461539 0.0370592948717948 0.06810897435897433
1 0.25527844551282053 0.2481570512820513 0.04272836538461546 0.052297008547008604
1 0.8013621794871796 0.416119123931624 0.05833333333333339 0.08229166666666667
1 0.8795716002747251 0.5651757097069596 0.041638049450549455 0.07054143772893766
1 0.9016426282051284 0.8926014957264958 0.06410256410256406 0.08285256410256411
1 0.37302684294871796 0.917948717948718 0.045612980769230795 0.0642094017094017
1 0.13236177884615385 0.748397435897436 0.03816105769230771 0.0694444444444444
1 0.1371394230769231 0.9106570512820513 0.05865384615384617 0.06009615384615389
1 0.6154346955128205 0.3632211538461539 0.04256810897435894 0.07857905982905986
1 0.6867988782051283 0.1798744658119658 0.03705929487179489 0.05798611111111116
1 0.2976762820512821 0.17562767094017093 0.04407051282051282 0.07449252136752144
2 0.4824719551282051 0.07339743589743591 0.06911057692307691 0.07061965811965816
0 0.7106169871794872 0.3773771367521368 0.02548076923076925 0.03424145299145304
0 0.5364783653846155 0.3666800213675214 0.02920673076923084 0.03961004273504276
0 0.548828125 0.2109375 0.03203125 0.040625
0 0.5265625 0.2 0.0625 0.07916666666666666
0 0.9289162660256409 0.0355902777777778 0.04761618589743595 0.05809294871794877
0 0.862079326923077 0.7632345085470085 0.07912660256410256 0.09853098290598285
0 0.9828683035714286 0.45788690476190474 0.03515625 0.06041666666666667
2 0.5649238782051282 0.8105101495726497 0.062459935897436036 0.08143696581196581
1 0.4047876602564102 0.36051014957264965 0.04819711538461542 0.04393696581196587
0 0.14666466346153847 0.5810763888888889 0.01448317307692304 0.02326388888888881
2 0.07560096153846156 0.7432692307692308 0.07067307692307688 0.08237179487179488
1 0.47912660256410255 0.8707799145299145 0.0457532051282052 0.06239316239316241
0 0.491015625 0.7229166666666667 0.06171875 0.075
