3 0.44574318910256416 0.09168002136752137 0.04841746794871806 0.05809294871794877
3 0.9660367398648649 0.019144144144144136 0.06636402027027018 0.03828828828828827
3 0.11718750000000003 0.7738114316239316 0.05248397435897441 0.0693643162393163
3 0.1334565033783784 0.9898092804342805 0.05027449324324322 0.02241135366135367
3 0.3771935096153846 0.2153044871794872 0.0553084935897437 0.08060897435897439
0 0.4536936206363917 0.4803338353413655 0.046490770775409376 0.06066767068273092
0 0.553718190484085 0.2908322281167108 0.033323317307692245 0.0429763483642794
0 0.5117287660256411 0.24519230769230774 0.034635416666666786 0.04487179487179492
0 0.5660921267130858 0.1514547413793103 0.036862082780725024 0.048742816091954
0 0.6983302594496023 0.17152547524314762 0.035047455238726766 0.04811284261715295
0 0.6850085999668435 0.31157898614795165 0.037445084549071694 0.0499742116121426
0 0.8496565193965517 0.3438969017094017 0.03681303879310356 0.04460562186855294
0 0.9140524839743589 0.33864850427350424 0.03727964743589744 0.05560897435897439
0 0.25635016025641033 0.24942574786324787 0.03954326923076921 0.049065170940170925
0 0.3204434323833797 0.2292644938729276 0.042807045489650884 0.047133405416537946
0 0.10520481418918921 0.3342060810810811 0.0317778716216216 0.031587837837837834
0 0.018129006410256433 0.5073104354354354 0.036258012820512865 0.05763888888888893
0 0.387890625 0.7692708333333333 0.03203125 0.046875
0 0.5734058277027028 0.8093609234234234 0.036887668918918946 0.051323198198198125
0 0.984067480942481 0.6500324844074844 0.032746448371448265 0.046218814968815046
1 0.21749366554054056 0.5376407657657657 0.07092483108108114 0.07111486486486479
1 0.20123197115384617 0.4305555555555556 0.03663862179487176 0.06944444444444452
1 0.09489020270270271 0.5177364864864865 0.05853040540540542 0.07713963963963964
1 0.2295080236486487 0.7821509009009008 0.049007601351351404 0.08569819819819825
1 0.61640625 0.5739583333333333 0.0578125 0.08958333333333333
3 0.8498205236486488 0.0983108108108108 0.06682854729729737 0.08828828828828827
0 0.955078125 0.25104166666666666 0.03515625 0.05
0 0.9717548076923077 0.9460470085470085 0.02604166666666661 0.03205128205128212
0 0.9111578525641025 0.9366131756756756 0.03705929487179489 0.05019707207207216
1 0.274609375 0.3697916666666667 0.03515625 0.058333333333333334
3 0.27890625 0.8333333333333334 0.05625 0.07291666666666667
3 0.20918496621621624 0.840526463963964 0.049535472972973005 0.06500563063063064
3 0.38683894230769234 0.47580128205128214 0.020072115384615376 0.03173076923076916
