0 0.823788060897436 0.48605769230769236 0.031510416666666784 0.03888888888888881
0 0.8405048076923076 0.3836004273504274 0.034134615384615506 0.036965811965811925
0 0.5741023936170213 0.3816858747044917 0.02411347517730498 0.03420508274231674
0 0.6399275878442545 0.7506237139917695 0.03553834283000956 0.05430812757201645
0 0.503505608974359 0.5754540598290598 0.021033653846153834 0.02537393162393163
0 0.5546073717948719 0.03625801282051282 0.023076923076922995 0.030261752136752137
0 0.9691205929487179 0.04125267094017096 0.02530048076923084 0.03875534188034192
0 0.3917623753561254 0.4964293486862931 0.026467533238366592 0.03286146723646723
0 0.24056490384615384 0.5990117521367522 0.021995192307692292 0.03969017094017104
0 0.07857831790123462 0.5375771604938272 0.025906635802469224 0.025154320987654324
