2 0.6481148097826086 0.24563939985135635 0.061107336956521686 0.09930091044221472
2 0.6266163793103449 0.7141433189655172 0.05657327586206895 0.08213002873563227
1 0.8332435344827586 0.16893857758620692 0.06290409482758612 0.054543821839080485
1 0.34140625 0.025 0.06875 0.05
1 0.296875 0.2257925724637681 0.0570652173913043 0.03935688405797097
0 0.8502761314655173 0.9635955459770115 0.028165409482758363 0.0295258620689656
0 0.7462755926724138 0.9424838362068966 0.021996228448275888 0.034931752873563225
0 0.3569956300942435 0.6896722172694855 0.02679930272542026 0.03732223212769578
0 0.4662174048013245 0.4857615894039735 0.022552773178807863 0.02709713024282555
0 0.2265625 0.40260416666666665 0.0296875 0.023958333333333335
0 0.072265625 0.9041666666666667 0.03203125 0.03958333333333333
0 0.7743063038793103 0.9532866379310346 0.01779364224137927 0.026795977011494308
