1 0.11815969380796507 0.3852532846881251 0.04725774004364429 0.05957617294053463
1 0.360766588243317 0.32327326559374436 0.054065227768685144 0.06237781869430794
2 0.7316975245499181 0.401302225404619 0.07793917075831969 0.08657994635388248
2 0.8280802475450081 0.623558260592835 0.06801946944899076 0.08680782869612666
2 0.5105551861702128 0.8659898390616476 0.07585328014184398 0.09544348972540462
2 0.2927360372340425 0.6141437647754138 0.05714760638297869 0.09972665484633568
2 0.5005321280005456 0.6697467721403891 0.0515731553464267 0.07274049827241301
1 0.6728058510638298 0.6736074172576832 0.05498670212765964 0.057631501182033064
1 0.691901297394981 0.6007933260592835 0.03895893003273319 0.05846062920531002
1 0.6776998516775777 0.5141946262956901 0.04852316898527 0.06026322967812329
1 0.45556997579105296 0.4194853609747226 0.04287157324058919 0.07680941989452629
1 0.5126218971631206 0.40059101654846335 0.07282801418439719 0.0761820330969267
1 0.48337765957446804 0.24512411347517726 0.04377216312056733 0.057624113475177284
1 0.39563088175122746 0.5843860815602837 0.05415047054009814 0.07649970449172586
1 0.43515625 0.55625 0.0421875 0.06041666666666667
1 0.015763519503546094 0.5735520094562647 0.03152703900709219 0.0804373522458628
0 0.9584311494135296 0.15020230951082017 0.02894887138570663 0.04061192944171663
0 0.9469491612111293 0.08016770094562646 0.040064102564102554 0.049815307328605236
0 0.5278701241134752 0.274678634751773 0.03125 0.04284131205673756
0 0.017857142857142856 0.1259672619047619 0.03571428571428571 0.045684523809523814
0 0.1620554589470813 0.5485485997454081 0.032604507637752335 0.04179168939807241
0 0.271589649822695 0.791581708037825 0.034059175531914884 0.04479166666666667
0 0.09676908585651936 0.8388826377523186 0.03241484247135843 0.041797372249499885
0 0.11740913120567376 0.7031619385342789 0.026595744680851064 0.03398345153664302
0 0.09219858156028368 0.61882018321513 0.04044769503546097 0.05491282505910154
0 0.31236702127659577 0.8766142139479906 0.027859042553191493 0.032188238770685614
0 0.69453125 0.8770833333333333 0.0265625 0.035416666666666666
0 0.9875 0.8432291666666667 0.0234375 0.042708333333333334
2 0.899717420212766 0.4460512706855792 0.07988696808510642 0.08868942080378245
1 0.9013159352836879 0.3664708924349881 0.05185616134751765 0.08016400709219855
0 0.4265320257092199 0.11723921394799053 0.017835771276595747 0.022318262411347496
0 0.443359375 0.10260416666666666 0.02265625 0.03229166666666667
