0 0.6823517628205129 0.26992521367521366 0.03217147435897427 0.039316239316239295
0 0.7962039262820513 0.35576923076923084 0.04352964743589745 0.05341880341880341
0 0.973828125 0.5078125 0.03671875 0.051041666666666666
0 0.40618990384615394 0.3821314102564103 0.03337339743589744 0.04075854700854708
0 0.375390625 0.3584001068376068 0.03671875 0.040625
0 0.1885016025641026 0.3303952991452992 0.028044871794871806 0.037393162393162406
0 0.0546875 0.24895833333333334 0.034375 0.04583333333333333
0 0.036007612179487204 0.3660657051282052 0.029547275641025595 0.03661858974358966
0 0.5580929487179487 0.9113648504273504 0.028044871794871806 0.03731303418803419
0 0.7159078663793104 0.6829594017094017 0.032271634615384584 0.0427350427350427
0 0.15100160256410255 0.6989583333333333 0.0375 0.05416666666666667
0 0.3339042467948718 0.6606570512820513 0.024379006410256386 0.03285256410256411
0 0.24308894230769235 0.5889556623931624 0.04907852564102564 0.07582799145299149
1 0.503135016025641 0.1567841880341881 0.049819711538461674 0.05341880341880341
1 0.4889823717948719 0.05595619658119663 0.040064102564102554 0.049412393162393174
1 0.473046875 0.8177083333333334 0.06640625 0.07291666666666667
1 0.268359375 0.76875 0.05859375 0.0875
1 0.44894831730769236 0.9653712606837607 0.06616586538461533 0.05467414529914526
1 0.1484375 0.12239583333333333 0.04375 0.08645833333333333
1 0.71640625 0.7947916666666667 0.0453125 0.125
1 0.35336538461538464 0.9658253205128206 0.04326923076923075 0.06626602564102554
1 0.2541366185897436 0.047676282051282076 0.09108573717948723 0.09535256410256415
1 0.8363080929487179 0.4217681623931624 0.058553685897435946 0.11063034188034185
2 0.9384455128205129 0.41038461538461546 0.0818910256410259 0.10256410256410244
2 0.35927483974358976 0.20044070512820514 0.10917467948717956 0.0916399572649573
2 0.24296875 0.17552083333333332 0.1109375 0.15104166666666666
0 0.240234375 0.12395833333333334 0.03828125 0.04583333333333333
0 0.324609375 0.32395833333333335 0.03984375 0.058333333333333334
2 0.2671875 0.34739583333333335 0.075 0.103125
2 0.4623798076923077 0.4849893162393163 0.08725961538461542 0.10085470085470079
2 0.8841145833333334 0.6108440170940171 0.09314903846153832 0.10416666666666667
0 0.4079727564102564 0.7246394230769231 0.03782051282051287 0.05552884615384623
0 0.5203125 0.5057291666666667 0.03125 0.046875
0 0.7572348516246685 0.5794259320660183 0.024996891578249247 0.029725722074859937
0 0.6662660256410258 0.7637419871794873 0.018028846153846166 0.025400641025641116
0 0.6984375 0.8572916666666667 0.034375 0.04583333333333333
0 0.8281350160256411 0.010950854700854723 0.026822916666666786 0.021901709401709445
0 0.32538389008620694 0.8443426724137931 0.027976831896551736 0.035093390804597745
0 0.44296875 0.8614583333333333 0.025 0.03125
0 0.10598958333333337 0.5097889957264957 0.01726762820512816 0.023157051282051335
0 0.5295472756410258 0.22847222222222224 0.047075320512820526 0.051602564102564114
1 0.8811097756410258 0.8038194444444445 0.04306891025641022 0.06276709401709404
1 0.6369290865384616 0.638301282051282 0.056670673076923174 0.059935897435897445
1 0.624609375 0.6463541666666667 0.03671875 0.096875
1 0.5801282051282051 0.40968215811965814 0.050080128205128194 0.0524305555555556
1 0.36875 0.5161458333333333 0.0484375 0.059375
1 0.5881410256410258 0.016292735042735065 0.050080128205128194 0.03258547008547013
2 0.8091045673076923 0.957144764957265 0.07289663461538468 0.08362713675213675
2 0.760546875 0.8515625 0.04765625 0.08854166666666667
0 0.6847956730769231 0.36244658119658124 0.01903044871794881 0.029380341880341908
0 0.703485576923077 0.48931623931623935 0.02371794871794881 0.03472222222222226
0 0.01640625 0.4666666666666667 0.0328125 0.04583333333333333
0 0.0609375 0.3515625 0.0328125 0.036458333333333336
1 0.011117788461538486 0.4022035256410257 0.022235576923076972 0.07684294871794867
3 0.8767828525641026 0.6788728632478632 0.03369391025641022 0.042895299145299146
