2 0.8999599358974357 0.2025507478632478 0.1115384615384615 0.1435096153846153
2 0.8275857300884955 0.3215200958702065 0.08017146017699109 0.10345685840707972
2 0.755078125 0.3651041666666667 0.08203125 0.103125
2 0.5516995334127525 0.23223174778761066 0.11341509246653043 0.19178650442477868
2 0.41551438053097345 0.11633480825958706 0.09679203539823007 0.12850294985250746
2 0.16523783185840707 0.13048251834203167 0.09402654867256637 0.12471872399969741
2 0.31878802544247786 0.3151733038348083 0.08586144911504427 0.08296460176991148
2 0.4592159845132743 0.4808075221238938 0.07576050884955751 0.08421828908554568
2 0.4983441648230088 0.5508711283185842 0.05143113938053094 0.10198193215339242
2 0.9578675881410256 0.9482638888888888 0.07488982371794872 0.08055555555555559
2 0.8466396233974358 0.9081063034188034 0.07078325320512828 0.08170405982905986
2 0.42246424788135595 0.8442626847023033 0.054171080508474564 0.06094496957844401
0 0.769140625 0.29583333333333334 0.03984375 0.04791666666666667
0 0.7921023637820513 0.6606837606837607 0.054316907051281935 0.07259615384615377
0 0.9332481971153846 0.6780982905982906 0.019421073717948722 0.028418803418803408
0 0.6906800881410258 0.6154647435897436 0.024789663461538325 0.03349358974358978
0 0.3788716814159292 0.26352323008849565 0.02350663716814161 0.031286873156342106
0 0.3071512026420738 0.8086282818212032 0.044704947657028926 0.051861083416417486
0 0.608203125 0.2546875 0.04765625 0.06979166666666667
0 0.5327226216814159 0.02590339233038352 0.031070243362831818 0.030973451327433708
0 0.2139726216814159 0.20416666666666666 0.0390625 0.052083333333333336
1 0.773046875 0.48541666666666666 0.06484375 0.09583333333333334
1 0.4234375 0.2682291666666667 0.071875 0.09895833333333333
1 0.3723589601769911 0.39306784660766964 0.08653207964601775 0.09863569321533928
1 0.1140625 0.3692708333333333 0.075 0.11979166666666667
1 0.04340533088235295 0.8605698529411766 0.07587316176470589 0.10238970588235302
1 0.2406779661016949 0.8719985875706214 0.04168432203389831 0.04608050847457624
1 0.248046875 0.7401041666666667 0.04609375 0.07604166666666666
1 0.718359375 0.8869791666666667 0.04765625 0.059375
1 0.6396933323405946 0.5101112812949097 0.06463988399137718 0.09684970879661142
1 0.04890763274336283 0.6329830383480827 0.05218473451327434 0.054867256637168065
0 0.079296875 0.6208333333333333 0.02890625 0.04583333333333333
2 0.35398230088495575 0.5464601769911505 0.06360619469026547 0.0720870206489676
1 0.8703125 0.9703125 0.04375 0.057291666666666664
1 0.675 0.32708333333333334 0.0921875 0.10416666666666667
1 0.632421875 0.3885416666666667 0.08203125 0.12708333333333333
1 0.7486929086538461 0.6362980769230769 0.06601562500000017 0.12670940170940181
0 0.3362306809539331 0.9737240601912213 0.05582253639721859 0.05143823337679277
0 0.41019699315514996 0.9767343003042155 0.06016745436766624 0.046865493263798304
0 0.5173066737288136 0.8467867231638417 0.05648834745762717 0.06649011299435029
0 0.6842919858213821 0.7769694788497754 0.056204163950456375 0.06488166376937568
1 0.019921875 0.9458333333333333 0.03828125 0.10625
1 0.18042035398230089 0.6522308259587021 0.07334070796460175 0.12470501474926247
