0 0.41396872927718836 0.30925250515767755 0.027261894893899276 0.034871426466254005
0 0.40954579050618917 0.39224137931034486 0.023984927608311325 0.03771551724137924
0 0.10383216594827586 0.0269935344827586 0.03331088362068964 0.03904454022988502
0 0.08672876602564104 0.5984909188034188 0.02726362179487183 0.038060897435897446
0 0.1938701923076923 0.6881009615384616 0.024759615384615373 0.032451923076923114
0 0.4303677262931034 0.7877873563218392 0.02679148706896557 0.03326149425287366
0 0.5975148168103448 0.7036637931034483 0.02059536637931032 0.03017241379310344
0 0.7190530711206897 0.6489583333333333 0.029296875 0.030316091954023013
0 0.7454404633620689 0.7422772988505747 0.02703394396551726 0.03987068965517248
0 0.6604054418103449 0.9417564655172413 0.02918911637931032 0.03940373563218387
0 0.9203125 0.03125 0.0234375 0.03333333333333333
0 0.35695716594827587 0.38987068965517235 0.03487338362068963 0.04784482758620694
1 0.8736578525641026 0.2538728632478633 0.03794070512820511 0.07024572649572658
1 0.6650188577586207 0.2231501436781609 0.05390625 0.07604166666666666
1 0.5954943426724139 0.32354525862068967 0.04540678879310347 0.04400143678160919
1 0.5136786099137931 0.2993354885057471 0.05009428879310347 0.08703304597701145
1 0.6167093211206897 0.4839080459770115 0.05146821120689662 0.05373563218390807
1 0.7073477909482759 0.699353448275862 0.07592941810344822 0.06465517241379312
1 0.33699729912687887 0.2460014183613321 0.04920044484969059 0.05002302534630122
1 0.26859509698275863 0.19660560344827585 0.03918372844827589 0.0446479885057471
1 0.19424164870689656 0.4619971264367816 0.057233297413793106 0.06767241379310344
1 0.3313510237068965 0.5326688218390804 0.0607354525862069 0.06174568965517242
1 0.3109375 0.6390625 0.0515625 0.06979166666666667
1 0.1991131756756757 0.8300957207207207 0.048564189189189144 0.05771396396396398
1 0.14282094594594597 0.9129082207207208 0.04501689189189191 0.07226914414414409
1 0.08502956081081083 0.8538815257565258 0.06744087837837835 0.0720792908292907
1 0.3962486530172414 0.9421156609195402 0.04249730603448274 0.0491020114942529
1 0.383984375 0.9791666666666666 0.07265625 0.03958333333333333
1 0.900390625 0.4276041666666667 0.06484375 0.057291666666666664
1 0.6747710129310345 0.3857021809608017 0.05522629310344822 0.06516173003241962
1 0.7253973599137932 0.2472162356321839 0.057691271551724196 0.06555316091954015
2 0.5804779025751549 0.20630019525493665 0.07813363450486292 0.11505765546713817
2 0.1087869623655914 0.38799283154121866 0.054603494623655914 0.09744623655913974
2 0.57734375 0.5958333333333333 0.06875 0.08958333333333333
2 0.5273648648648649 0.5951998873873874 0.05261824324324325 0.07705518018018012
2 0.524481411637931 0.463739224137931 0.052734375 0.10305316091954021
2 0.047265625 0.041666666666666664 0.06015625 0.08333333333333333
0 0.884765625 0.3885416666666667 0.04140625 0.05416666666666667
0 0.88984375 0.8208333333333333 0.0265625 0.035416666666666666
0 0.9921875 0.696875 0.0140625 0.035416666666666666
0 0.48087094523651636 0.896246408045977 0.04431953194076037 0.058800287356321826
2 0.392578125 0.609375 0.06328125 0.075
1 0.2417227909482759 0.05842313218390802 0.02962015086206895 0.05700431034482755
1 0.41484375 0.025520833333333333 0.046875 0.051041666666666666
1 0.1766245347394541 0.26706429211469535 0.04578939205955339 0.057045250896057394
0 0.01328125 0.6640625 0.0265625 0.07395833333333333
0 0.5652815193965518 0.888128591954023 0.01962553879310347 0.02295258620689656
