0 0.25908203125 0.15516764322916668 0.032373046875 0.049202473958333305
0 0.09442446043165467 0.7785146882494004 0.028102517985611485 0.03469724220623493
1 0.07265625 0.109375 0.0546875 0.05625
1 0.3182450727982954 0.5124745995107323 0.04532803622159087 0.05398960306186874
1 0.25485933743990385 0.3368733723958333 0.04325984074519229 0.047119140625
1 0.9625641532781565 0.8302149261603375 0.04579732635507927 0.07335179324894518
1 0.09600101169064748 0.9522819244604316 0.03619042266187049 0.09700989208633111
1 0.31859975961538467 0.9831864316239316 0.10438701923076929 0.031543803418803404
1 0.6357171474358975 0.1090010683760684 0.059094551282051364 0.05016025641025645
1 0.46484375 0.4432291666666667 0.0578125 0.051041666666666666
1 0.405078125 0.3151041666666667 0.04140625 0.051041666666666666
1 0.5646550362558054 0.868242352320675 0.04849847179218649 0.0698180379746835
1 0.509185606060606 0.6991477272727272 0.027083333333333216 0.04741161616161615
1 0.31069135273972603 0.7550156963470319 0.06825770547945212 0.1121147260273973
1 0.46070363435813844 0.7836203302982613 0.059932659341276916 0.07394638976318942
2 0.8793169070512821 0.5048344017094017 0.07269631410256423 0.09182692307692311
2 0.8288833562271062 0.7592567155067156 0.07139995421245429 0.08817155067155073
2 0.6822529972005842 0.7795908052039381 0.06943387901655304 0.073070499296765
2 0.547265625 0.9708333333333333 0.07890625 0.05625
2 0.442482576438849 0.840853567146283 0.06796875 0.08645833333333333
2 0.24140625 0.671875 0.0703125 0.12291666666666666
2 0.2998291015625 0.2378662109375 0.10224609375 0.09539388020833334
2 0.40606060606060607 0.4522727272727272 0.07537878787878789 0.08787878787878783
2 0.526171875 0.490625 0.04140625 0.10416666666666667
2 0.5784211881868131 0.4305345695970696 0.051777129120879194 0.08398580586080584
2 0.20763545413669063 0.8488833932853717 0.07933340827338128 0.13526678657074337
2 0.029946043165467624 0.7392498501199041 0.05026978417266187 0.08474970023980812
2 0.1904296875 0.4649340293390287 0.06835937500000003 0.0803237878447242
3 0.4213341346153846 0.3563587454212454 0.04658310439560438 0.05834478021978023
3 0.8337377779130153 0.262559335443038 0.04366226468678995 0.06678533755274264
0 0.3596923828125 0.0927001953125 0.02646484375 0.050439453124999985
0 0.01328125 0.4947916666666667 0.0265625 0.04583333333333333
0 0.03137084082733813 0.4705747901678657 0.028310476618705033 0.03307104316546757
2 0.0410296762589928 0.8822841726618705 0.0820593525179856 0.05893285371702651
0 0.9081352949529373 0.7941191983122363 0.04115191901979891 0.051925105485232
0 0.9873961629746836 0.9516086497890295 0.023645174050632888 0.052083333333333336
0 0.7699861550632912 0.9791600738396624 0.027472310126582224 0.03334651898734187
1 0.26484375 0.6229166666666667 0.0390625 0.03958333333333333
1 0.4138849431818182 0.5547348484848484 0.03870738636363633 0.09053030303030306
1 0.37734375 0.5615214646464646 0.035937500000000046 0.06887626262626263
1 0.1802495503597122 0.5916291966426859 0.04575089928057556 0.045758393285371686
1 0.17890625 0.9703125 0.04375 0.057291666666666664
1 0.7044370993589744 0.5575854700854701 0.08992387820512829 0.09049145299145304
1 0.540234375 0.33489583333333334 0.04296875 0.07604166666666666
0 0.8266927083333334 0.560897435897436 0.023697916666666784 0.030448717948717886
0 0.60390625 0.9890625 0.034375 0.019791666666666666
0 0.2078125 0.7390625 0.034375 0.03854166666666667
0 0.513671875 0.38229166666666664 0.02421875 0.03333333333333333
0 0.16763916015625 0.20531412760416667 0.0236083984375 0.030289713541666638
2 0.18828125 0.1546875 0.065625 0.071875
