0 0.8009815705128205 0.22199519230769232 0.04907852564102573 0.06989850427350429
0 0.6259915865384615 0.6326121794871795 0.07253605769230775 0.11137820512820523
2 0.8175080128205128 0.8178418803418804 0.0821314102564104 0.11485042735042725
2 0.15038060897435898 0.6640491452991453 0.08826121794871797 0.10106837606837603
1 0.47573116987179487 0.3125 0.03451522435897445 0.05715811965811977
1 0.45542868589743596 0.08242521367521369 0.05108173076923075 0.11933760683760686
1 0.22236578525641026 0.30870726495726497 0.05370592948717947 0.06741452991452998
0 0.5692407852564102 0.12528044871794874 0.03379407051282053 0.04431089743589747
0 0.248046875 0.34270833333333334 0.03515625 0.03958333333333333
0 0.17446915064102564 0.7482505341880343 0.062119391025641055 0.07240918803418796
1 0.6040665064102564 0.5455128205128206 0.041866987179487135 0.058974358974358945
1 0.202734375 0.16145833333333334 0.05234375 0.08541666666666667
