0 0.5505608974358974 0.2662126068376069 0.039102564102564144 0.050908119658119734
0 0.4779647435897436 0.30811965811965814 0.044070512820512865 0.057905982905982964
0 0.3026842948717949 0.23891559829059836 0.050080128205128194 0.06543803418803422
0 0.2718349358974359 0.40432692307692303 0.0416666666666667 0.05512820512820523
0 0.2957331730769231 0.577363782051282 0.04795673076923079 0.0669604700854702
0 0.6169871794871795 0.06663995726495732 0.03645833333333339 0.04941239316239317
0 0.9742588141025642 0.5186965811965812 0.047075320512820616 0.06143162393162391
0 0.17497996794871798 0.6881543803418803 0.04507211538461542 0.061725427350427374
0 0.7921875 0.12407852564102566 0.03661858974358978 0.049385683760683786
0 0.27751402243589746 0.9622462606837607 0.04433092948717952 0.05040064102564112
0 0.811748798076923 0.5364316239316239 0.037560096153846166 0.05534188034188029
3 0.10036057692307696 0.9754273504273504 0.038060897435897426 0.04540598290598285
0 0.9417267628205128 0.20838675213675215 0.0680689102564104 0.0891025641025641
