2 0.8295272435897436 0.14209401709401712 0.1282051282051281 0.18429487179487178
2 0.32421875 0.6556356837606837 0.12119391025641027 0.18039529914529914
2 0.05666065705128207 0.9182291666666667 0.07738381410256415 0.10104166666666667
3 0.6349659455128205 0.1417200854700855 0.0646033653846155 0.08739316239316235
2 0.6427283653846154 0.226028311965812 0.12119391025641021 0.14997329059829062
3 0.6983173076923077 0.6161858974358976 0.07011217948717956 0.09882478632478625
1 0.7894631410256411 0.5554220085470086 0.07612179487179489 0.10817307692307694
1 0.9014823717948719 0.8203125 0.07379807692307683 0.11444978632478625
3 0.30078125 0.8223958333333333 0.0921875 0.128125
0 0.357421875 0.7791666666666667 0.03984375 0.04791666666666667
0 0.361328125 0.81875 0.04921875 0.05416666666666667
