1 0.2588341346153846 0.6036992521367522 0.06766826923076925 0.07385149572649562
3 0.2140625 0.6765625 0.0953125 0.13645833333333332
1 0.8463441506410255 0.7061832264957265 0.050500801282051276 0.08709935897435912
1 0.9356971153846153 0.34241452991453 0.05208333333333339 0.14423076923076922
2 0.10984575320512824 0.14257478632478635 0.10923477564102566 0.16196581196581197
3 0.7002804487179487 0.39716880341880345 0.07219551282051287 0.09081196581196581
3 0.8989883814102566 0.5255608974358974 0.07141426282051296 0.10112179487179489
0 0.914483173076923 0.04671474358974362 0.062459935897435946 0.08392094017094022
2 0.5791266025641025 0.8526575854700855 0.1041666666666667 0.14671474358974354
1 0.021484375 0.7119791666666667 0.04296875 0.109375
