3 0.8673277243589744 0.37696314102564105 0.07664262820512828 0.09650106837606837
3 0.8585737179487178 0.49564636752136754 0.04607371794871806 0.062126068376068426
3 0.6322315705128205 0.890892094017094 0.07407852564102572 0.09428418803418807
3 0.47196514423076924 0.7524038461538463 0.0701322115384615 0.08814102564102567
3 0.5305488782051283 0.8111645299145299 0.03705929487179489 0.05074786324786326
3 0.5699919871794872 0.483306623931624 0.07435897435897446 0.10016025641025639
0 0.029747596153846194 0.7056623931623932 0.04106570512820512 0.05608974358974355
0 0.88125 0.29270833333333335 0.05625 0.058333333333333334
0 0.6572516025641025 0.7997462606837608 0.030048076923076917 0.06557158119658127
0 0.05490785256410258 0.9369925213675214 0.0308092948717949 0.03947649572649574
1 0.05365584935897438 0.8423878205128205 0.061358173076923116 0.07377136752136752
1 0.7353766025641025 0.8203525641025641 0.07011217948717947 0.07179487179487178
0 0.472265625 0.7328125 0.04140625 0.051041666666666666
0 0.6849459134615385 0.02497329059829062 0.06480368589743594 0.04994658119658124
0 0.8251702724358975 0.32430555555555557 0.02934695512820511 0.030555555555555478
