0 0.05556848404255319 0.11345670803782507 0.01875 0.021875
0 0.05996509308510638 0.4366910460992907 0.02845190602836878 0.0335328014184397
0 0.13984375 0.49166666666666664 0.0203125 0.025
0 0.44921875 0.6760416666666667 0.0234375 0.03125
0 0.766157910534669 0.049193522068321095 0.023100175715227954 0.02875657858575864
0 0.5608938774913913 0.14781948625268904 0.025167630869307445 0.031129516240602673
0 0.7052916499196142 0.24086113344051446 0.0247563303858521 0.0366325026795284
0 0.8717829556228873 0.010852090032154333 0.02989670933300346 0.021704180064308666
0 0.8218021503215434 0.798921489817792 0.01530848070739559 0.01978831725616293
0 0.8754521704180064 0.9058597936763131 0.011505225080385807 0.014914924973204673
0 0.619921875 0.4432291666666667 0.01953125 0.028125
0 0.7672992865755627 0.4637978965702036 0.0102667805466238 0.0161341103965702
0 0.5914439432023302 0.23665182711530713 0.011294187550323364 0.013566656594680489
1 0.4573784722222222 0.7035300925925926 0.042881944444444466 0.03923611111111107
1 0.334765625 0.8325810185185186 0.0533854166666667 0.05706018518518512
1 0.14674202127659575 0.31314784506273874 0.04106826241134751 0.06046553918894334
1 0.67265625 0.05076121794871798 0.04531250000000009 0.04110576923076928
0 0.213671875 0.6489583333333333 0.04296875 0.04583333333333333
2 0.6687386957395498 0.18477692926045017 0.07977542202572341 0.076279474812433
2 0.5450664964881075 0.10449638168646856 0.047276572940183746 0.053714092419025035
2 0.27585896345009236 0.16263465342865613 0.06167636570431689 0.06111868885544229
2 0.6573250534188034 0.7578169515669516 0.0895165598290597 0.1602920227920227
3 0.040306271521744076 0.1756906555722789 0.016805061458119504 0.019599396250940662
