2 0.42888621794871795 0.2128739316239317 0.0901442307692308 0.15224358974358979
2 0.4484375 0.39739583333333334 0.078125 0.11979166666666667
2 0.2814789870689655 0.29463362068965515 0.07454202586206896 0.11260057471264365
2 0.043046875 0.20583333333333337 0.06890625 0.13166666666666668
2 0.694140625 0.2760416666666667 0.10234375 0.1375
2 0.34676050646551726 0.8118175287356323 0.10779903017241384 0.11178160919540225
2 0.2788932982427056 0.6354834401709402 0.08324249834217504 0.09361645299145303
2 0.866015625 0.65625 0.06796875 0.0875
2 0.165625 0.9692708333333333 0.084375 0.059375
2 0.16828125 0.2059375 0.0790625 0.07645833333333334
2 0.6469490840517242 0.4326867816091954 0.04672683189655169 0.05754310344827586
2 0.5690625 0.27020833333333333 0.03562500000000011 0.046250000000000034
2 0.199609375 0.7265625 0.03515625 0.036458333333333336
2 0.9401308358433734 0.5058923192771084 0.028059111445783103 0.03716114457831322
2 0.190234375 0.8369791666666667 0.03515625 0.046875
1 0.7073098352713177 0.17431363049095605 0.06793846899224798 0.08053940568475454
1 0.7978015988372092 0.09310400516795865 0.05127180232558137 0.10287467700258397
1 0.19837120572808475 0.4300577309236948 0.08668970061279598 0.09344879518072294
1 0.312109375 0.05197916666666666 0.04328124999999998 0.08270833333333334
2 0.5670209544573643 0.17285206718346252 0.10263444767441854 0.08065245478036177
2 0.6404566271551724 0.9063397988505747 0.0645878232758621 0.09069683908045979
2 0.47246888124447395 0.7821525935750074 0.06112365992484516 0.07939139404656644
2 0.6447804418103449 0.5088541666666667 0.08018588362068968 0.08107040229885053
2 0.7971854967948718 0.7031517094017095 0.09156650641025639 0.07713675213675218
1 0.716015625 0.6677083333333333 0.04921875 0.09375
2 0.5320379849137931 0.8745187702623046 0.05782596982758621 0.05758639109932216
1 0.916015625 0.346875 0.05390625 0.08541666666666667
1 0.801953125 0.22760416666666666 0.03359375 0.057291666666666664
0 0.7851865310077519 0.2606346899224806 0.03694282945736438 0.050436046511627926
0 0.823828125 0.203125 0.03359375 0.04583333333333333
1 0.012890625 0.609375 0.02578125 0.10208333333333333
2 0.059843749999999994 0.35604166666666665 0.0665625 0.07958333333333337
1 0.9024802334337348 0.922797439759036 0.04347703313253017 0.0768448795180723
2 0.130859375 0.6791666666666667 0.06640625 0.06875
2 0.982421875 0.8786458333333333 0.03359375 0.090625
1 0.34296875 0.9682291666666667 0.0578125 0.06145833333333333
3 0.173046875 0.784375 0.03515625 0.04583333333333333
0 0.4527949892241379 0.6517959770114942 0.05332704741379315 0.06458333333333345
0 0.20546875 0.690625 0.0328125 0.04791666666666667
0 0.0078125 0.7359375 0.015625 0.036458333333333336
