3 0.9316907051282051 0.185803952991453 0.04607371794871806 0.07283653846153851
3 0.761328125 0.06782852564102566 0.05390624999999991 0.06573183760683766
0 0.1932713553807304 0.5181178774928774 0.026967390248640255 0.04330969955969953
0 0.07632211538461543 0.779780982905983 0.020032051282051277 0.03605769230769233
0 0.6493589743589745 0.7523370726495727 0.02628205128205119 0.026575854700854624
2 0.8227564102564102 0.14396367521367523 0.0636217948717949 0.09775641025641028
1 0.3093249198717949 0.24384348290598293 0.05683092948717947 0.05825320512820517
1 0.6388922275641026 0.4419337606837607 0.03271233974358987 0.046688034188034244
3 0.7526426002534288 0.5494015230570464 0.022512764609421598 0.024016721327767835
3 0.09790847173659674 0.5374150155400156 0.014094672688422705 0.021550440300440125
1 0.2551782852564103 0.907051282051282 0.0309094551282052 0.043269230769230775
3 0.12755408653846156 0.30683760683760686 0.018329326923076872 0.01965811965811959
