0 0.4386117788461538 0.12815170940170942 0.040645032051282205 0.051923076923076975
0 0.5915164262820513 0.3905048076923077 0.04132612179487181 0.05873397435897445
0 0.3853465544871796 0.278392094017094 0.03900240384615383 0.05058760683760693
0 0.3409354967948718 0.30544871794871803 0.033673878205128197 0.04188034188034191
0 0.2676282051282052 0.33573717948717957 0.0380608974358974 0.04807692307692305
0 0.1471754807692308 0.19436431623931624 0.04058493589743595 0.05838675213675216
0 0.2551081730769231 0.6004807692307692 0.03305288461538462 0.04337606837606837
0 0.06430288461538466 0.5761217948717949 0.028044871794871806 0.0427350427350427
0 0.035757211538461585 0.24626068376068383 0.0450721153846154 0.06143162393162396
0 0.5073217147435898 0.7590811965811965 0.03944310897435903 0.05341880341880341
0 0.2755208333333333 0.8078258547008548 0.0322916666666667 0.04407051282051289
0 0.07089342948717951 0.760002670940171 0.03489583333333338 0.043563034188034186
0 0.5624399038461538 0.8914396367521368 0.03537660256410265 0.05045405982905985
0 0.9517227564102564 0.545405982905983 0.038060897435897446 0.04273504273504282
0 0.7819511217948719 0.9560630341880342 0.03505608974358978 0.04941239316239319
0 0.4270733173076923 0.9237580128205128 0.04368990384615392 0.05526175213675219
0 0.512890625 0.9703125 0.03828125 0.05520833333333333
0 0.6697716346153847 0.7857905982905983 0.05108173076923084 0.07478632478632481
0 0.24559294871794873 0.6506410256410257 0.03605769230769229 0.04594017094017104
0 0.3593349358974359 0.20040064102564106 0.04719551282051282 0.06319444444444443
0 0.06564503205128207 0.3168803418803419 0.04138621794871801 0.053098290598290514
3 0.8175180288461539 0.3183360042735043 0.06408253205128212 0.0908920940170941
3 0.8579727564102564 0.6181891025641025 0.07131410256410256 0.0974893162393163
3 0.06182892628205131 0.39411057692307694 0.08307291666666672 0.10494123931623942
3 0.047676282051282076 0.02697649572649575 0.07331730769230772 0.0539529914529915
0 0.13838141025641026 0.9413728632478633 0.03613782051282053 0.04941239316239319
0 0.10857371794871798 0.7072516025641026 0.029647435897435948 0.04222756410256423
1 0.851171875 0.8744791666666667 0.06953125 0.07604166666666666
0 0.7263721955128205 0.2960069444444445 0.04004407051282062 0.05275106837606849
