2 0.9126502403846153 0.5714877136752138 0.12221554487179506 0.2070779914529915
2 0.7330629006410256 0.39766292735042735 0.1067908653846155 0.13522970085470096
2 0.6207632211538462 0.39277510683760686 0.07726362179487181 0.12096688034188041
2 0.5635216346153846 0.8281383547008547 0.07928685897435903 0.1583600427350428
2 0.620643028846154 0.722676282051282 0.06921073717948723 0.09417735042735048
2 0.6590244391025641 0.6194978632478633 0.08860176282051277 0.158974358974359
2 0.581650641025641 0.5464610042735044 0.08317307692307682 0.11963141025641028
2 0.4210236378205129 0.9641292735042736 0.09296875 0.07291666666666667
2 0.5057892628205128 0.9745058760683761 0.07255608974358978 0.04890491452991448
1 0.35183293269230764 0.18173076923076925 0.06396233974358982 0.06762820512820517
1 0.412469951923077 0.8178418803418803 0.052864583333333305 0.08547008547008553
1 0.08347355769230771 0.5578125 0.06382211538461542 0.09270833333333334
1 0.13510616987179488 0.3807024572649573 0.08475560897435903 0.07299679487179495
1 0.2279246794871795 0.3765491452991453 0.03733974358974361 0.05459401709401715
2 0.8448217147435898 0.07836538461538464 0.049539262820512596 0.0740384615384616
2 0.6307191506410257 0.15747863247863247 0.059114583333333304 0.0948717948717948
2 0.5860276442307694 0.24909188034188035 0.05386618589743586 0.09914529914529911
0 0.2503205128205129 0.27178151709401716 0.04663461538461537 0.05846688034188035
2 0.6547876602564103 0.2788060897435898 0.09507211538461532 0.09180021367521365
1 0.9591045673076923 0.12087339743589745 0.07085336538461533 0.07716346153846156
2 0.8132011217948719 0.7243456196581197 0.11558493589743594 0.15488782051282043
2 0.7554086538461539 0.8261351495726497 0.11418269230769225 0.15435363247863249
1 0.058984375 0.8520833333333333 0.04609375 0.05
0 0.4449719551282051 0.17602831196581198 0.03994391025641031 0.0416399572649573
1 0.36126802884615383 0.09264155982905985 0.04909855769230771 0.07486645299145304
2 0.23982371794871798 0.6281383547008548 0.07363782051282053 0.13635149572649574
2 0.23386418269230771 0.8476896367521368 0.10546875 0.10104166666666667
