3 0.37852074947823494 0.20109229030013914 0.05137289430530716 0.06535417908964417
3 0.5797874273255814 0.3279117531648606 0.028470203488372103 0.03637944742595908
3 0.3726091056034483 0.080944683908046 0.02242726293103452 0.030280172413793105
3 0.04189021274619102 0.324783615136876 0.02279008732813088 0.02959943639291461
0 0.8669723731884058 0.10099637681159421 0.04051177536231911 0.05002012882447664
0 0.9270455917874397 0.1177536231884058 0.03132548309178738 0.03421900161030598
0 0.8729082473987365 0.18381894122383252 0.03165935061315519 0.04500301932367152
0 0.4801387392241379 0.11788793103448277 0.03503502155172411 0.046192528735632205
0 0.4659343361567762 0.2318794272921679 0.019639948376102723 0.026542869553595298
0 0.6242591594827587 0.3206267959770115 0.03434806034482758 0.04750359195402301
0 0.6691360828488373 0.4064749147955092 0.03282158430232558 0.048221147420475854
0 0.5861260775862069 0.4536727729885058 0.03787715517241379 0.04901221264367817
0 0.5639008620689656 0.4782147988505747 0.03046875 0.041235632183908064
0 0.5307179418103448 0.5388200431034483 0.03352640086206895 0.0430495689655172
0 0.6069773706896552 0.5575969827586207 0.01907327586206895 0.027945402298850654
0 0.4975350215517242 0.5562051005747127 0.02850215517241379 0.04240301724137936
0 0.7224205280172414 0.5159482758620689 0.01717403017241379 0.022557471264367735
0 0.7640288254310346 0.7781788793103448 0.02555226293103452 0.035775862068965596
0 0.6394663345410627 0.6354623076058872 0.032057669082125616 0.04105343968842459
0 0.6270984738372093 0.9446463178294574 0.03286700581395356 0.04869186046511634
0 0.355641351744186 0.9599079457364341 0.03980741279069764 0.050872093023255856
0 0.3706304505813954 0.4803536821705426 0.029814680232558156 0.042199612403100835
0 0.10537860576923079 0.6081330128205129 0.026061698717948688 0.03197115384615389
0 0.1408954326923077 0.5864583333333333 0.04296875 0.058333333333333334
0 0.06314160628019323 0.48566576086956526 0.03509963768115943 0.047418478260869534
0 0.09095552884615388 0.05528846153846156 0.032832532051282115 0.04006410256410261
0 0.17610666111953713 0.17135463477886378 0.031089817857544076 0.04175127794629819
0 0.25546875 0.020833333333333332 0.040625 0.041666666666666664
0 0.27798873546511627 0.4760295542635659 0.03671875 0.059375
0 0.47205010775862066 0.6104076867816093 0.02155172413793105 0.029184626436781613
0 0.2390534156976744 0.873389050387597 0.022256540697674375 0.030111434108527155
0 0.8511112607758623 0.4591235632183909 0.03457704741379288 0.0470905172413793
0 0.9331634963768117 0.15668276972624798 0.0296875 0.03958333333333333
1 0.9393086534657353 0.2897706094869232 0.03850225828592126 0.06625619481925703
1 0.7298289331896551 0.5612428160919541 0.06903286637931041 0.04669540229885053
1 0.9024515086206895 0.7727550287356323 0.0416756465517242 0.037643678160919576
1 0.6090570494186047 0.6672359496124031 0.03897165697674421 0.049975775193798457
1 0.5326915848035284 0.20571101412621065 0.026211657979149993 0.04834808669010752
1 0.5882921294761274 0.03345007183908046 0.04768837035809011 0.06420617816091954
1 0.25979287790697675 0.24405281007751936 0.044367732558139486 0.06300872093023256
1 0.34923895474137934 0.5681663074712643 0.03751346982758621 0.05889008620689668
1 0.3176326308139535 0.45603197674418605 0.054051598837209315 0.07509689922480618
1 0.36456213662790693 0.3146196705426357 0.05012718023255811 0.04421027131782947
1 0.5506147922284013 0.9747236967756432 0.03614964259633755 0.04425415683631044
1 0.6530704941860466 0.8183260658914728 0.030886627906976827 0.05666182170542638
1 0.33291242732558135 0.6911216085271318 0.041660610465116266 0.05428779069767439
1 0.2272438226744186 0.750968992248062 0.0449672965116279 0.043604651162790733
1 0.511322463768116 0.08957326892109502 0.027928743961352698 0.06139291465378423
1 0.9717807112068966 0.3787266522988506 0.03636853448275836 0.12437140804597699
1 0.815619338768116 0.15226952495974236 0.03829634661835755 0.05796095008051529
2 0.8685556310386474 0.583907004830918 0.08188028381642525 0.06910225442834145
2 0.037716868729097006 0.380120269726248 0.055001045150501617 0.08315720611916268
0 0.15803583340355015 0.9010165056360709 0.03703823657454217 0.047805958132045016
0 0.024894323671497576 0.8044660829307569 0.020259661835748777 0.023515499194847085
0 0.0555498943236715 0.7667396336553945 0.02461881038647341 0.027511070853462154
0 0.18952579941860465 0.7852955426356589 0.013135901162790708 0.018992248062015448
1 0.09286307367149757 0.64699577294686 0.03755283816425119 0.03451086956521744
0 0.015436292270531393 0.7672101449275363 0.030872584541062786 0.048913043478260816
0 0.49629579741379304 0.4573006465517242 0.03300107758620685 0.04265445402298855
0 0.43382117080994387 0.29841849605720394 0.03604839113873286 0.051510709035017456
0 0.4093295784883721 0.22718023255813952 0.032358284883721035 0.044670542635658915
0 0.2518077761627907 0.18103197674418603 0.03308502906976747 0.057025193798449614
0 0.1714598429951691 0.32357085346215786 0.037364130434782615 0.05434782608695651
2 0.158583733974359 0.03298611111111113 0.07185496794871797 0.06597222222222227
3 0.10919006642512077 0.14053442028985508 0.01320199275362317 0.016837761674718208
3 0.0863677536231884 0.20726398953301128 0.041485507246376785 0.05422202093397743
3 0.00618961352657004 0.19650764895330114 0.01237922705314008 0.042773752012882436
3 0.2671875 0.058854166666666666 0.0203125 0.026041666666666668
0 0.7385169719827587 0.2895204741379311 0.03818696120689653 0.047755028735632206
0 0.2877361918604651 0.5140503875968992 0.01845930232558137 0.023255813953488413
0 0.41277740036231886 0.7037590579710146 0.013507699275362306 0.021648550724637634
0 0.44826239224137937 0.8092856616563514 0.01524784482758621 0.021155688181550284
0 0.36411397771317827 0.7901122416020672 0.011052567829457339 0.017401485788113645
0 0.4960392441860465 0.9022407945736435 0.026090116279069785 0.03296996124031004
1 0.42638394647153166 0.7850988740498565 0.026528668805132227 0.041821311318103585
1 0.4943022629310345 0.8598239942528736 0.04641702586206895 0.05118534482758612
0 0.5603924418604651 0.7187257751937984 0.025472383720930303 0.034205426356589186
0 0.6063375538793103 0.8043627622961775 0.03419989224137927 0.04985924552258751
0 0.628125 0.8239583333333333 0.0296875 0.041666666666666664
0 0.4390625 0.686531007751938 0.0390625 0.05
0 0.6463770068090955 0.11265851449275364 0.02201047913543226 0.035099637681159424
0 0.931640462320923 0.3955314009661836 0.0342130367108112 0.04629629629629631
0 0.9484157335394805 0.5066616998658791 0.02934606915292335 0.03438191427790389
0 0.9292160560344828 0.5786490568818154 0.02047413793103452 0.02714872531682886
3 0.6590479651162792 0.7345445736434109 0.0352834302325582 0.04011627906976744
3 0.9378319303889722 0.9242958815731025 0.03390739526070323 0.047061972485979216
3 0.5163517441860466 0.2987990086463924 0.02816133720930223 0.03588066487775781
3 0.8683054956896552 0.6678430316091954 0.040598060344827755 0.045420258620689796
0 0.9142621397634517 0.6787144622133378 0.016886348492420745 0.021881420400910657
0 0.9288725754310345 0.5213182471264368 0.010385237068965835 0.014295977011494246
0 0.7062497003678394 0.4130118100671886 0.02907668622084305 0.045025230440335365
0 0.46974676724137937 0.3542564655172414 0.01336206896551726 0.019755747126436834
0 0.46414488522453895 0.43631298449612405 0.019694767441860515 0.026114341085271362
0 0.23984375 0.5135416666666667 0.040625 0.05625
0 0.3902130738773056 0.8521649876369953 0.016852947072975112 0.017113990243250634
0 0.72578125 0.6463541666666667 0.0296875 0.04479166666666667
0 0.8762247131642514 0.2283162238325282 0.01823294082125617 0.02042069243156203
3 0.05875792572463767 0.6585874597423511 0.026505887681159412 0.03346920289855078
0 0.8679706370772948 0.5118911030595813 0.021871225845410437 0.02794887278582934
1 0.8106674201961519 0.46356812912987955 0.03936020271114442 0.04448730495863178
1 0.8140153556034482 0.5433638649425289 0.0340113146551726 0.0513469827586207
0 0.8276939655172415 0.9285919540229887 0.018776939655172596 0.024102011494253023
