0 0.4206229967948719 0.1979433760683761 0.030548878205128194 0.040544871794871803
0 0.3979967948717949 0.5657852564102565 0.03974358974358978 0.06073717948717956
0 0.8248998397435898 0.47210202991452993 0.04082532051282044 0.05371260683760681
0 0.7172332875457876 0.9008680555555555 0.026842948717948633 0.03358134920634927
2 0.6249198717948719 0.502096688034188 0.09070512820512829 0.07059294871794872
2 0.5983473557692308 0.11765491452991454 0.08375400641025647 0.10763888888888892
2 0.46947115384615384 0.4249866452991453 0.0570512820512822 0.06188568376068382
2 0.7234375 0.34479166666666666 0.05625 0.08958333333333333
2 0.554296875 0.7619791666666667 0.11640625 0.15104166666666666
2 0.46444310897435914 0.6923076923076923 0.0671073717948718 0.1121794871794871
2 0.9819811698717948 0.6629139957264958 0.03447516025641022 0.13624465811965816
2 0.7738095238095238 0.7782547313797313 0.0833333333333334 0.14785561660561655
1 0.54765625 0.6484375 0.0609375 0.051041666666666666
1 0.6013621794871795 0.6348023504273503 0.07772435897435903 0.034561965811965814
1 0.4957331730769231 0.3318776709401709 0.04058493589743595 0.07716346153846161
1 0.8611678685897436 0.5093883547008548 0.046895032051282114 0.06135149572649568
1 0.6881109775641026 0.3581196581196581 0.0597155448717948 0.06207264957264964
1 0.30078125 0.6130208333333333 0.040625 0.06145833333333333
1 0.309375 0.7052083333333333 0.0265625 0.05
1 0.21224959935897436 0.9758413461538462 0.06668669871794877 0.046233974358974333
1 0.24759615384615388 0.8282051282051283 0.08012820512820511 0.07809829059829063
1 0.064453125 0.8046875 0.05078125 0.08645833333333333
1 0.36796875 0.6088541666666667 0.0453125 0.059375
1 0.33203125 0.5677083333333334 0.0390625 0.04583333333333333
1 0.373798076923077 0.2415464743589744 0.06410256410256414 0.05750534188034197
0 0.07338502798507462 0.8690687189054725 0.04229244402985075 0.048554104477611895
0 0.279296875 0.9354166666666667 0.03671875 0.041666666666666664
0 0.240234375 0.0625 0.03359375 0.0375
1 0.7480468750000001 0.2482371794871795 0.04477163461538449 0.04946581196581204
1 0.50078125 0.49635416666666665 0.03125 0.057291666666666664
0 0.670703125 0.6828125 0.02578125 0.030208333333333334
0 0.6582589285714285 0.8999751984126985 0.021279761904761864 0.027430555555555475
0 0.2140625 0.42864583333333334 0.021875 0.026041666666666668
0 0.260546875 0.7828125 0.01953125 0.023958333333333335
