3 0.026793904730327146 0.7643498563218392 0.03477425950486295 0.04601293103448268
3 0.2903527462121212 0.1609059343434343 0.025355113636363624 0.0329861111111111
3 0.04974080023364488 0.15609423676012463 0.04187353971962621 0.051908099688473514
2 0.19609375 0.10260416666666666 0.0640625 0.11354166666666667
2 0.13447473404255322 0.11849512411347517 0.084375 0.08854166666666667
2 0.5175046992481203 0.11345159774436094 0.10455827067669174 0.10815319548872188
2 0.734375 0.19544956140350875 0.0723684210526316 0.11677631578947369
2 0.8870271381578947 0.13516995614035085 0.07874177631578938 0.10575657894736841
2 0.5393619446286473 0.6127721595932802 0.11238187997347478 0.11900696286472143
2 0.976953125 0.6989583333333333 0.04453125 0.13958333333333334
2 0.3300024611536824 0.6967399691358025 0.06413300872711783 0.1080632716049383
2 0.22103987068965517 0.8520833333333333 0.07731681034482762 0.1262931034482758
2 0.22866379310344825 0.7446120689655172 0.08146551724137936 0.09267241379310344
2 0.176171875 0.6057291666666667 0.09296875 0.11354166666666667
2 0.121875 0.6401041666666667 0.06875 0.128125
2 0.3011974299065421 0.035046728971962614 0.08072429906542063 0.07009345794392523
1 0.357879849137931 0.48421336206896554 0.05579202586206895 0.06892959770114947
1 0.5570374503968254 0.47882585573912106 0.03783482142857153 0.05392236259583196
1 0.874717310855263 0.015950520833333332 0.024979440789473804 0.031901041666666664
1 0.07322198275862069 0.569073275862069 0.04644396551724138 0.057686781609195374
1 0.05957704741379309 0.6222701149425288 0.07421875 0.06458333333333334
1 0.242578125 0.4869791666666667 0.05546875 0.08229166666666667
1 0.22219050480769234 0.33177083333333335 0.05531850961538467 0.07604166666666673
0 0.30982071314102566 0.2808092948717949 0.04932892628205132 0.06578525641025644
0 0.5661447860235785 0.4029190560047052 0.033261023190938134 0.0387386075673092
0 0.7300615026595745 0.3295323581560284 0.030236037234042536 0.043949468085106365
0 0.7757785487898579 0.14903336694839286 0.012083413369189434 0.01747462863362784
0 0.8522230193169094 0.2347618825432375 0.015301301791713406 0.017769379121562748
0 0.20028044871794873 0.9745058760683761 0.050560897435897444 0.04890491452991448
0 0.26280776515151516 0.11766098484848485 0.02646780303030303 0.03488005050505049
0 0.3111505681818182 0.19625946969696967 0.021638257575757526 0.026672979797979786
2 0.773046875 0.7151041666666667 0.04765625 0.09479166666666666
2 0.6999399038461538 0.9666266025641026 0.09050480769230766 0.06466346153846156
0 0.3110576923076923 0.8079326923076923 0.018509615384615374 0.02035256410256411
1 0.6682762632978724 0.24128619976359336 0.05563497340425529 0.06382239952718673
0 0.9416357925257731 0.10120274914089347 0.014279961340205993 0.022036082474226816
