3 0.3252203525641026 0.3110576923076923 0.07712339743589744 0.105448717948718
3 0.594501201923077 0.17426549145299147 0.06881009615384608 0.09238782051282048
3 0.5964092548076924 0.3824786324786325 0.08412459935897428 0.10817307692307694
3 0.41097756410256425 0.4419337606837607 0.03782051282051287 0.052029914529914595
3 0.5379707532051283 0.6649038461538462 0.03824118589743595 0.04946581196581204
0 0.83203125 0.2676282051282052 0.03705929487179489 0.05074786324786323
0 0.48710436698717957 0.5612446581196582 0.04632411858974352 0.05646367521367519
0 0.5527093349358975 0.45809294871794876 0.03730969551282044 0.05042735042735043
0 0.6162560096153846 0.8058360042735043 0.04993990384615392 0.06674679487179477
0 0.6026642628205129 0.9707532051282051 0.03705929487179489 0.04674145299145292
0 0.4203125 0.6802083333333333 0.0609375 0.07083333333333333
0 0.9804787660256411 0.6488648504273503 0.037479967948717885 0.06268696581196581
0 0.8481870993589744 0.49914529914529915 0.044811698717948725 0.051709401709401644
1 0.19797676282051282 0.7648771367521368 0.071875 0.08125
1 0.2992688301282051 0.17845886752136753 0.059274839743589734 0.0715010683760684
1 0.35390625 0.23229166666666667 0.0625 0.052083333333333336
1 0.4626702724358974 0.09213408119658122 0.07065304487179498 0.057184829059829106
1 0.7387920673076923 0.3306223290598291 0.05727163461538467 0.07166132478632482
1 0.14383012820512822 0.6824385683760684 0.05328525641025643 0.05771901709401715
1 0.900390625 0.051041666666666666 0.06640625 0.075
3 0.7843299278846153 0.13441506410256415 0.018780048076923083 0.02470619658119658
0 0.6317107371794872 0.623530982905983 0.021033653846153834 0.028044871794871775
0 0.7616486378205128 0.7216880341880343 0.0376001602564104 0.06410256410256411
0 0.100390625 0.9859375 0.04140625 0.026041666666666668
