0 0.647245592948718 0.38293269230769234 0.04204727564102573 0.05785256410256411
0 0.9371995192307694 0.5340544871794872 0.04306891025641022 0.04674145299145304
0 0.2178886217948718 0.10825320512820515 0.047395833333333345 0.059668803418803464
0 0.30806290064102565 0.373798076923077 0.027303685897435905 0.03605769230769228
0 0.4869791666666667 0.8772702991452992 0.038060897435897446 0.057425213675213624
0 0.38331330128205127 0.937366452991453 0.02303685897435903 0.030715811965811923
1 0.26128806089743595 0.08098290598290599 0.05875400641025643 0.06079059829059834
0 0.8270132211538463 0.052096688034188064 0.03908253205128194 0.04110576923076928
0 0.6649138621794872 0.17075320512820513 0.032752403846153834 0.038835470085470135
0 0.40618990384615383 0.48755341880341885 0.04074519230769229 0.05427350427350432
