2 0.8558872767857142 0.39955357142857145 0.07765997023809508 0.10478670634920632
2 0.5386247306034483 0.4913433908045977 0.08102101293103452 0.08915229885057473
2 0.7356770833333334 0.5716145833333334 0.08649553571428567 0.09300595238095231
2 0.9091145833333332 0.5594556051587302 0.11815476190476186 0.12600446428571413
2 0.1067285242595049 0.5700315907751252 0.08813239113616264 0.13112934718538174
2 0.14227505387931033 0.47774784482758625 0.07361260775862069 0.09299568965517242
1 0.6625715430402931 0.6157552083333333 0.10807864010989014 0.08905009920634915
1 0.6782831101190476 0.3918030753968254 0.04875372023809525 0.08804563492063491
1 0.19053744612068962 0.18220186781609193 0.04847790948275861 0.07345545977011492
1 0.04977101293103447 0.03627873563218389 0.04849137931034483 0.06357758620689652
1 0.26274919181034484 0.5942169540229885 0.05418911637931036 0.06989942528735635
0 0.816015625 0.196875 0.03828125 0.05
0 0.8724859775641025 0.12453258547008549 0.03828125 0.05114850427350432
0 0.7246372767857143 0.18862227182539684 0.012779017857142883 0.018216765873015846
0 0.5416165865384615 0.05777243589743589 0.02554086538461542 0.03469551282051282
0 0.451923076923077 0.23799412393162397 0.018028846153846166 0.027216880341880353
0 0.3282294775088418 0.12780172413793103 0.03036755360300618 0.04396551724137929
0 0.409765625 0.05677083333333333 0.02890625 0.034375
0 0.3302383814102564 0.29170673076923076 0.027023237179487226 0.03998397435897445
0 0.04238281249999999 0.5785739942528736 0.04044989224137933 0.04579741379310344
0 0.9343850160256411 0.09955929487179489 0.05070112179487189 0.06103098290598295
0 0.5604054418103448 0.4219827586206897 0.02450161637931032 0.028951149425287367
0 0.7709699805402932 0.7365141369047618 0.031720753205128106 0.04470486111111107
0 0.531310614224138 0.5927083333333333 0.01483028017241379 0.019324712643678056
0 0.07688767545313883 0.3079741379310345 0.01580977840406713 0.021264367816091874
0 0.1349878771551724 0.15299928160919538 0.022184806034482762 0.029489942528735616
0 0.021484375 0.14895833333333333 0.04296875 0.0625
0 0.5513806573275863 0.376885775862069 0.04069234913793105 0.05405890804597699
0 0.5554787660256411 0.2827056623931624 0.042848557692307575 0.052644230769230894
0 0.7902493990384615 0.10543536324786328 0.013551682692307665 0.0194978632478632
2 0.27250134698275863 0.6404085617447687 0.10814924568965516 0.09223953728264091
0 0.8418619791666668 0.283624751984127 0.0359561011904761 0.03778521825396825
1 0.952734375 0.4432291666666667 0.04921875 0.065625
0 0.5115234375 0.060857371794871794 0.025450721153846168 0.03653846153846153
0 0.7759951636904762 0.2310577876984127 0.015159970238095255 0.01891121031746031
0 0.7807477678571428 0.5011222718253968 0.015736607142857118 0.018985615079365085
