0 0.2923768939393939 0.4999789562289562 0.021306818181818166 0.026978114478114535
0 0.3241003787878788 0.6245896464646463 0.03929924242424243 0.04501262626262618
0 0.5244751314333149 0.5982624739369344 0.03355872993912552 0.04448224637073549
0 0.6336021807553956 0.7387627398081534 0.015394559352518034 0.01977667865707424
0 0.7539905575539567 0.6339928057553956 0.037657374100719475 0.049460431654676285
0 0.8468936752988047 0.5838313413014607 0.03299302788844631 0.03984063745019917
0 0.6974058493589744 0.346875 0.03956330128205119 0.04583333333333333
0 0.7466744087837838 0.19036692942942943 0.02818834459459456 0.03499436936936936
0 0.817325505239521 0.2457803143712575 0.019353480538921986 0.02615394211576847
0 0.7108178490990991 0.07890859609609609 0.04086430180180178 0.059900525525525515
0 0.2541529605263158 0.2995888157894736 0.022944078947368406 0.03130482456140348
0 0.2646381578947368 0.19182270580296898 0.030756578947368364 0.03850371120107958
0 0.09062499999999998 0.12955043859649124 0.033388157894736835 0.040241228070175425
0 0.1296875 0.2625 0.025 0.03333333333333333
0 0.15145089285714286 0.6322172619047619 0.014508928571428558 0.020684523809523844
0 0.121875 0.660639880952381 0.010714285714285721 0.016815476190476276
0 0.131640625 0.650967261904762 0.02823660714285716 0.04449404761904769
0 0.18127264492753625 0.7838164251207729 0.03283514492753623 0.05736714975845416
0 0.22156929347826088 0.8305631038647344 0.02697010869565224 0.042376207729468617
0 0.4167125674460431 0.9592700839328536 0.05236623201438846 0.062874700239808
0 0.43046875 0.9057291666666667 0.0453125 0.06979166666666667
0 0.35390625 0.8333333333333334 0.0203125 0.029166666666666667
0 0.308203125 0.9317708333333333 0.04921875 0.06354166666666666
0 0.778515625 0.9692708333333333 0.03671875 0.051041666666666666
0 0.812890625 0.9109375 0.04140625 0.05520833333333333
0 0.8843454307768923 0.6101344621513946 0.04212836155378472 0.061935590969455605
0 0.8721065681137723 0.29821294910179647 0.037972492514970035 0.05851422155688623
0 0.3912417763157895 0.03604714912280702 0.030016447368421063 0.04084429824561404
0 0.48828125 0.0125 0.0375 0.025
2 0.7628237612612613 0.04275056306306305 0.06627252252252251 0.07872560060060059
2 0.4609375 0.23601973684210525 0.06085526315789478 0.0970394736842105
2 0.38915606962481963 0.6886904761904762 0.08006628787878797 0.08543771043771049
2 0.09342105263157893 0.3410635964912281 0.06809210526315787 0.10296052631578943
2 0.83046875 0.196875 0.0703125 0.08541666666666667
2 0.6761522032374101 0.9332546462829735 0.06743480215827331 0.08343075539568344
1 0.5447970360824742 0.4166290807560138 0.05415592783505154 0.06450816151202753
1 0.7151241987179487 0.4484375 0.05256410256410264 0.053125
1 0.7813903443113773 0.4099926511322469 0.045377994011975974 0.08695082548001712
1 0.7708508107188282 0.7234058057421466 0.0535159199988076 0.06697735734064676
1 0.44016102335522883 0.80845866784833 0.06729485976436242 0.06473734056233257
1 0.37097290917266185 0.8136915467625899 0.05961668165467628 0.0851169064748202
1 0.26015625 0.9276041666666667 0.053125 0.08645833333333333
1 0.15178285256410257 0.910409118357488 0.06464081661092533 0.0698822463768117
1 0.1682154605263158 0.38018092105263157 0.05830592105263157 0.07505482456140354
1 0.1459909539473684 0.24594298245614035 0.03943256578947367 0.08925438596491224
1 0.446875 0.0825657894736842 0.059375 0.0651315789473684
1 0.8948142776946106 0.12005364271457086 0.05056605538922145 0.06927395209580839
1 0.889429734281437 0.19607659680638723 0.04917196856287411 0.04534680638722553
0 0.4466899671052632 0.1438048245614035 0.042475328947368315 0.053399122807017536
0 0.4440995065789474 0.17582236842105262 0.024629934210526283 0.026644736842105252
1 0.5397381756756756 0.06880919380919383 0.04369369369369371 0.061330561330561285
0 0.21989820075757577 0.42901880648591173 0.05073390151515152 0.06746743753322697
0 0.596875 0.9869791666666666 0.05625 0.023958333333333335
1 0.980078125 0.022395833333333334 0.03515625 0.04479166666666667
1 0.88125 0.019791666666666666 0.0609375 0.03958333333333333
1 0.623828125 0.5098958333333333 0.04921875 0.06979166666666667
0 0.61015625 0.44635416666666666 0.046875 0.057291666666666664
0 0.588671875 0.3927083333333333 0.03046875 0.0375
2 0.7216080260791367 0.8433340827338129 0.11703574640287764 0.06992655875299741
0 0.2350534539473684 0.06228070175438596 0.047985197368421065 0.05855263157894737
1 0.5295608108108109 0.24239864864864866 0.03096846846846839 0.04729729729729728
