0 0.5855368589743589 0.4547275641025641 0.023866758241758122 0.034455128205128284
0 0.7472527472527473 0.3789491758241758 0.027815934065933946 0.04170482295482293
0 0.7889322916666666 0.3193185286935287 0.021837797619047538 0.030013736263736254
0 0.840234375 0.3465544871794872 0.02065304487179489 0.02377136752136758
0 0.5876488095238095 0.27690972222222227 0.021130952380952372 0.02951388888888887
0 0.7259672619047619 0.05592757936507937 0.027232142857142882 0.03497023809523809
0 0.9847284226190476 0.20317460317460317 0.03046875 0.04603174603174605
0 0.44296875 0.12723214285714285 0.04561011904761898 0.06299603174603176
0 0.196484375 0.10677083333333333 0.02265625 0.023958333333333335
0 0.203515625 0.125 0.04296875 0.04791666666666667
0 0.2864769345238095 0.01984126984126984 0.04014136904761902 0.03968253968253968
0 0.2076264880952381 0.21076388888888886 0.025372023809523813 0.0326388888888889
0 0.29714686355311354 0.343595467032967 0.014337225274725274 0.019158272283272264
0 0.35007440476190477 0.3697420634920635 0.01860119047619051 0.027182539682539718
0 0.18590029761904764 0.3464285714285714 0.034449404761904764 0.043253968253968246
0 0.13404017857142855 0.3434523809523809 0.036979166666666674 0.041269841269841304
0 0.09834306318681321 0.599435286935287 0.02355196886446881 0.033272283272283217
0 0.13549107142857142 0.8720486111111111 0.04449404761904763 0.04965277777777786
0 0.14730282738095238 0.9160218253968253 0.031287202380952374 0.040972222222222264
0 0.25595238095238093 0.8540178571428572 0.0401785714285714 0.04593253968253954
0 0.3068824404761905 0.8309275793650793 0.01867559523809521 0.026636904761904744
0 0.3204427083333333 0.9398561507936507 0.04296875 0.04479166666666667
0 0.33266369047619043 0.9746031746031745 0.023660714285714278 0.034920634920634915
0 0.34921875 0.9395833333333333 0.0453125 0.05
0 0.28364955357142857 0.692782738095238 0.014546130952380932 0.01919642857142847
0 0.5232514880952381 0.7374751984126984 0.018973214285714236 0.023065476190476157
0 0.5049107142857142 0.6840029761904761 0.02767857142857144 0.04657738095238102
0 0.41875 0.5510416666666667 0.0375 0.04375
0 0.363671875 0.5432291666666667 0.03984375 0.051041666666666666
0 0.38828125 0.5432291666666667 0.0390625 0.05520833333333333
0 0.848929716117216 0.8486149267399268 0.028331043956043977 0.04086538461538455
2 0.8373697916666668 0.16431051587301587 0.04996279761904763 0.0642361111111111
2 0.9474859775641026 0.09726991758241758 0.06782566391941405 0.06339667277167277
2 0.27976190476190477 0.783531746031746 0.05357142857142856 0.12460317460317458
2 0.46658796932234436 0.7322134462759462 0.047478823260073265 0.061366758241758156
2 0.8600761217948719 0.7642895299145299 0.06109775641025639 0.09107905982905985
2 0.9270833333333333 0.9481837606837605 0.07142857142857136 0.07585470085470085
1 0.8686941964285715 0.04330357142857143 0.042373511904761865 0.0681547619047619
1 0.835249255952381 0.5083562271062271 0.040811011904761864 0.11027167277167275
1 0.7043340773809523 0.8095486111111111 0.036644345238095254 0.07534722222222215
1 0.544735863095238 0.6334821428571428 0.05933779761904763 0.05248015873015864
1 0.1357514880952381 0.7798115079365079 0.055877976190476186 0.06954365079365085
1 0.08658854166666666 0.844890873015873 0.03776041666666667 0.09394841269841266
1 0.21465773809523808 0.4144345238095238 0.07663690476190474 0.056051587301587345
1 0.284970238095238 0.2935267857142857 0.043154761904761904 0.05580357142857141
2 0.698046875 0.2833333333333333 0.05390625 0.08958333333333333
2 0.7549479166666666 0.16054067460317462 0.08980654761904754 0.08566468253968254
2 0.6688415750915752 0.7426930708180708 0.054945054945055014 0.056814713064713133
1 0.7074891254578755 0.470631105006105 0.06121222527472518 0.05675366300366302
1 0.9350446428571428 0.5235863095238096 0.042113095238095255 0.05798611111111107
0 0.909375 0.5239583333333333 0.028125 0.03958333333333333
0 0.911328125 0.8072916666666666 0.03515625 0.04375
0 0.7077123397435898 0.9785122863247864 0.03729967948717956 0.04089209401709404
1 0.9082403273809524 0.7435515873015873 0.038206845238095255 0.09623015873015876
1 0.5064102564102564 0.25530753968253966 0.024381868131868066 0.04890873015873014
1 0.6181891025641025 0.35062767094017094 0.04607371794871797 0.04500534188034191
2 0.3957589285714285 0.9466021825396825 0.04181547619047619 0.07504960317460316
1 0.42662831959706954 0.3480387667887668 0.06936240842490848 0.05590659340659343
3 0.13820255265567766 0.2550328144078144 0.03311870421245418 0.051442307692307725
1 0.6339571886446886 0.050595238095238096 0.04458562271062263 0.09325396825396824
1 0.14798964056776556 0.6202132936507937 0.025449290293040282 0.05124007936507932
1 0.239453125 0.6962301587301586 0.04140625 0.03412698412698407
0 0.5713355654761905 0.7043650793650793 0.02250744047619051 0.033730158730158756
0 0.5297247023809524 0.6991815476190477 0.03132440476190475 0.042113095238095255
0 0.03266369047619048 0.8132688492063491 0.034375 0.059970238095238076
0 0.2138764880952381 0.9439484126984127 0.023139880952380933 0.03670634920634915
0 0.19451264880952382 0.9270337301587301 0.012537202380952395 0.016765873015873112
0 0.15965401785714287 0.47760416666666666 0.02421875 0.03229166666666667
1 0.5633527930402931 0.5341002747252747 0.03400869963369955 0.04886294261294258
1 0.6319539835164836 0.4428323412698412 0.051568223443223274 0.06076388888888887
1 0.23539806547619047 0.6349206349206349 0.05264136904761907 0.0615079365079365
1 0.305859375 0.6138392857142857 0.04453125 0.043154761904761925
1 0.319140625 0.6564732142857144 0.04921875 0.04419642857142859
0 0.280859375 0.64375 0.04609375 0.052083333333333336
1 0.4730611836080586 0.5561507936507937 0.046437156593406484 0.05634920634920645
0 0.36284913003663 0.4114010989010989 0.039686355311355295 0.04899267399267408
0 0.23671875 0.2 0.0546875 0.06666666666666667
0 0.7359375 0.8037450396825396 0.029613095238095168 0.0393353174603174
1 0.6994977678571429 0.6986855158730159 0.04743303571428568 0.08278769841269842
1 0.8997395833333333 0.29074900793650793 0.02864583333333339 0.049751984126984124
0 0.9004650297619048 0.32175099206349206 0.023474702380952374 0.029117063492063503
0 0.7300824175824177 0.018973214285714288 0.01900183150183139 0.02554563492063492
0 0.6127046130952382 0.17371031746031745 0.032031249999999914 0.04345238095238093
1 0.546331272893773 0.22433989621489622 0.04355540293040301 0.05185439560439562
1 0.23616071428571428 0.015873015873015872 0.05267857142857144 0.031746031746031744
1 0.18050595238095238 0.47110615079365076 0.04077380952380949 0.07366071428571429
0 0.45302770146520144 0.7833829365079364 0.032932692307692246 0.04434523809523796
0 0.5457188644688644 0.8973424145299146 0.014217032967032939 0.018807234432234428
0 0.09333648122710624 0.1978155525030525 0.027612751831501803 0.03492445054945055
0 0.1986049107142857 0.831374007936508 0.01945684523809521 0.02375992063492068
1 0.6138392857142858 0.7946428571428572 0.04017857142857144 0.08531746031746022
0 0.54183836996337 0.5880074786324786 0.0405219780219781 0.0510149572649573
1 0.39763335622710627 0.42536630036630035 0.042530906593406484 0.06791819291819289
0 0.010844494047619047 0.5735119047619047 0.022953869047619046 0.047420634920634794
