0 0.1421875 0.3723157051282051 0.028125 0.040625
0 0.23434995993589744 0.4462740384615385 0.030999599358974405 0.04735576923076922
0 0.38385917467948716 0.43559027777777776 0.029457131410256476 0.036672008547008576
0 0.43999899839743595 0.4019364316239316 0.03136017628205119 0.034535256410256385
0 0.45908954326923074 0.3041933760683761 0.030238381410256386 0.03637820512820511
0 0.5297976762820513 0.2252938034188034 0.03046875 0.03958333333333333
0 0.03488080929487184 0.11925747863247867 0.037309695512820505 0.0523504273504274
0 0.04765625 0.015625 0.03125 0.03125
0 0.0886668669871795 0.24559294871794876 0.010166266025640991 0.012019230769230779
0 0.10399138621794876 0.2763087606837607 0.03430488782051279 0.052083333333333336
0 0.2889523237179487 0.6954460470085472 0.02846554487179489 0.04580662393162396
0 0.32357271634615387 0.7610576923076924 0.018820112179487224 0.02676282051282044
0 0.4806290064102564 0.7237313034188035 0.01875 0.028125
0 0.5035606971153846 0.7299679487179487 0.02743389423076925 0.030181623931623967
0 0.5640174278846153 0.6776976495726497 0.023707932692307754 0.031891025641025667
0 0.5525691105769232 0.5651041666666666 0.025570913461538412 0.03138354700854696
0 0.9608824118589745 0.16412927350427353 0.032261618589743614 0.04674145299145301
0 0.8861177884615385 0.15050747863247865 0.026542467948717886 0.036591880341880385
0 0.9552283653846153 0.31637286324786323 0.03655849358974361 0.045405982905982904
0 0.7775691105769231 0.05695779914529919 0.025290464743589692 0.038060897435897446
0 0.6183143028846153 0.5248130341880342 0.03330328525641031 0.050534188034188014
0 0.6838391426282051 0.4914529914529915 0.03164062500000009 0.04914529914529915
0 0.8160056089743589 0.656917735042735 0.03255208333333322 0.04139957264957263
0 0.959930889423077 0.8693376068376069 0.0391726762820511 0.04791666666666667
0 0.5973607772435898 0.9067040598290599 0.03496594551282053 0.042841880341880294
0 0.6250651041666666 0.9099893162393163 0.029817708333333304 0.03605769230769233
0 0.2659705528846154 0.8946314102564102 0.03987379807692313 0.04807692307692288
0 0.18638321314102566 0.7332398504273504 0.013752003205128238 0.020966880341880413
0 0.2250600961538462 0.8088274572649572 0.01953125 0.03939636752136752
0 0.4905498798076923 0.6722756410256411 0.027413862179487138 0.03071581196581204
0 0.4528395432692308 0.6315438034188035 0.03973357371794863 0.050747863247863144
0 0.4423427483974359 0.5576522435897435 0.030679086538461586 0.04762286324786326
0 0.273828125 0.40208333333333335 0.03203125 0.03125
0 0.7946864983974359 0.21933760683760686 0.027113381410256387 0.04850427350427354
0 0.8197265625 0.20005341880341884 0.03813100961538467 0.048344017094017123
0 0.6530699118589742 0.11518429487179489 0.01387219551282053 0.02043269230769235
3 0.4986227964743589 0.32473290598290594 0.033804086538461495 0.043429487179487164
3 0.44115584935897434 0.3710336538461539 0.018028846153846166 0.02251602564102561
3 0.3596203926282051 0.3958333333333333 0.024849759615384714 0.032051282051282055
3 0.09422075320512824 0.14046474358974362 0.06035657051282053 0.09674145299145301
3 0.16008112980769235 0.7222222222222222 0.029296875 0.04513888888888881
3 0.07077824519230771 0.5966746794871796 0.021604567307692335 0.03234508547008552
3 0.1048677884615385 0.5701121794871795 0.020532852564102567 0.028044871794871775
3 0.20064603365384617 0.7236912393162392 0.01627604166666674 0.02537393162393163
3 0.8950170272435898 0.5929086538461538 0.025771233974358942 0.03720619658119671
3 0.9559545272435898 0.062246260683760705 0.018078926282051277 0.024813034188034246
1 0.6677684294871795 0.2596153846153847 0.04957932692307691 0.0440705128205128
1 0.8317958733974358 0.43867521367521367 0.036027644230769165 0.07724358974358977
1 0.49334935897435894 0.17751068376068377 0.027323717948717973 0.057478632478632455
1 0.583829126602564 0.22029914529914532 0.047966746794871805 0.0572649572649573
1 0.18900240384615388 0.249198717948718 0.0390625 0.05288461538461545
1 0.02877103365384618 0.35678418803418804 0.0475260416666667 0.04871794871794878
1 0.05078125000000004 0.8415464743589743 0.0636017628205128 0.07678952991452993
1 0.3989533253205128 0.6918669871794872 0.046344150641025636 0.04452457264957275
1 0.40283954326923077 0.729059829059829 0.05459735576923084 0.04935897435897445
1 0.4485326522435898 0.8388755341880342 0.025310496794871806 0.058092948717948664
1 0.3371444310897436 0.5270432692307693 0.061788862179487224 0.06877670940170942
1 0.5848507612179488 0.6221955128205129 0.03412459935897436 0.05074786324786326
1 0.7172225560897436 0.4939236111111111 0.03680889423076925 0.08026175213675218
1 0.8306239983974357 0.8077724358974359 0.03937299679487172 0.057532051282051334
1 0.9305639022435898 0.6599225427350428 0.03881209935897427 0.04607371794871788
1 0.3117538060897436 0.46284722222222224 0.03566706730769229 0.04188034188034185
0 0.7596654647435898 0.40918803418803423 0.03305288461538458 0.03872863247863248
0 0.7137169471153846 0.6633012820512821 0.03580729166666678 0.05133547008547008
0 0.6389723557692307 0.7537393162393163 0.025040064102564052 0.03872863247863248
1 0.24578826121794872 0.33840811965811973 0.04918870192307696 0.040064102564102554
0 0.6051682692307692 0.4841880341880342 0.014523237179487137 0.01912393162393157
0 0.6339292868589743 0.4922142094017094 0.018098958333333394 0.023584401709401702
0 0.6775791266025641 0.37646901709401714 0.033964342948717884 0.042735042735042764
0 0.8432542067307691 0.9003739316239316 0.01611578525641022 0.02323717948717956
0 0.9155098157051281 0.794911858974359 0.011828926282051278 0.02048611111111119
0 0.7109925881410256 0.8647569444444444 0.020222355769230836 0.02235576923076934
0 0.1848607772435898 0.5974759615384616 0.03582732371794874 0.04943910256410267
0 0.5869140625 0.7672542735042734 0.041015625 0.055074786324786254
1 0.5403094951923076 0.8404780982905983 0.02905649038461542 0.05862713675213674
0 0.16699218750000003 0.4437366452991453 0.011468349358974405 0.01637286324786326
0 0.3707381810897436 0.30396634615384616 0.03065905448717956 0.04217414529914538
0 0.7890675080128206 0.6011351495726497 0.018739983974358942 0.020646367521367517
0 0.8183143028846154 0.4981837606837607 0.02793469551282044 0.03434829059829063
0 0.9161007612179487 0.7109642094017095 0.044701522435897444 0.0548344017094017
0 0.5047425881410257 0.38189102564102567 0.04810697115384617 0.05993589743589751
0 0.05234375 0.07395833333333333 0.0375 0.041666666666666664
0 0.1532502003205128 0.08887553418803422 0.023928285256410286 0.03565705128205132
