0 0.8491143254950495 0.16296410891089108 0.046666150990099096 0.05938531353135315
0 0.9627704326923077 0.5321848290598291 0.019170673076922995 0.026976495726495683
0 0.8612880608974358 0.6265491452991453 0.027864583333333394 0.0287393162393163
0 0.8081296410891088 0.7895730198019801 0.03999071782178225 0.049979372937293695
0 0.7136067708333333 0.8742476851851851 0.028515624999999913 0.036888227513227415
2 0.9315771901709402 0.37702546296296297 0.07361111111111107 0.10127314814814804
2 0.828155048076923 0.3685897435897436 0.09368990384615383 0.04967948717948711
2 0.7733373397435898 0.4234775641025641 0.07592147435897419 0.07131410256410249
2 0.5732421875 0.5476006054131054 0.068359375 0.13628027065527065
2 0.18350360576923078 0.2869925213675214 0.05406650641025643 0.08413461538461542
2 0.41015625 0.628125 0.053125 0.09166666666666666
1 0.2721302599009901 0.5550691006600661 0.03698948019801982 0.05444513201320132
1 0.2784112004950495 0.5986334570957096 0.06192759900990099 0.06731641914191423
1 0.6882130456349207 0.8003058862433862 0.0483010912698413 0.08556547619047615
1 0.784765625 0.6895833333333333 0.05859375 0.052083333333333336
1 0.6902544070512822 0.4493456196581197 0.06019631410256414 0.07994123931623935
1 0.724254765070922 0.07817302009456265 0.02890625 0.03854166666666667
2 0.784375 0.11927083333333334 0.078125 0.078125
0 0.794921875 0.734375 0.03984375 0.04791666666666667
0 0.7721788194444444 0.7383101851851852 0.03220486111111116 0.055787037037037024
1 0.7907178217821782 0.6426619224422442 0.0716893564356436 0.058426155115511594
1 0.8620532455889819 0.8228469842176526 0.04244672664381834 0.05975157611915035
1 0.3766243811881188 0.4419467187103326 0.05105198019801973 0.05216266818989587
0 0.108984375 0.9447916666666667 0.02734375 0.03125
1 0.8982572115384615 0.6365384615384616 0.0375 0.08541666666666667
0 0.7171875 0.42552083333333335 0.0234375 0.028125
