1 0.402685546875 0.21080729166666667 0.04462890625 0.04921875
1 0.8203125 0.71875 0.034375 0.06666666666666667
1 0.815576171875 0.777734375 0.06708984375 0.05286458333333333
1 0.605224609375 0.773828125 0.03466796875 0.05390625
1 0.5689039963942308 0.69296875 0.06651893028846159 0.0671875
1 0.102685546875 0.8294270833333334 0.05927734375 0.044270833333333336
1 0.026123046875 0.9037760416666667 0.05224609375 0.08046875
1 0.786083984375 0.62421875 0.03427734375 0.04583333333333333
1 0.1445430871212121 0.4256839225589226 0.021835542929292927 0.04509680134680132
1 0.215771484375 0.6044270833333333 0.03623046875 0.0671875
1 0.393359375 0.709375 0.04140625 0.04791666666666667
2 0.8795535356570513 0.49505208333333334 0.07194761618589744 0.11927083333333334
2 0.715087890625 0.664453125 0.10107421875 0.17526041666666667
2 0.827294921875 0.8494791666666667 0.07490234375 0.10833333333333334
2 0.473193359375 0.779296875 0.05654296875 0.09505208333333333
2 0.3170059974747475 0.6828019781144782 0.05885416666666665 0.0864162457912458
2 0.821728515625 0.09674479166666666 0.05283203125 0.07473958333333333
0 0.941796875 0.6807291666666667 0.02890625 0.046875
0 0.589413060897436 0.3052216880341881 0.0446113782051281 0.058360042735042764
0 0.2949658848096348 0.30739688552188554 0.03506823038073033 0.04387626262626263
0 0.620654296875 0.68671875 0.03115234375 0.040625
1 0.1532354797979798 0.5299084595959596 0.043907828282828285 0.06602483164983172
1 0.39921875 0.0390625 0.0390625 0.06145833333333333
1 0.458203125 0.4947916666666667 0.05078125 0.06666666666666667
0 0.49921875 0.5 0.0328125 0.04375
1 0.738671875 0.8046875 0.05234375 0.046875
0 0.7494243421052631 0.4410910087719298 0.02993421052631575 0.04216008771929823
