0 0.6831330128205128 0.08506944444444446 0.03838141025641031 0.05261752136752142
0 0.6028946314102565 0.7429887820512822 0.03459535256410255 0.056223290598290517
0 0.7515625 0.7724358974358975 0.03774038461538467 0.05074786324786326
0 0.27578125 0.09635416666666667 0.0484375 0.051041666666666666
0 0.19711538461538464 0.2232772435897436 0.03285256410256414 0.043295940170940204
0 0.022135416666666692 0.5987713675213675 0.044270833333333384 0.0642094017094017
1 0.8005909455128204 0.4208199786324786 0.03984375000000018 0.059535256410256504
1 0.6389423076923076 0.6348824786324787 0.0426282051282052 0.048076923076923114
2 0.839453125 0.24010416666666667 0.04609375 0.065625
2 0.15324519230769232 0.31443643162393164 0.054487179487179516 0.05595619658119665
0 0.8891225961538461 0.07609508547008549 0.03505608974358978 0.04118589743589748
0 0.8571514423076924 0.7545673076923076 0.04691506410256423 0.06778846153846156
0 0.20290464743589745 0.1604166666666667 0.03329326923076925 0.05149572649572652
0 0.30905448717948725 0.19421741452991453 0.04334935897435899 0.05868055555555556
