0 0.47355769230769235 0.35054754273504274 0.03725961538461533 0.05317841880341886
0 0.4838040865384616 0.8785790598290598 0.04841746794871806 0.0574786324786326
1 0.6447315705128206 0.6630742521367521 0.057091346153846076 0.11188568376068382
1 0.30106169871794874 0.647502670940171 0.07536057692307696 0.07892628205128212
1 0.5043469551282052 0.2802350427350428 0.06943108974358977 0.08696581196581198
1 0.2296875 0.5208333333333334 0.071875 0.058333333333333334
1 0.247265625 0.5645833333333333 0.05859375 0.09791666666666667
1 0.07331730769230774 0.4606036324786325 0.08012820512820513 0.11351495726495724
1 0.293349358974359 0.1981837606837607 0.10881410256410255 0.109508547008547
0 0.508203125 0.16818910256410258 0.05971554487179498 0.0840277777777778
0 0.14956931089743591 0.19176014957264959 0.049819711538461584 0.06893696581196584
2 0.8993689903846154 0.7609241452991452 0.08066907051282061 0.10315170940170937
0 0.281640625 0.48755341880341885 0.040084134615384626 0.05427350427350432
