2 0.0678385416666667 0.39401709401709406 0.1252604166666666 0.15053418803418808
2 0.141796875 0.428125 0.08828125 0.16666666666666666
2 0.2583533653846154 0.1638354700854701 0.08125 0.11875
2 0.33008814102564105 0.19572649572649575 0.08141025641025643 0.12243589743589745
2 0.41647636217948725 0.09865117521367522 0.06688701923076934 0.08688568376068379
2 0.689833733974359 0.9491319444444445 0.08307291666666669 0.09965277777777774
2 0.4255508814102565 0.8933894230769232 0.07678285256410255 0.11065705128205133
2 0.3686999198717949 0.8881543803418803 0.05791266025641022 0.07839209401709404
2 0.56953125 0.73125 0.090625 0.12083333333333333
2 0.8195112179487181 0.24692841880341884 0.078125 0.09214743589743592
2 0.14758613782051283 0.6837339743589744 0.09184695512820515 0.10795940170940183
2 0.64296875 0.8645833333333334 0.09375 0.08333333333333333
2 0.7182091346153847 0.8008413461538463 0.0723958333333333 0.08474893162393163
2 0.13359375 0.0265625 0.0890625 0.053125
2 0.43125 0.63125 0.1 0.10833333333333334
2 0.471875 0.5572916666666666 0.071875 0.09791666666666667
2 0.5421173878205129 0.515451388888889 0.09204727564102573 0.10034722222222214
2 0.9008713942307693 0.4846955128205129 0.07766426282051278 0.09204059829059835
2 0.5722756410256411 0.10511485042735044 0.07379807692307701 0.08731303418803421
2 0.7939703525641026 0.1287393162393163 0.0731169871794874 0.1068376068376069
2 0.5992788461538462 0.3770833333333333 0.10993589743589745 0.12564102564102572
1 0.7751302083333333 0.4484775641025641 0.04068509615384617 0.04695512820512828
1 0.34443108974358977 0.7278445512820514 0.04671474358974357 0.05980235042735037
1 0.36478365384615385 0.8251869658119659 0.05608974358974361 0.06810897435897433
1 0.24911858974358975 0.5852964743589745 0.08709935897435903 0.09383012820512822
1 0.15106169871794872 0.25761217948717957 0.06486378205128211 0.06276709401709407
0 0.8203826121794873 0.5307959401709402 0.03832131410256423 0.05058760683760693
0 0.577734375 0.6703125 0.03359375 0.042708333333333334
0 0.221875 0.4895833333333333 0.0609375 0.07083333333333333
0 0.070703125 0.31354166666666666 0.03046875 0.03958333333333333
1 0.781630608974359 0.6520299145299145 0.06574519230769216 0.08322649572649574
3 0.8137520032051283 0.7688434829059829 0.03155048076923066 0.0445779914529916
1 0.9849859775641026 0.37118055555555557 0.02846554487179489 0.08402777777777785
0 0.6480869391025641 0.2680021367521368 0.03435496794871806 0.04465811965811971
0 0.459765625 0.521875 0.01953125 0.022916666666666665
1 0.3739583333333334 0.3758012820512821 0.09383012820512833 0.09615384615384617
