0 0.4178385416666666 0.6609375 0.025260416666666695 0.03229166666666667
0 0.959375 0.5270833333333333 0.0234375 0.035416666666666666
1 0.7388020833333334 0.3885416666666667 0.02343749999999991 0.050694444444444466
1 0.7484375 0.5701388888888889 0.034375 0.0569444444444444
1 0.5649038461538461 0.36383547008547007 0.04334935897435903 0.06816239316239318
1 0.5075120192307693 0.2605635683760684 0.0400240384615385 0.05109508547008546
1 0.279296875 0.8109375 0.03046875 0.06770833333333333
2 0.553475560897436 0.5045138888888889 0.060757211538461586 0.09375
2 0.6756510416666666 0.550267094017094 0.0716145833333333 0.09668803418803419
2 0.13268229166666665 0.3368589743589744 0.06640624999999999 0.09572649572649562
2 0.10065104166666665 0.48871527777777773 0.07161458333333333 0.0753472222222222
2 0.6200520833333334 0.725 0.052604166666666695 0.1125
2 0.6087239583333334 0.6466613247863248 0.0903645833333333 0.09834401709401704
1 0.4952524038461538 0.11370192307692312 0.044551282051282025 0.07147435897435901
1 0.3669671474358974 0.1121527777777778 0.06274038461538463 0.058547008547008575
1 0.22786458333333334 0.4559027777777777 0.0421875 0.04930555555555553
2 0.7741486378205128 0.23680555555555555 0.04961939102564097 0.08055555555555556
2 0.3557291666666667 0.4616319444444444 0.09062500000000004 0.10451388888888886
2 0.5359375 0.8901041666666667 0.0671875 0.05520833333333333
