0 0.6536057692307693 0.1367120726495727 0.03133012820512819 0.0454861111111111
0 0.5936498397435898 0.1681356837606838 0.027043269230769253 0.03872863247863248
0 0.4542267628205129 0.1826388888888889 0.03345352564102573 0.04444444444444447
0 0.36160857371794874 0.335536858974359 0.037720352564102555 0.051148504273504376
0 0.1394831730769231 0.31754807692307696 0.041947115384615416 0.052403846153846224
0 0.053285256410256464 0.2510550213675214 0.04407051282051282 0.059855769230769254
0 0.2002303685897436 0.6105902777777779 0.04264823717948722 0.056597222222222264
0 0.19296875 0.5130208333333334 0.0546875 0.065625
0 0.640224358974359 0.3631143162393163 0.034054487179487225 0.044070512820512775
0 0.6256911057692308 0.6208466880341881 0.025060096153846256 0.03875534188034185
0 0.6732772435897436 0.6152777777777778 0.03205128205128203 0.044551282051282115
0 0.756640625 0.7375 0.03515625 0.05416666666666667
0 0.8081830929487179 0.8479033119658119 0.03667868589743595 0.0521100427350427
0 0.9281850961538461 0.8667735042735044 0.04106570512820511 0.0497863247863247
0 0.5534054487179487 0.7854967948717949 0.035416666666666693 0.04599358974358978
0 0.4434094551282052 0.7624198717948718 0.04507211538461533 0.0547542735042736
0 0.44820713141025637 0.8951522435897435 0.04264823717948714 0.059054487179487226
0 0.499609375 0.8921875 0.08515625 0.096875
0 0.34867788461538457 0.7992254273504272 0.034214743589743656 0.04524572649572664
0 0.31229967948717946 0.8565705128205129 0.02083333333333339 0.032051282051282
0 0.35441706730769235 0.4900774572649573 0.04477163461538462 0.05723824786324793
0 0.24436097756410255 0.3121260683760684 0.04653445512820516 0.06591880341880346
0 0.28782051282051285 0.417321047008547 0.04575320512820515 0.06653311965811971
0 0.6133613782051283 0.5328659188034188 0.04370993589743586 0.059802350427350486
3 0.7435797275641025 0.7692708333333333 0.04921875 0.06979166666666667
3 0.1158854166666667 0.491292735042735 0.06710737179487179 0.08408119658119653
3 0.15313501602564103 0.6905982905982905 0.04669471153846154 0.06485042735042737
3 0.3106971153846154 0.6916399572649573 0.06810897435897437 0.08680555555555548
3 0.40844350961538467 0.6817975427350428 0.0729366987179488 0.09115918803418796
3 0.6777844551282052 0.08990384615384617 0.03505608974358978 0.05096153846153853
3 0.739403044871795 0.533667200854701 0.05404647435897427 0.07422542735042738
1 0.2636217948717949 0.047609508547008565 0.06209935897435899 0.0741185897435898
1 0.14296875 0.5432291666666667 0.0609375 0.078125
0 0.5613782051282051 0.9324519230769232 0.03349358974358987 0.04588675213675219
0 0.30339543269230773 0.32415865384615383 0.04609375 0.051041666666666666
0 0.5565905448717949 0.029727564102564122 0.02904647435897436 0.04043803418803424
3 0.9361879006410255 0.26466346153846154 0.023056891025641058 0.032638888888888926
0 0.7561298076923078 0.6887553418803418 0.04663461538461551 0.05165598290598285
