2 0.647265625 0.18489583333333334 0.07421875 0.096875
2 0.6862281976744187 0.44392267938779567 0.05904796511627906 0.08720309083681173
2 0.6428777825342467 0.6511486872146118 0.06313142123287667 0.10438070776255705
2 0.6031644570707071 0.7443384162134162 0.05629734848484853 0.08539724164724163
2 0.1759415064102564 0.2708333333333333 0.05905448717948718 0.07708333333333334
2 0.276171875 0.34375 0.07421875 0.07291666666666667
2 0.4978165064102564 0.4836483952555381 0.06061698717948714 0.08482905982905992
2 0.03203125 0.8875 0.0546875 0.07291666666666667
2 0.8529251453488372 0.4529796511627907 0.07994186046511623 0.09815891472868217
2 0.9248046875 0.36762152777777773 0.06401909722222232 0.078125
2 0.799609375 0.228125 0.05859375 0.0875
2 0.777734375 0.3125 0.04921875 0.08125
2 0.5486578525641026 0.3654647435897436 0.0629407051282052 0.07676282051282056
2 0.0484375 0.5427083333333333 0.078125 0.08333333333333333
1 0.168257705479452 0.07843892694063927 0.04062500000000002 0.05687785388127851
1 0.151953125 0.023958333333333335 0.06015625 0.04791666666666667
1 0.11645633012820511 0.47775106837606834 0.04833733974358978 0.06116452991452987
1 0.351383131377551 0.667233560090703 0.04571906887755106 0.05562641723356011
1 0.49795673076923086 0.7594150641025641 0.05216346153846159 0.05008012820512822
1 0.8078125 0.7171875 0.03125 0.05520833333333333
1 0.2309094551282051 0.623397435897436 0.056931089743589736 0.08028846153846143
1 0.9747612847222221 0.4736255787037037 0.048914930555555715 0.07155671296296291
0 0.8619791666666666 0.09949363425925924 0.03993055555555536 0.07618634259259253
0 0.9212673611111111 0.2144241898148148 0.047222222222222145 0.051765046296296253
0 0.5998197115384616 0.05177617521367524 0.052764423076923174 0.07646901709401714
0 0.348828125 0.7619791666666667 0.03671875 0.042708333333333334
0 0.352897799744898 0.5603616125937554 0.031529017857142884 0.04296725100296529
1 0.409765625 0.16197916666666667 0.06328125 0.07395833333333333
2 0.4017578125 0.5721832482993198 0.05577965561224483 0.06396683673469378
3 0.263671875 0.2265625 0.03984375 0.04895833333333333
3 0.27421875 0.2640625 0.021875 0.028125
3 0.66328125 0.22604166666666667 0.03125 0.04375
1 0.39140625 0.9432291666666667 0.0234375 0.04479166666666667
1 0.084375 0.9859375 0.0328125 0.026041666666666668
0 0.851171875 0.24635416666666668 0.04609375 0.065625
0 0.14921875 0.1625 0.01875 0.025
