1 0.16136818910256412 0.4515491452991453 0.07429887820512823 0.11559829059829063
1 0.442578125 0.5645833333333333 0.07265625 0.075
1 0.61875 0.5286458333333334 0.075 0.103125
2 0.11420272435897436 0.5453258547008547 0.10052083333333336 0.09898504273504281
2 0.7083133012820513 0.5197649572649573 0.10212339743589735 0.21047008547008542
2 0.45162259615384615 0.38006143162393163 0.08673878205128212 0.12769764957264965
1 0.34937900641025643 0.6024839743589745 0.07936698717948713 0.14086538461538456
0 0.54921875 0.12239583333333333 0.059375 0.08229166666666667
0 0.022265625 0.4140625 0.04453125 0.07395833333333333
1 0.5130308493589745 0.20177617521367525 0.06612580128205119 0.08896901709401712
