0 0.4638020833333334 0.1874599358974359 0.04034455128205137 0.04548611111111116
0 0.7346254006410257 0.11137820512820513 0.037560096153846166 0.0480769230769231
0 0.9159455128205127 0.39449786324786335 0.045512820512820615 0.0587606837606837
0 0.9677483974358975 0.5717948717948718 0.04607371794871771 0.06474358974358978
0 0.3803084935897436 0.07586805555555558 0.04507211538461546 0.04965277777777783
0 0.3704126602564103 0.032465277777777794 0.036818910256410174 0.037152777777777736
0 0.3119591346153846 0.5934829059829061 0.03858173076923075 0.05341880341880341
0 0.5030448717948718 0.6368856837606837 0.027964743589743612 0.03872863247863248
0 0.5502232142857142 0.6617311507936509 0.03794642857142856 0.05362103174603175
0 0.526171875 0.6755208333333333 0.02578125 0.03854166666666667
0 0.221484375 0.709375 0.02890625 0.052083333333333336
1 0.05205502717391305 0.06548913043478263 0.0806725543478261 0.08097826086956528
1 0.416796875 0.7986111111111112 0.08026842948717947 0.09455128205128212
1 0.46443309294871804 0.7030715811965813 0.06308092948717947 0.12302350427350425
1 0.5539434523809523 0.3639155982905983 0.09449404761904763 0.07772435897435888
1 0.18264222756410256 0.7028979700854702 0.05078125 0.07395833333333333
0 0.67265625 0.5453125 0.0390625 0.042708333333333334
0 0.8421875 0.8421875 0.0328125 0.059375
0 0.9145633012820513 0.9811832264957265 0.032251602564102554 0.035550213675213625
0 0.8070112179487179 0.9723424145299145 0.035016025641025725 0.05157585470085475
3 0.7674278846153847 0.545405982905983 0.04607371794871788 0.05341880341880341
3 0.9128536092530657 0.8619936826458565 0.03932901337792636 0.05197881828316599
0 0.5635974702380953 0.5317078754578755 0.06625744047619042 0.05944749694749702
