0 0.19848758012820514 0.39517895299145306 0.058153044871794936 0.07609508547008552
0 0.7563000801282052 0.30543536324786325 0.05230368589743595 0.06594551282051289
0 0.32109375 0.08752670940170942 0.04531250000000005 0.058386752136752186
0 0.4914463141025641 0.35619658119658126 0.03914262820512828 0.049893162393162466
1 0.1407051282051282 0.5391826923076923 0.059535256410256435 0.06586538461538467
3 0.6017027243589744 0.5797142094017095 0.0872195512820512 0.11567841880341885
3 0.27636217948717945 0.8532318376068377 0.0826923076923077 0.11618589743589744
3 0.3808092948717949 0.5988247863247864 0.03605769230769225 0.04540598290598297
3 0.49198717948717957 0.12526709401709402 0.03205128205128212 0.04166666666666662
3 0.4882512019230769 0.26372863247863254 0.05755208333333339 0.06923076923076925
1 0.357421875 0.3697916666666667 0.05703125 0.075
0 0.1616486378205128 0.21582532051282055 0.05771233974358978 0.0822382478632479
3 0.04535256410256412 0.39131944444444444 0.057932692307692345 0.07313034188034197
