3 0.4829727564102564 0.7369658119658119 0.044070512820512865 0.054914529914530046
2 0.862109375 0.0515625 0.11484375 0.103125
2 0.617578125 0.440625 0.08984375 0.10416666666666667
2 0.67421875 0.4666666666666667 0.0484375 0.08541666666666667
2 0.324609375 0.5239583333333333 0.09765625 0.11041666666666666
2 0.2112279647435898 0.6473157051282051 0.09276842948717952 0.13004807692307702
2 0.206640625 0.5411458333333333 0.06328125 0.090625
2 0.6028645833333334 0.7139022435897435 0.0807291666666667 0.0992788461538461
1 0.9533482142857143 0.7041914682539683 0.07544642857142847 0.04796626984126983
1 0.925 0.6151041666666667 0.090625 0.07395833333333333
1 0.549609375 0.546875 0.05234375 0.05625
1 0.48671875 0.49114583333333334 0.0609375 0.08020833333333334
1 0.460546875 0.546875 0.04609375 0.03958333333333333
1 0.3244290865384616 0.7310096153846153 0.05466746794871802 0.08018162393162397
1 0.19001402243589746 0.8450854700854701 0.06508413461538462 0.04433760683760693
1 0.12680288461538464 0.7653579059829061 0.05889423076923071 0.05154914529914537
1 0.5409755608974359 0.9472355769230769 0.04425080128205137 0.04569978632478637
1 0.6987379807692309 0.7604166666666666 0.03521634615384626 0.06677350427350426
1 0.8379607371794873 0.32044604700854706 0.07095352564102556 0.06797542735042743
1 0.6157451923076923 0.1698450854700855 0.05897435897435912 0.06469017094017099
1 0.1250801282051282 0.611698717948718 0.06546474358974355 0.06506410256410255
1 0.257421875 0.509375 0.03828125 0.08333333333333333
1 0.53125 0.6802083333333333 0.034375 0.07083333333333333
1 0.703515625 0.5197916666666667 0.03984375 0.035416666666666666
1 0.65234375 0.5296875 0.0578125 0.059375
1 0.630078125 0.5619791666666667 0.05703125 0.06145833333333333
0 0.7035957532051282 0.18985042735042737 0.023497596153846258 0.030021367521367547
0 0.758203125 0.022916666666666665 0.04140625 0.04583333333333333
0 0.53984375 0.0125 0.0453125 0.025
0 0.21154847756410255 0.27023237179487175 0.030028044871794935 0.04553952991452999
0 0.038912259615384644 0.25722489316239316 0.03876201923076929 0.058199786324786375
0 0.011904761904761908 0.465625 0.023809523809523815 0.06875
0 0.492578125 0.6020833333333333 0.02578125 0.03125
0 0.6014423076923078 0.8655048076923078 0.03349358974358978 0.043563034188034186
0 0.6707732371794872 0.9363247863247863 0.02904647435897445 0.03279914529914526
0 0.8029847756410258 0.7075186965811966 0.08313301282051277 0.09511217948717957
0 0.861328125 0.28802083333333334 0.03203125 0.040625
0 0.6171875 0.38177083333333334 0.0421875 0.059375
0 0.4911157852564103 0.4148904914529915 0.044330929487179385 0.051469017094017036
0 0.4170572916666667 0.6749465811965812 0.03167067307692317 0.03205128205128212
1 0.37397836538461543 0.8126869658119659 0.03369391025641026 0.037019230769230894
2 0.9486173115079364 0.8185515873015873 0.05762648809523814 0.08048941798941793
1 0.7 0.43333333333333335 0.04375 0.05
1 0.4014923878205128 0.2903712606837607 0.05679086538461542 0.04532585470085474
1 0.94296875 0.521875 0.0359375 0.05416666666666667
1 0.294921875 0.59375 0.03828125 0.058333333333333334
1 0.880704365079365 0.671957671957672 0.03472222222222214 0.04298941798941804
