1 0.9058677271792763 0.3566744620339912 0.06490928248355257 0.06735283031798242
1 0.92376708984375 0.4666341145833333 0.0311279296875 0.057779947916666664
1 0.5831330128205129 0.6184027777777779 0.03998397435897427 0.04236111111111107
1 0.40960115131578945 0.8834837494376967 0.05111019736842106 0.04766925326135869
1 0.5150540865384615 0.23449519230769234 0.056029647435897535 0.05024038461538464
2 0.6730368589743589 0.1358573717948718 0.09767628205128202 0.11129807692307694
2 0.2874236250345686 0.15062864410490417 0.05078751555586285 0.12075598612647502
2 0.347900390625 0.283935546875 0.081787109375 0.13183593750000003
2 0.2803650442477876 0.030374262536873194 0.07676991150442478 0.06074852507374639
2 0.19918662623355263 0.5981723718475876 0.07366622121710527 0.07997104577850868
2 0.296875 0.7717420789930556 0.109375 0.09209526909722214
2 0.2734675480769231 0.9032051282051282 0.09849759615384616 0.12307692307692311
2 0.518359375 0.9479166666666666 0.10078125 0.10208333333333333
2 0.5513221153846154 0.7749732905982907 0.07860576923076916 0.11244658119658127
2 0.7091488486842105 0.26877741228070173 0.09486019736842097 0.1313048245614035
1 0.6766447368421052 0.32878289473684214 0.03421052631578956 0.061732456140350854
1 0.698046875 0.35208333333333336 0.03984375 0.0625
2 0.8282726939374185 0.07045962806026365 0.05558384941329848 0.11314147834274949
2 0.9146583686440678 0.10319562146892652 0.04833156779661021 0.07062146892655367
2 0.8912841796875 0.23854166666666668 0.06015625 0.06666666666666667
2 0.88135754048583 0.638157894736842 0.04156123481781364 0.07675438596491221
0 0.10444078947368421 0.9698464912280701 0.026315789473684202 0.02960526315789475
1 0.7828125 0.9734375 0.0484375 0.042708333333333334
1 0.741015625 0.7223958333333333 0.03515625 0.051041666666666666
1 0.4354448367387821 0.5669738247863249 0.05152243589743586 0.06103098290598297
1 0.255078125 0.5578125 0.04296875 0.053125
1 0.22591145833333334 0.3258680555555556 0.0533854166666667 0.03368055555555548
1 0.866796875 0.884375 0.05703125 0.06458333333333334
1 0.8234375 0.20859375 0.0390625 0.06875
