0 0.45870548049292664 0.5568067528735632 0.04824097866931911 0.06598419540229893
0 0.3858499461206896 0.5798491379310344 0.04847790948275863 0.05402298850574721
0 0.07195512820512821 0.4086404914529915 0.040785256410256446 0.06519764957264963
0 0.37014222756410253 0.11412927350427347 0.03515625 0.04791666666666665
0 0.22419854525862068 0.7617456896551725 0.026953125 0.03326149425287366
1 0.07684294871794875 0.8769364316239316 0.05504807692307696 0.07946047008547007
1 0.8171073717948719 0.3452857905982906 0.05328525641025639 0.0698450854700854
1 0.7183994391025641 0.30178952991452995 0.04997996794871806 0.05988247863247865
2 0.3219361822289157 0.281425702811245 0.05144013554216866 0.09201807228915666
2 0.38033226656626506 0.2476280120481928 0.08402673192771078 0.11192269076305224
2 0.5525841346153847 0.27932692307692314 0.0911458333333334 0.11014957264957263
2 0.56328125 0.1605654761904762 0.0765625 0.08363095238095246
2 0.866766826923077 0.101295405982906 0.07047275641025638 0.11097756410256415
2 0.95234375 0.14322916666666666 0.09375 0.134375
2 0.693429969879518 0.05638805220883536 0.052710843373493965 0.08777610441767073
2 0.159765625 0.06197916666666667 0.06640625 0.06979166666666667
2 0.03656899231541553 0.2255034561322212 0.05995689488724132 0.0909107584182886
1 0.22310748922413795 0.4014054671382258 0.04529903017241379 0.08943044503389329
1 0.098828125 0.14277510683760683 0.05859375 0.057291666666666664
1 0.8746294070512821 0.3449252136752137 0.08207131410256423 0.08514957264957257
0 0.86015625 0.35833333333333334 0.04375 0.0625
1 0.6582532051282052 0.48409455128205126 0.06209935897435894 0.09057158119658126
3 0.1453826121794872 0.1901842948717949 0.06420272435897441 0.09078525641025645
3 0.11113782051282053 0.055448717948717974 0.04959935897435893 0.07243589743589739
3 0.9371895032051281 0.09333600427350429 0.04905849358974361 0.06541132478632475
3 0.704146807305482 0.7381023430592396 0.03553720435455352 0.04283267020335989
1 0.4270032051282051 0.12679982751518898 0.06033846926166202 0.062414401194521706
0 0.16556438577586205 0.42225215517241377 0.03915678879310345 0.04953304597701145
3 0.163671875 0.3145833333333333 0.08203125 0.10208333333333333
0 0.48393723060344823 0.6260955459770116 0.026064116379310408 0.03875718390804603
0 0.25433693910256416 0.06382211538461541 0.04461137820512824 0.0523771367521368
1 0.616796875 0.021354166666666667 0.05234375 0.042708333333333334
1 0.3536974676724138 0.6823096264367817 0.06025053879310347 0.06282327586206891
