2 0.2606069711538462 0.5923744658119658 0.07213541666666665 0.06899038461538468
1 0.11528445512820513 0.3868456196581197 0.07231570512820515 0.09810363247863255
1 0.084375 0.43072916666666666 0.05 0.10104166666666667
1 0.47900641025641033 0.2501068376068376 0.05801282051282062 0.06645299145299143
1 0.8505608974358975 0.279286858974359 0.05208333333333339 0.06482371794871801
0 0.9147235576923076 0.6721821581196582 0.0399439102564104 0.05360576923076934
0 0.9305488782051283 0.18091613247863247 0.03633814102564088 0.04254807692307697
1 0.40915464743589747 0.17056623931623932 0.056690705128205066 0.09529914529914532
1 0.34420072115384615 0.9552751068376069 0.06320112179487176 0.07187499999999988
1 0.9724659455128204 0.6904380341880342 0.053505608974358944 0.07852564102564112
