0 0.2856134331058726 0.49568557003032804 0.028132108147229173 0.03517455886407503
0 0.44815705128205136 0.1180555555555556 0.021554487179487224 0.029380341880341866
0 0.32149439102564104 0.13962339743589744 0.02047275641025643 0.03165064102564106
1 0.8575721153846155 0.3390758547008547 0.03605769230769233 0.05475427350427348
1 0.7287159455128205 0.4619123931623932 0.041366185897435945 0.05747863247863248
1 0.3883266715116279 0.48440388342277885 0.047111191860465154 0.04500037268932614
1 0.24008413461538466 0.22355769230769235 0.0530849358974359 0.05608974358974361
1 0.37865584935897434 0.7604567307692308 0.04236778846153846 0.042654914529914593
0 0.720703125 0.790758547008547 0.02734375000000009 0.039316239316239295
0 0.2839342948717949 0.8606169871794871 0.025480769230769296 0.03197115384615389
1 0.2726161858974359 0.3267628205128206 0.0401041666666667 0.052670940170940206
3 0.6815304487179488 0.37847222222222227 0.023557692307692245 0.040064102564102554
3 0.979266826923077 0.7938034188034189 0.019030448717948723 0.024038461538461557
