0 0.5450020032051283 0.1948450854700855 0.0361979166666667 0.04674145299145298
0 0.7934595352564103 0.02950053418803421 0.04809695512820529 0.05691773504273509
0 0.8482371794871796 0.17243589743589746 0.0407051282051281 0.06752136752136752
0 0.1263321314102564 0.8682558760683762 0.03820112179487185 0.051415598290598295
0 0.1859975961538462 0.8288728632478632 0.03505608974358974 0.05272435897435912
0 0.22040264423076925 0.9493856837606837 0.042367788461538505 0.04139957264957263
0 0.46920072115384615 0.827457264957265 0.04957932692307691 0.06356837606837604
0 0.441796875 0.7418135683760684 0.038281250000000086 0.06428952991452992
0 0.20184294871794872 0.6413461538461539 0.03741987179487176 0.05384615384615377
0 0.31513421474358977 0.7253071581196582 0.041205929487179514 0.04730235042735036
0 0.31875 0.7598958333333333 0.04375 0.051041666666666666
0 0.523828125 0.6734375 0.04296875 0.057291666666666664
0 0.5419270833333334 0.7004139957264958 0.046354166666666696 0.06124465811965815
0 0.5404346955128205 0.4498130341880342 0.029306891025641057 0.04962606837606843
0 0.7255408653846154 0.6247863247863248 0.041706730769230836 0.05459401709401703
0 0.6515625 0.48125 0.04375 0.06041666666666667
0 0.6504206730769231 0.7617788461538461 0.04571314102564106 0.05336538461538467
0 0.3098357371794872 0.9580795940170942 0.041786858974358985 0.053392094017094036
1 0.6055689102564102 0.5454193376068377 0.03725961538461542 0.0720886752136753
1 0.38442508012820514 0.8571047008547008 0.07489983974358987 0.06570512820512822
1 0.7147235576923077 0.20341880341880345 0.04130608974358987 0.06164529914529915
1 0.6479066506410257 0.18663194444444448 0.04272836538461542 0.05782585470085471
0 0.6478665865384615 0.35567574786324785 0.03279246794871797 0.04292200854700864
0 0.2891726762820513 0.8463408119658119 0.03102964743589749 0.041826923076923234
3 0.8565705128205128 0.6493589743589744 0.050080128205128284 0.06987179487179489
1 0.6926282051282051 0.8994524572649573 0.06874999999999991 0.07182158119658126
