2 0.8659455128205128 0.6231971153846153 0.08485576923076917 0.08480235042735049
1 0.6003495065789473 0.6455592105263157 0.04107730263157885 0.06304824561403505
1 0.5995065789473684 0.73134559154296 0.05592105263157885 0.06472109761583435
1 0.4200188723009447 0.704109733468286 0.052231992240215866 0.05778930499325234
1 0.5148231907894736 0.8524867858749439 0.04107730263157885 0.0724387089518667
1 0.39037459935897434 0.4529513888888889 0.05518830128205123 0.07951388888888881
1 0.2259662828947368 0.6636787280701754 0.047327302631578985 0.0673793859649122
1 0.10686677631578947 0.38527609086819614 0.034621710526315776 0.05729869545659009
1 0.22756990131578947 0.17637061403508772 0.04732730263157894 0.09024122807017543
1 0.81640625 0.3614583333333333 0.059375 0.058333333333333334
1 0.2911215840080971 0.026435278902384167 0.045223937246963566 0.05019961763382816
1 0.4961143092105263 0.020805921052631578 0.04066611842105257 0.03952850877192982
1 0.6094161184210526 0.06018752811515971 0.03281249999999991 0.055063540260908636
1 0.05403382253711203 0.3645010964912281 0.05393893387314434 0.07691885964912278
1 0.14666097334682862 0.719756522717049 0.05125042172739536 0.07035537561853349
1 0.95859375 0.6734375 0.04375 0.05520833333333333
1 0.791015625 0.7651976495726497 0.04296875 0.05988247863247871
1 0.8204427083333334 0.4877003205128206 0.03619791666666679 0.05665064102564106
1 0.5660920630904183 0.16387061403508774 0.055315873819163294 0.04945175438596493
0 0.744921875 0.8828125 0.04609375 0.05520833333333333
0 0.6317434210526315 0.8558114035087719 0.03914473684210522 0.0570175438596492
0 0.6193667763157894 0.27653368196131356 0.031003289473684158 0.037941408007197426
0 0.31940789473684206 0.5805646929824562 0.03470394736842106 0.05049342105263151
0 0.04111842105263157 0.5328736504723346 0.03289473684210526 0.03622638326585695
0 0.021525493421052627 0.746655701754386 0.021093749999999998 0.027521929824561416
0 0.5010690789473684 0.21233552631578947 0.014309210526315752 0.02050438596491227
0 0.06642680921052632 0.12672697368421051 0.02183388157894737 0.030537280701754366
0 0.715625 0.04635416666666667 0.0125 0.015625
0 0.950390625 0.796875 0.02421875 0.035416666666666666
0 0.3885316506410257 0.7922542735042735 0.028625801282051368 0.05117521367521374
0 0.3126644736842105 0.7094298245614035 0.012828947368421018 0.017543859649122712
0 0.26095805921052634 0.6895833333333333 0.03203125 0.041666666666666664
0 0.6190800016869096 0.45895186684660366 0.023353154520917574 0.028368196131353923
3 0.5624530828272605 0.4949933929374719 0.020653044871794802 0.028653565002249158
0 0.667004048582996 0.17222643949617636 0.012209008097165963 0.016292735042734978
3 0.890625 0.6796875 0.0234375 0.030208333333333334
0 0.798828125 0.0875 0.02578125 0.03125
0 0.10080180921052632 0.26584429824561406 0.03828125 0.058333333333333334
1 0.950390625 0.16510416666666666 0.04296875 0.053125
