0 0.253114983974359 0.06398237179487182 0.035036057692307755 0.04671474358974364
0 0.11179887820512824 0.36065705128205133 0.03489583333333331 0.040972222222222264
0 0.6053385416666667 0.6247863247863248 0.028385416666666607 0.04957264957264963
0 0.862109375 0.6291666666666667 0.03671875 0.04375
0 0.7916266025641026 0.8681757478632479 0.03237179487179489 0.03656517094017093
1 0.3828125000000001 0.297142094017094 0.04206730769230771 0.07238247863247858
1 0.40180777616279073 0.3883842054263566 0.04558502906976738 0.08321220930232555
1 0.23868189102564105 0.13902243589743593 0.03786057692307691 0.04620726495726497
1 0.784775641025641 0.3003872863247864 0.0374198717948719 0.06268696581196581
1 0.6696514423076924 0.2391025641025641 0.03930288461538467 0.04636752136752141
1 0.8810997596153847 0.2665731837606838 0.06913060897435912 0.06354166666666673
1 0.77734375 0.6046875 0.0609375 0.096875
1 0.36484375 0.484375 0.0484375 0.04791666666666667
1 0.39140625 0.6192708333333333 0.034375 0.065625
1 0.22332732371794872 0.7048611111111112 0.08259214743589745 0.07638888888888892
1 0.5165727759835584 0.7549216660142233 0.052135936582501506 0.03882079010895805
2 0.6352163461538461 0.14569978632478633 0.11017628205128202 0.1663995726495727
2 0.676171875 0.03125 0.07109375 0.0625
2 0.303125 0.5958333333333333 0.08125 0.12916666666666668
2 0.3048157204198474 0.8791269083969465 0.06653745229007639 0.08939249363867686
2 0.3473371898854962 0.8408235874600379 0.06260138358778633 0.09920524238272334
2 0.701574427480916 0.9277910305343511 0.07931774809160305 0.10974872773536895
2 0.8842648237179487 0.8903846153846153 0.06740785256410256 0.13173076923076923
1 0.2057594476744186 0.3888929263565892 0.03524709302325579 0.04585755813953494
1 0.17156450320512823 0.3590010683760684 0.07594150641025643 0.06030982905982914
1 0.4356750954198473 0.9629810750636132 0.031774809160305305 0.07195451653944017
1 0.536328125 0.5375 0.06171875 0.07083333333333333
1 0.7442608173076923 0.486431623931624 0.04633413461538467 0.06452991452991459
1 0.026031650641025667 0.5469150641025641 0.04449118589743596 0.05841346153846156
2 0.8666566506410256 0.14009081196581202 0.06824919871794873 0.0814636752136752
1 0.36074719551282053 0.11471688034188038 0.05614983974358974 0.07077991452991453
1 0.27431891025641025 0.5052083333333334 0.0421875 0.05
1 0.6219393778136622 0.7821868679454558 0.07160311460168325 0.08250350688327793
0 0.6375 0.7989583333333333 0.025 0.03333333333333333
0 0.5352964743589743 0.7044337606837607 0.039583333333333394 0.04519230769230778
0 0.4958032852564102 0.5932959401709402 0.018409455128205198 0.02441239316239295
1 0.986328125 0.23333333333333334 0.02578125 0.07708333333333334
1 0.975390625 0.14322916666666666 0.04765625 0.053125
0 0.6334088740458015 0.8877862595419848 0.03005725190839694 0.03390585241730288
1 0.821875 0.5604166666666667 0.0390625 0.05
1 0.622265625 0.309375 0.03515625 0.05416666666666667
