1 0.8918970352564102 0.3502270299145299 0.08359375 0.09655448717948717
1 0.44296875 0.14791666666666667 0.0734375 0.07708333333333334
2 0.45142227564102566 0.20466079059829062 0.10917467948717952 0.1072382478632479
2 0.4317107371794872 0.5438969017094017 0.11654647435897444 0.12321047008547008
2 0.7441706730769231 0.39415064102564107 0.09459134615384616 0.14492521367521374
2 0.47109375 0.8635416666666667 0.1015625 0.11041666666666666
2 0.24509214743589744 0.47629540598290604 0.09515224358974357 0.10884081196581204
1 0.124609375 0.9380208333333333 0.09609375 0.09270833333333334
0 0.7895032051282052 0.8074652777777779 0.04799679487179489 0.07417200854700863
0 0.9459935897435898 0.797142094017094 0.04863782051282044 0.057425213675213624
0 0.132421875 0.07447916666666667 0.06328125 0.08020833333333334
0 0.666796875 0.3484375 0.03984375 0.05520833333333333
1 0.6018629807692308 0.2608440170940171 0.07752403846153841 0.11997863247863245
1 0.56015625 0.825 0.071875 0.08541666666666667
0 0.250390625 0.40260416666666665 0.05234375 0.046875
