0 0.33160199175824173 0.42412622100122105 0.034712683150183124 0.04460470085470079
0 0.09019886363636365 0.4230705492424242 0.037997159090909095 0.0461410984848485
0 0.14838169642857144 0.5547924297924298 0.01104910714285714 0.013431013431013383
0 0.1361235119047619 0.7318204365079365 0.022395833333333327 0.03239087301587299
0 0.20347556089743585 0.6934008699633699 0.01864411630036633 0.023912545787545744
0 0.05768229166666666 0.828844246031746 0.020052083333333325 0.02485119047619051
0 0.013671875 0.6817708333333333 0.02734375 0.03854166666666667
0 0.009765625 0.446294981060606 0.01953125 0.035203598484848504
0 0.3241298272357723 0.09159468157181569 0.02501270325203251 0.038524728997289946
0 0.29679878048780484 0.10083841463414632 0.012347560975609762 0.01834349593495932
0 0.328125 0.16765873015873017 0.028273809523809534 0.03769841269841268
0 0.5496157266260162 0.07248052168021678 0.032628302845528444 0.04287771002710025
0 0.8972096094491928 0.16197768281101615 0.0469269349477683 0.06647673314339975
0 0.9676153273809522 0.6213045634920635 0.024590773809523903 0.033184523809523844
0 0.834672619047619 0.6840525793650793 0.02261904761904763 0.030704365079365085
0 0.8725060096153847 0.6273046398046398 0.01986893315018303 0.023168498168498055
0 0.5757131153023007 0.6266695090957731 0.0330975789192081 0.041136637239165455
0 0.5414992559523809 0.6086309523809523 0.027938988095238138 0.032738095238095254
0 0.33221726190476186 0.929563492063492 0.024553571428571397 0.033730158730158756
1 0.20877690018315018 0.4149305555555556 0.03957760989010992 0.0729166666666666
1 0.11454613095238095 0.6277529761904762 0.04322916666666665 0.06393849206349198
1 0.5144688644688644 0.7772817460317459 0.04695512820512819 0.07043650793650803
1 0.47734375 0.9703125 0.05 0.057291666666666664
1 0.6113474151234568 0.1223315329218107 0.03675733024691361 0.05742026748971192
1 0.497265625 0.0609375 0.04609375 0.078125
1 0.129296875 0.03177083333333333 0.04609375 0.06354166666666666
1 0.4334263392857142 0.44320436507936506 0.04237351190476195 0.03224206349206345
1 0.4341145833333334 0.3957837301587302 0.04694940476190466 0.04573412698412695
1 0.731640625 0.5916666666666667 0.03828125 0.058333333333333334
1 0.6078125 0.5723958333333333 0.0359375 0.051041666666666666
1 0.61953125 0.6145833333333334 0.028125 0.06666666666666667
1 0.37565104166666663 0.5820188492063492 0.037388392857142884 0.05024801587301582
1 0.3020089285714286 0.6834325396825397 0.04598214285714288 0.041468253968254015
2 0.35172991071428567 0.33675595238095235 0.05695684523809521 0.09434523809523808
2 0.4337525406504065 0.25448243321718933 0.05957825203252023 0.08230497483546265
2 0.237890625 0.04739583333333333 0.08203125 0.09479166666666666
2 0.13151041666666666 0.8626945970695971 0.09114583333333333 0.060325091575091486
2 0.6851934523809524 0.9587797619047618 0.057886904761904744 0.07033730158730159
2 0.6640438988095239 0.8013583638583639 0.04840029761904763 0.06501831501831508
2 0.7883370535714286 0.7455109126984126 0.04988839285714288 0.07643849206349197
2 0.8989182692307693 0.7371794871794872 0.0646634615384615 0.07852564102564112
2 0.8524925595238095 0.48695436507936507 0.06138392857142847 0.09692460317460322
2 0.7822358630952381 0.5566468253968253 0.0754092261904761 0.06329365079365074
1 0.934375 0.6671875 0.059375 0.06354166666666666
1 0.7891369047619048 0.6861855158730158 0.044047619047619245 0.05689484126984124
1 0.7068080357142857 0.6704861111111112 0.034300595238095165 0.05585317460317458
1 0.8421316964285716 0.9179830586080586 0.038950892857142885 0.07474816849816837
1 0.7921875 0.8854166666666666 0.05 0.05
1 0.5363839285714286 0.9612847222222222 0.044791666666666605 0.04766865079365073
1 0.078515625 0.9515625 0.05390625 0.057291666666666664
1 0.04375 0.9635416666666666 0.03125 0.04375
1 0.459765625 0.3302083333333333 0.03984375 0.05625
0 0.4386532738095238 0.32827380952380947 0.03206845238095237 0.04345238095238096
0 0.8108630952380953 0.8348710317460317 0.04047619047619051 0.040575396825396834
0 0.7578125 0.875 0.0296875 0.03958333333333333
0 0.3906622023809524 0.9395337301587302 0.02224702380952377 0.03561507936507932
0 0.25221211080586076 0.778720238095238 0.04468292124542126 0.05763888888888881
0 0.22245202079424642 0.17818004742547427 0.04290083646028768 0.05844342818428183
0 0.29296875 0.21458333333333332 0.03125 0.035416666666666666
0 0.19358974358974362 0.26419604700854704 0.022195512820512776 0.02785790598290596
0 0.25490785256410253 0.265491452991453 0.025440705128205156 0.030982905982906022
0 0.448046875 0.13678438346883467 0.02578125 0.03229166666666667
0 0.32042047764227644 0.024809451219512186 0.03116107723577235 0.041675135501355
0 0.276171875 0.0640625 0.04296875 0.059375
0 0.185546875 0.07291666666666667 0.03359375 0.04375
1 0.7056423611111111 0.08001543209876542 0.046855709876543285 0.06322016460905353
1 0.6826051311728395 0.17600951646090535 0.06171875 0.06354166666666666
1 0.7249855324074075 0.22157921810699588 0.035175540123456896 0.06044238683127568
1 0.73046875 0.3171875 0.03125 0.04895833333333333
1 0.554315476190476 0.5372023809523809 0.0416666666666667 0.05853174603174598
1 0.508984375 0.3885416666666667 0.05234375 0.07291666666666667
1 0.5687872023809524 0.30806051587301586 0.04694940476190475 0.05262896825396825
1 0.583203125 0.19375 0.05859375 0.04791666666666667
1 0.578515625 0.23645833333333333 0.05859375 0.052083333333333336
3 0.30703125 0.22135416666666666 0.0390625 0.05520833333333333
0 0.05115411931818181 0.1706794507575757 0.020205965909090913 0.03008996212121208
0 0.011487926136363636 0.04411695075757575 0.012535511363636362 0.020430871212121185
1 0.6987723214285714 0.3876488095238095 0.042931547619047536 0.08184523809523808
1 0.459238376908672 0.7187633547008547 0.047716346153846165 0.06461004273504282
1 0.4447730654761905 0.8521329365079365 0.02563244047619042 0.04176587301587299
0 0.3517857142857143 0.6462549603174603 0.024107142857142837 0.038839285714285646
0 0.65859375 0.8458333333333333 0.0359375 0.05416666666666667
0 0.015625 0.6130208333333333 0.0203125 0.028125
0 0.16746794871794873 0.5559161324786325 0.024038461538461585 0.03506944444444452
0 0.011328125 0.5880208333333333 0.02265625 0.053125
1 0.40487351190476184 0.852579365079365 0.035937499999999956 0.04087301587301582
0 0.3325520833333333 0.7198412698412698 0.03281249999999995 0.04642857142857141
0 0.47014508928571425 0.20456349206349206 0.034412202380952286 0.059126984126984125
