2 0.7116125526870392 0.5546375570776256 0.09360181770284522 0.09072488584474889
2 0.8465695112179488 0.3704994658119658 0.0655749198717949 0.09607371794871801
2 0.44877303685897435 0.6443910256410257 0.07432892628205127 0.09246794871794867
2 0.50046423592817 0.4721534363657651 0.0446444448103267 0.08907987940522191
2 0.35067182835001753 0.47167467948717945 0.05977413176150344 0.06866987179487184
2 0.5283859654899894 0.07403077801194241 0.06951231559536356 0.08270767474534606
2 0.4164262820512821 0.275494123931624 0.06097756410256414 0.06973824786324793
2 0.39180805727520196 0.37800114887015573 0.042605840577801146 0.07706394157592793
2 0.153125 0.7791666666666667 0.0703125 0.07916666666666666
2 0.8070462740384615 0.29134615384615387 0.07873597756410255 0.07414529914529909
2 0.23287601626016263 0.7412516937669376 0.09446138211382116 0.09083672086720859
2 0.23268693323952466 0.646070460704607 0.04529686522826766 0.07964092140921401
2 0.3671875 0.753125 0.090625 0.10625
1 0.8799979967948719 0.063661858974359 0.0533052884615385 0.07406517094017098
1 0.2328125 0.1109375 0.059375 0.078125
1 0.7277791041008079 0.7417938107364477 0.07098288768879524 0.0743461684814425
1 0.6337482437653671 0.8452910958904111 0.042863101510361726 0.06141552511415528
1 0.7619533719704952 0.9748785271045546 0.05301633298208648 0.04650362955157483
1 0.9755485489111345 0.6266980593607306 0.03349194327362106 0.04768835616438357
0 0.9651191907051281 0.2867387820512821 0.019781650641025727 0.023210470085470072
0 0.8476362179487179 0.22536057692307696 0.027884615384615508 0.036458333333333336
0 0.5217039729320337 0.3188357993794638 0.027205034905163305 0.03780917047184176
0 0.4567658253205128 0.45970722105139916 0.030218349358974363 0.03785051516215899
0 0.5788211137820513 0.6091212606837607 0.016135817307692334 0.02614850427350438
0 0.5773838141025641 0.6712339743589745 0.02351762820512828 0.03413461538461545
0 0.3135717147435898 0.5805689102564102 0.04433092948717952 0.06322115384615389
0 0.33828125 0.6442708333333333 0.028125 0.03229166666666667
0 0.16596554487179488 0.6348824786324786 0.03104967948717947 0.0427350427350427
0 0.03251788227016888 0.6466844512195121 0.03531992651657282 0.041150067750677505
0 0.4480682791095891 0.8902183219178083 0.02894905821917808 0.0341466894977169
0 0.4294948630136986 0.9115225456621004 0.03398972602739727 0.04596175799086761
0 0.8445112179487179 0.7259081196581197 0.03814102564102573 0.05032051282051301
0 0.04348958333333335 0.01562500000000002 0.027604166666666707 0.03125000000000004
0 0.1765625 0.9260416666666667 0.021875 0.03958333333333333
0 0.1515212144308943 0.8529048102981029 0.04756732723577237 0.06570121951219506
0 0.2109375 0.9572916666666667 0.0484375 0.0625
1 0.2660957532051282 0.9098824786324786 0.04312900641025643 0.07190170940170937
1 0.3100355691056911 0.9608401084010841 0.04086636178861789 0.07623644986449858
0 0.19609375 0.09114583333333333 0.0171875 0.026041666666666668
0 0.243359375 0.04739583333333333 0.03203125 0.03229166666666667
1 0.695703125 0.21458333333333332 0.05390625 0.04583333333333333
1 0.7221746575342467 0.6116723744292237 0.06078767123287667 0.06347031963470316
1 0.8430488782051281 0.8129273504273503 0.06109775641025639 0.07831196581196581
