1 0.3125 0.4552083333333333 0.075 0.07291666666666667
1 0.415234375 0.4354166666666667 0.04765625 0.06666666666666667
1 0.7987980769230769 0.5380608974358975 0.06746794871794873 0.1295405982905983
1 0.6746594551282051 0.8052884615384616 0.04931891025641031 0.09775641025641021
2 0.8881009615384616 0.7851228632478633 0.09919871794871807 0.09748931623931618
2 0.4749399038461538 0.5505074786324787 0.052123397435897535 0.11800213675213674
2 0.21693709935897437 0.29902510683760686 0.055308493589743615 0.10013354700854708
1 0.4800280448717949 0.11071047008547014 0.04619391025641022 0.060096153846153834
1 0.49857772435897446 0.06338141025641028 0.04090544871794881 0.04823717948717944
0 0.510516826923077 0.13360042735042738 0.03305288461538458 0.04636752136752141
0 0.0517828525641026 0.3567174145299145 0.031049679487179495 0.040838675213675305
0 0.1456129807692308 0.7234375 0.053725961538461584 0.07395833333333333
1 0.14843750000000003 0.2124065170940171 0.04607371794871793 0.0757211538461539
0 0.634765625 0.8109375 0.03359375 0.051041666666666666
