1 0.35625 0.4609375 0.0765625 0.059375
1 0.604562348300971 0.6713356256742179 0.05301122572815524 0.056802858683926635
2 0.9290164262820513 0.34575320512820523 0.07946714743589745 0.10283119658119654
2 0.2890625 0.6067708333333334 0.075 0.10729166666666666
2 0.39737978824371417 0.5655653576466684 0.09419673419218322 0.11866701933449507
2 0.1242919921875 0.7933512369791667 0.090771484375 0.117236328125
2 0.09185791015625 0.9686604817708333 0.0848388671875 0.064111328125
0 0.574594594068957 0.5416120809476391 0.024961297298979356 0.031055773379802667
0 0.07955322265625 0.7595133463541667 0.0455810546875 0.05597330729166667
0 0.22431640625 0.8488362630208334 0.0298828125 0.043701171875
1 0.6774939903846153 0.09802350427350431 0.05166266025641031 0.06944444444444443
1 0.5830665958737864 0.31502831715210355 0.05721328883495147 0.0513754045307443
1 0.648046875 0.35572916666666665 0.06640625 0.08020833333333334
0 0.8844053398058251 0.8923948220064726 0.015169902912621325 0.021237864077669855
0 0.7240405036407767 0.7585811084142394 0.029467536407767003 0.03401092233009718
0 0.5458251953125 0.8573486328125 0.03017578125 0.038069661458333334
0 0.4880997095352564 0.7730224609375 0.033816606570512865 0.043961588541666666
0 0.7140776699029125 0.882711367313916 0.026638349514563054 0.03655946601941752
0 0.3796875 0.975 0.0265625 0.03125
1 0.0609375 0.8578125 0.0671875 0.078125
1 0.1359375 0.5265625 0.0546875 0.103125
1 0.7847856570512821 0.16637286324786327 0.05074118589743577 0.06725427350427346
1 0.7940604967948718 0.22652243589743593 0.07093349358974362 0.0822115384615385
0 0.6290238167475728 0.7385416666666667 0.02836013349514559 0.035659385113268625
2 0.94609375 0.1625 0.0890625 0.12916666666666668
1 0.786328125 0.3140625 0.03671875 0.053125
1 0.798828125 0.3494791666666667 0.06015625 0.071875
1 0.59375 0.40989583333333335 0.075 0.059375
0 0.767578125 0.42083333333333334 0.02734375 0.027083333333333334
0 0.774178685897436 0.4527777777777778 0.04459134615384599 0.05705128205128211
1 0.6491239381067961 0.4433252427184466 0.06856037621359219 0.06581715210355986
1 0.728515625 0.3828125 0.05859375 0.07395833333333333
0 0.47109375 0.41302083333333334 0.0296875 0.03854166666666667
0 0.490625 0.41875 0.03125 0.041666666666666664
1 0.422265625 0.3072916666666667 0.04921875 0.058333333333333334
0 0.7675895024271846 0.7622269417475728 0.02277002427184458 0.026719255663430513
0 0.9762553094660195 0.6964552993527509 0.036551881067961214 0.04499393203883505
0 0.9084835737179485 0.9569043803418803 0.02970753205128194 0.042387820512820557
0 0.9482171474358975 0.9580662393162395 0.02303685897435894 0.037393162393162406
2 0.253125 0.5677083333333334 0.0734375 0.11875
1 0.3168212890625 0.7693766276041667 0.04384765625 0.047998046875
1 0.39765625 0.8572916666666667 0.0453125 0.04375
0 0.40234375 0.8005208333333333 0.03125 0.03854166666666667
0 0.255859375 0.4453125 0.01015625 0.015625
