0 0.8204427083333334 0.5686965811965813 0.032191506410256567 0.04155982905982907
0 0.3799479166666667 0.5267895299145299 0.031770833333333345 0.04524572649572652
0 0.3981069711538462 0.34772970085470084 0.03752003205128211 0.042788461538461615
0 0.1773838141025641 0.07801816239316241 0.03425480769230775 0.05069444444444451
2 0.6875 0.16793536324786326 0.06249999999999991 0.07037927350427346
2 0.9457131410256411 0.33573717948717957 0.07612179487179489 0.13087606837606838
2 0.4534455128205129 0.2889957264957265 0.12123397435897432 0.109508547008547
2 0.5564703525641026 0.4776175213675214 0.11742788461538459 0.1275641025641026
2 0.8150741185897438 0.40743856837606834 0.05494791666666661 0.08095619658119665
2 0.08568709935897438 0.2477564102564103 0.07942708333333334 0.09049145299145304
2 0.8668369391025642 0.8047008547008547 0.05558894230769216 0.10106837606837615
1 0.5880608974358974 0.6248798076923078 0.04423076923076934 0.08149038461538455
1 0.23137019230769235 0.5404380341880342 0.04647435897435899 0.0713675213675214
1 0.2770132211538462 0.5272702991452991 0.039322916666666693 0.07366452991452986
1 0.4716646634615385 0.2087873931623932 0.03547676282051278 0.047916666666666635
1 0.9528445512820513 0.5576923076923078 0.033814102564102555 0.05288461538461545
1 0.40625 0.703125 0.0484375 0.05416666666666667
1 0.4359375 0.8260416666666667 0.0390625 0.05
2 0.36094751602564107 0.11725427350427352 0.10783253205128211 0.15117521367521372
2 0.6156850961538461 0.7144497863247864 0.04507211538461542 0.06789529914529915
3 0.8044871794871795 0.899292200854701 0.054086538461538325 0.06680021367521374
3 0.735546875 0.196875 0.03828125 0.04375
3 0.48977363782051286 0.378258547008547 0.03247195512820511 0.05117521367521374
1 0.77109375 0.296875 0.09375 0.08958333333333333
1 0.6820913461538461 0.2635950854700855 0.053685897435897356 0.08285256410256417
1 0.7525741185897437 0.37573450854700857 0.044411057692307666 0.05355235042735049
0 0.6674078525641025 0.26501068376068376 0.0183092948717948 0.02414529914529912
1 0.05581931089743593 0.4478632478632479 0.0750600961538462 0.07756410256410268
2 0.7694310897435898 0.7737713675213677 0.10817307692307691 0.17895299145299137
0 0.9562299679487178 0.9720886752136751 0.057091346153846166 0.04941239316239307
1 0.9576822916666667 0.6817708333333333 0.04417067307692317 0.0477831196581197
1 0.41640625 0.7692708333333333 0.0484375 0.051041666666666666
1 0.38515625 0.7322916666666667 0.0375 0.058333333333333334
1 0.6385516826923077 0.9404647435897435 0.04741586538461542 0.0725961538461539
2 0.573828125 0.2994791666666667 0.05859375 0.07604166666666666
2 0.16845953525641028 0.6145299145299146 0.04208733974358978 0.0700854700854702
0 0.9676682692307693 0.8597222222222222 0.02620192307692317 0.03108974358974367
