2 0.1823317307692308 0.5008279914529915 0.05841346153846159 0.08915598290598296
2 0.6655105064655172 0.3791756465517242 0.05354256465517242 0.04983836206896554
2 0.8408643484748012 0.5994432471264368 0.06346361074270543 0.07535919540229881
2 0.3751839149535809 0.6166936063218391 0.0347884200928382 0.08306393678160937
2 0.5342047275641025 0.2699263649425287 0.08312610521662248 0.07526939655172414
1 0.9221848060344827 0.19454920977011494 0.03318965517241388 0.11018318965517242
1 0.7231276939655172 0.22086925287356324 0.03663793103448274 0.044971264367816136
1 0.615173760775862 0.16683728448275864 0.031640625 0.04527658045977011
1 0.6245218211206897 0.26708872126436783 0.03314924568965516 0.06747485632183908
1 0.5160560344827586 0.18960129310344828 0.03186961206896548 0.04375
1 0.3546942349137931 0.2393767959770115 0.04209321120689653 0.05375359195402301
1 0.2503098060344828 0.29622844827586203 0.04881465517241379 0.04870689655172414
1 0.04977964743589748 0.2743055555555556 0.043068910256410256 0.06677350427350429
1 0.8073906180923961 0.10983619768641321 0.025709065539345842 0.04613220232832303
2 0.2685075431034483 0.43190553160919537 0.050134698275862054 0.06201508620689662
2 0.43648976293103453 0.3166487068965517 0.04350754310344831 0.0720545977011494
0 0.9418170797413794 0.1170617816091954 0.024232219827586478 0.03617097701149425
2 0.9375 0.4713541666666667 0.0671875 0.065625
2 0.9193830818965518 0.05572018678160919 0.03407866379310356 0.06564295977011494
0 0.13404447115384616 0.5305154914529915 0.022776442307692334 0.029780982905982967
0 0.073828125 0.53125 0.01484375 0.020833333333333332
1 0.09453125 0.984375 0.05 0.029166666666666667
1 0.04765625 0.55 0.0375 0.04375
1 0.00625 0.384375 0.0125 0.06875
0 0.4550511853448276 0.1459500718390805 0.02658943965517242 0.04574353448275863
1 0.71640625 0.40892094017094016 0.0484375 0.0875
2 0.4125 0.47239583333333335 0.0515625 0.078125
