2 0.5288311298076923 0.14743589743589747 0.09808693910256414 0.09615384615384612
2 0.6445362580128206 0.2499465811965812 0.067998798076923 0.09412393162393164
2 0.37546073717948725 0.401696047008547 0.06879006410256414 0.10846688034188041
2 0.47997295673076923 0.40856036324786327 0.040554887820512774 0.06669337606837615
2 0.3900568181818182 0.11570391414141414 0.05795454545454541 0.09182449494949492
2 0.38125 0.22051767676767675 0.05 0.06729797979797981
2 0.5250651041666666 0.5766693376068376 0.06755809294871798 0.10307158119658126
2 0.6843900240384615 0.5558760683760684 0.048387419871794804 0.0912393162393163
2 0.7559395032051281 0.12712339743589746 0.07906650641025639 0.14366987179487176
2 0.208203125 0.7010416666666667 0.08828125 0.1
2 0.3603732638888889 0.8511059670781892 0.12782600308641978 0.10282921810699588
2 0.47583633814102566 0.7975026709401709 0.06886017628205128 0.08875534188034186
2 0.2484375 0.021875 0.0984375 0.04375
1 0.7057241586538462 0.2088675213675214 0.05780248397435894 0.04273504273504279
1 0.3076704545454545 0.08529040404040404 0.035227272727272704 0.10719696969696968
1 0.2295336174242424 0.2658775252525252 0.03430397727272729 0.060416666666666605
1 0.15546875 0.6359375 0.034375 0.06979166666666667
1 0.6631360176282051 0.6464476495726497 0.05183293269230758 0.04497863247863248
1 0.8499348958333333 0.532051282051282 0.027794471153846166 0.0547542735042736
1 0.1265625 0.5666666666666667 0.040625 0.09791666666666667
1 0.25859375 0.6052083333333333 0.0515625 0.09583333333333334
1 0.909765625 0.6020833333333333 0.05234375 0.07083333333333333
1 0.6804136618589743 0.754206730769231 0.05533854166666661 0.05114850427350426
1 0.7925831330128206 0.6996527777777779 0.052353766025641055 0.0868055555555556
1 0.75625 0.7307291666666667 0.0328125 0.07395833333333333
2 0.7585386618589743 0.6575988247863248 0.06886017628205128 0.0881143162393163
1 0.830859375 0.15729166666666666 0.06328125 0.10833333333333334
1 0.44533754006410253 0.5434962606837608 0.052734375 0.05323183760683759
1 0.348046875 0.7442708333333333 0.03203125 0.04895833333333333
1 0.37578125 0.771875 0.0390625 0.0625
1 0.90390625 0.4041666666666667 0.053125 0.05625
2 0.8236328125 0.40422008547008553 0.07038261217948723 0.06335470085470091
0 0.98203125 0.5854166666666667 0.034375 0.04583333333333333
0 0.742578125 0.5 0.03359375 0.03958333333333333
0 0.039453125 0.5973958333333333 0.03046875 0.03854166666666667
0 0.6847205528846154 0.4847088675213675 0.01968149038461533 0.026575854700854742
0 0.6865134214743589 0.42203525641025647 0.026973157051282025 0.0357371794871795
2 0.413671875 0.6484375 0.09921875 0.11145833333333334
2 0.0387393904320988 0.7069122942386831 0.0727912808641976 0.08257458847736625
2 0.05427684294871797 0.4676549145299146 0.060116185897435934 0.06885683760683753
2 0.40390625 0.023958333333333335 0.05 0.04791666666666667
1 0.6061548477564103 0.5805956196581197 0.05161258012820502 0.06850961538461545
3 0.7306290064102564 0.47662927350427353 0.04375 0.05625
3 0.13028549382716054 0.8731995884773662 0.02858796296296302 0.038065843621399156
3 0.9390625 0.31666666666666665 0.025 0.03333333333333333
1 0.97734375 0.39375 0.04375 0.0625
1 0.9734375 0.4822916666666667 0.0375 0.08333333333333333
1 0.932421875 0.37604166666666666 0.06171875 0.11458333333333333
1 0.987890625 0.16302083333333334 0.02265625 0.07604166666666666
1 0.967578125 0.12083333333333333 0.05078125 0.0625
0 0.3143347537878788 0.17799873737373736 0.037050189393939316 0.03920454545454544
1 0.7828125 0.018229166666666668 0.040625 0.036458333333333336
1 0.8067007211538462 0.344017094017094 0.07253605769230767 0.061965811965811926
0 0.387109375 0.7463541666666667 0.03203125 0.042708333333333334
0 0.876171875 0.16770833333333332 0.03984375 0.04583333333333333
1 0.873046875 0.22447916666666667 0.05234375 0.05520833333333333
0 0.0578125 0.7963541666666667 0.03125 0.04479166666666667
1 0.203125 0.6536458333333334 0.0421875 0.065625
