1 0.11557491987179488 0.0682024572649573 0.04969951923076925 0.0649839743589744
0 0.7056490384615385 0.7256944444444445 0.035416666666666693 0.048076923076923114
0 0.8924379006410256 0.48442841880341886 0.03443509615384617 0.047168803418803466
0 0.9538361378205128 0.23404113247863248 0.041846955128205285 0.051148504273504286
3 0.1943309294871795 0.44057158119658124 0.022395833333333347 0.03338675213675213
0 0.365625 0.3416666666666667 0.0328125 0.035416666666666666
0 0.6407251602564104 0.7890625 0.02904647435897445 0.03619123931623929
0 0.639453125 0.27239583333333334 0.03671875 0.046875
0 0.07217548076923079 0.15030715811965814 0.03633814102564107 0.05568910256410258
0 0.39140625 0.3578125 0.0296875 0.04895833333333333
0 0.24459134615384617 0.2743055555555556 0.05208333333333335 0.06410256410256411
