0 0.024367559523809524 0.1783482142857143 0.03013392857142857 0.04211309523809523
0 0.13089514652014653 0.04211309523809524 0.03708791208791214 0.04672619047619047
0 0.28560697115384615 0.03233173076923079 0.020132211538461585 0.02721688034188038
0 0.6615098443223444 0.15210431929181928 0.031146978021978012 0.041029456654456634
0 0.6266311813186813 0.16374389499389502 0.032451923076922996 0.04354395604395599
0 0.71171875 0.3932291666666667 0.0296875 0.036458333333333336
0 0.7031436011904761 0.42472718253968256 0.03277529761904763 0.04737103174603175
0 0.7 0.3765625 0.0296875 0.042708333333333334
0 0.3716346153846154 0.3044070512820513 0.04238782051282049 0.04663461538461539
0 0.2750529418498169 0.41413118131868126 0.022810782967032893 0.030864621489621474
0 0.15184151785714284 0.5069196428571429 0.041555059523809515 0.045684523809523786
0 0.12078325320512821 0.6393563034188035 0.021254006410256432 0.028445512820512775
0 0.4426124656593407 0.6204842032967032 0.032929830586080566 0.042761752136752186
0 0.7281994047619047 0.6077876984126984 0.030208333333333302 0.03244047619047616
0 0.9317522321428571 0.279389880952381 0.030840773809523724 0.04042658730158723
0 0.9439918154761905 0.20124007936507937 0.03017113095238084 0.0433531746031746
0 0.9210751488095237 0.2433779761904762 0.029650297619047628 0.0350694444444444
0 0.6387276785714285 0.9298687423687423 0.026116071428571353 0.031135531135531025
0 0.12524038461538461 0.25193643162393164 0.022355769230769252 0.02737713675213671
0 0.21555488782051285 0.14740918803418804 0.038040865384615374 0.05614316239316241
0 0.18775040064102566 0.10856036324786329 0.028545673076923038 0.04511217948717946
0 0.755078125 0.017628205128205152 0.03671875 0.035256410256410305
0 0.7720982142857142 0.31386408730158727 0.031696428571428556 0.028521825396825424
0 0.9169084821428571 0.35208333333333336 0.030245535714285766 0.0375
0 0.4956659226190476 0.3898275335775336 0.04289434523809525 0.05169413919413923
0 0.6469494047619048 0.673611111111111 0.03199404761904763 0.037698412698412655
0 0.8489583333333333 0.554563492063492 0.04166666666666661 0.04761904761904757
0 0.6863052312271062 0.8771329365079364 0.02471096611721606 0.031448412698412656
0 0.09280133928571427 0.9781498015873016 0.04125744047619044 0.0396329365079365
0 0.663671875 0.3609375 0.03515625 0.04895833333333333
1 0.5478794642857142 0.47777777777777775 0.041145833333333305 0.06825396825396819
1 0.8327752976190477 0.40220734126984126 0.047247023809523725 0.04875992063492062
1 0.5921875 0.25545634920634913 0.04747023809523805 0.05654761904761898
1 0.6346912202380952 0.2924870268620269 0.047581845238095166 0.06513278388278394
1 0.5222742101648351 0.1103441697191697 0.043249198717948724 0.059073565323565315
1 0.10809151785714284 0.5248015873015873 0.038281250000000024 0.04960317460317457
1 0.1871279761904762 0.4439484126984127 0.03794642857142856 0.05654761904761904
1 0.2945813301282051 0.6812290140415141 0.03434924450549448 0.054208638583638565
1 0.43654561584249085 0.7157432844932844 0.04803972069597062 0.0506562881562882
1 0.5182291666666666 0.7366071428571428 0.03199404761904763 0.054563492063491974
1 0.02714342948717951 0.8201121794871795 0.050280448717948754 0.0542200854700854
1 0.5119605654761905 0.8494543650793651 0.07451636904761907 0.05307539682539684
1 0.8374813988095238 0.21726190476190474 0.048474702380952375 0.05952380952380952
1 0.80703125 0.6430555555555555 0.0515625 0.061111111111111074
1 0.8210565476190477 0.9072420634920635 0.04538690476190484 0.07440476190476192
2 0.23926568223443226 0.8481952075702075 0.07206387362637354 0.07940323565323552
2 0.2523809523809524 0.7646081349206351 0.05029761904761907 0.05411706349206338
2 0.557421875 0.8421875 0.05390625 0.059375
1 0.9480096726190477 0.7777777777777778 0.049293154761904746 0.027777777777777856
1 0.9471354166666666 0.797296626984127 0.05364583333333321 0.038343253968253894
0 0.9279575892857143 0.8221478174603175 0.030989583333333216 0.04221230158730158
0 0.6156994047619048 0.6240079365079365 0.017113095238095254 0.023809523809523843
0 0.58359375 0.37604166666666666 0.0109375 0.020833333333333332
0 0.5406063988095238 0.3996527777777778 0.009561011904761862 0.014186507936507909
0 0.74921875 0.26572420634920635 0.0328125 0.03938492063492065
0 0.7034226190476189 0.4866815476190476 0.03214285714285721 0.04449404761904763
1 0.8512462797619047 0.2632688492063492 0.037090773809523726 0.0483630952380952
3 0.9679873511904763 0.146875 0.028311011904761863 0.03958333333333333
3 0.5874255952380952 0.41750610500610497 0.03050595238095246 0.03800366300366296
3 0.5606398809523809 0.6165674603174603 0.030505952380952373 0.04265873015873017
3 0.6142084478021979 0.7877174908424908 0.054321199633699635 0.0753586691086691
3 0.325 0.2139155982905983 0.02548076923076925 0.03798076923076928
3 0.025724015567765567 0.07708142551892552 0.01849244505494505 0.022424450549450546
3 0.036348157051282075 0.014289529914529937 0.039883814102564155 0.028579059829059873
3 0.08894230769230772 0.625339590964591 0.05288461538461544 0.0608287545787545
3 0.628125 0.3541666666666667 0.025 0.035416666666666666
1 0.7241228823260073 0.8124007936507937 0.03984947344322345 0.047817460317460224
1 0.839360119047619 0.0693204365079365 0.046279761904761865 0.06572420634920634
0 0.9120349702380952 0.20084325396825395 0.03686755952380949 0.05248015873015873
0 0.6411086309523808 0.46351686507936507 0.01986607142857144 0.0253472222222222
0 0.36160714285714285 0.5362103174603174 0.014880952380952373 0.020833333333333273
0 0.21595982142857145 0.27251984126984125 0.02120535714285716 0.028373015873015876
0 0.22671274038461542 0.3076923076923077 0.023737980769230792 0.03205128205128212
0 0.47966746794871795 0.629389880952381 0.009415064102564052 0.015029761904761922
3 0.49111435439560436 0.5911210317460317 0.014795100732600642 0.022123015873015815
3 0.34920014880952377 0.7176339285714285 0.01737351190476195 0.025049603174603283
1 0.07531622023809523 0.4331539987789988 0.04281994047619048 0.05829517704517707
0 0.9098028273809524 0.4794890873015873 0.021168154761904746 0.02643849206349209
0 0.9843563988095237 0.44940476190476186 0.029724702380952372 0.051587301587301584
0 0.5348128434065934 0.05532661782661785 0.020518543956043977 0.029304029304029356
0 0.3183221726190476 0.9132936507936509 0.02258184523809521 0.026587301587301583
