0 0.5009685905612244 0.19547193877551017 0.011216517857142883 0.014880952380952344
0 0.30723110465116277 0.4252543604651162 0.02579941860465116 0.036119186046511646
0 0.7552192599067599 0.27785669191919193 0.036909965034965 0.04529671717171713
0 0.7847829254079255 0.22641074203574205 0.029865967365967184 0.04339063714063706
0 0.8203480113636363 0.17975063131313132 0.02218276515151505 0.03443813131313129
0 0.9663832720588236 0.23846726190476192 0.019701943277310896 0.02551645658263307
0 0.90390625 0.2838541666666667 0.03125 0.042708333333333334
0 0.9524126838235295 0.5659313725490196 0.031886817226890685 0.04985994397759098
0 0.44129464285714287 0.9102284663865546 0.029963235294117662 0.0422881652661065
0 0.088671875 0.165625 0.05078125 0.06666666666666667
0 0.6193383487654321 0.11147712883823996 0.05742669753086425 0.0723132320354542
0 0.5222705696202532 0.5089596518987343 0.019541139240506312 0.02625263713080172
0 0.8253432765151516 0.38993055555555556 0.01882102272727284 0.02064393939393933
0 0.5975905987394958 0.16307773109243698 0.02068014705882355 0.030987394957983215
1 0.6133313301282051 0.6598958333333333 0.05703125 0.06145833333333333
1 0.6989744094753286 0.5778960622710623 0.0555700886123681 0.06094457013574654
1 0.6450320512820513 0.9351095085470085 0.053685897435897356 0.08063568376068382
1 0.5276404272151899 0.2669303797468354 0.055280854430379736 0.07782172995780592
1 0.3706983024691358 0.08133359053497943 0.057021604938271686 0.06058384773662553
1 0.36325713734567905 0.12109053497942386 0.04296875000000018 0.05051440329218106
1 0.933203125 0.359375 0.05390625 0.08333333333333333
2 0.8493371212121211 0.4970959595959596 0.08882575757575761 0.09419191919191915
2 0.62734375 0.2453125 0.0515625 0.08020833333333334
2 0.39296875 0.33697916666666666 0.0578125 0.096875
1 0.1578125 0.46145833333333336 0.0546875 0.09375
1 0.04921875 0.7713541666666667 0.0640625 0.08645833333333333
2 0.7301076680672269 0.8046262254901961 0.08521533613445378 0.06966911764705881
3 0.6521833668046089 0.45905854430379744 0.03760320309964289 0.049578059071729956
3 0.8777243589743591 0.9457532051282052 0.039823717948718064 0.05016025641025633
3 0.8235884978991596 0.9529849439775911 0.01642594537815132 0.018049719887955243
0 0.7032366071428571 0.8843049719887955 0.018159138655462214 0.02585784313725483
0 0.8088629201680672 0.978203781512605 0.019774159663865552 0.025385154061624723
0 0.1821903935185185 0.20961934156378603 0.06015625 0.08125
0 0.898828125 0.5588541666666667 0.02265625 0.03229166666666667
