3 0.19751602564102566 0.2891426282051282 0.07612179487179485 0.10120192307692312
3 0.2608573717948718 0.04688835470085473 0.0415865384615385 0.04885149572649578
3 0.8039563301282051 0.29879807692307686 0.08515625 0.10625
3 0.316015625 0.5140625 0.12734375 0.140625
0 0.8882011217948719 0.09802350427350431 0.03890224358974361 0.05876068376068376
0 0.7759415064102564 0.1527777777777778 0.04106570512820511 0.05876068376068373
0 0.8061097756410256 0.21681356837606838 0.04082532051282062 0.05328525641025636
0 0.549208733974359 0.31236645299145305 0.0518229166666667 0.06543803418803419
0 0.5781250000000001 0.45633012820512825 0.04607371794871788 0.06330128205128206
0 0.61796875 0.45208333333333334 0.0421875 0.04375
0 0.8041766826923077 0.4799679487179488 0.02866586538461551 0.040064102564102554
0 0.9889923878205128 0.5055288461538462 0.020452724358974272 0.04310897435897433
0 0.983984375 0.5556089743589744 0.03247195512820511 0.04636752136752141
0 0.8119090544871795 0.6636351495726497 0.03523637820512828 0.04933226495726496
0 0.8491386217948719 0.6093349358974359 0.030889423076923172 0.040411324786324816
0 0.3454026442307693 0.6785790598290599 0.03074919871794877 0.038141025641025665
0 0.30492788461538467 0.7269497863247864 0.039583333333333345 0.04556623931623941
0 0.31524439102564106 0.7972222222222223 0.03513621794871793 0.03888888888888881
0 0.35558894230769234 0.8234508547008548 0.036418269230769296 0.04754273504273516
0 0.48096955128205127 0.843215811965812 0.028044871794871806 0.0427350427350427
0 0.24457131410256414 0.8637019230769231 0.0541266025641026 0.07120726495726508
0 0.29663461538461544 0.9747195512820513 0.034134615384615374 0.05200320512820511
0 0.262890625 0.9791666666666666 0.03671875 0.03958333333333333
0 0.1529447115384616 0.7457264957264957 0.04106570512820511 0.05608974358974355
0 0.2200020032051282 0.6258146367521368 0.0511818910256411 0.06354166666666655
0 0.1108774038461539 0.42321047008547014 0.033052884615384616 0.04139957264957263
0 0.7199719551282051 0.9166666666666666 0.030809294871794977 0.040064102564102554
0 0.9502203525641025 0.969417735042735 0.03305288461538467 0.04674145299145292
0 0.39426081730769236 0.10892094017094017 0.03719951923076934 0.052991452991453025
0 0.02960737179487182 0.7730101495726497 0.025320512820512852 0.033573717948718
0 0.6394030448717949 0.5221020299145299 0.02968750000000009 0.041266025641025786
0 0.4765625 0.7724358974358976 0.03886217948717956 0.05341880341880329
0 0.533964342948718 0.13341346153846156 0.036237980769230835 0.03872863247863245
