1 0.9026442307692308 0.2556089743589744 0.054086538461538325 0.11485042735042737
0 0.28068910256410257 0.3257211538461539 0.05200320512820515 0.0681089743589744
0 0.82890625 0.603125 0.0609375 0.08125
1 0.066796875 0.7020833333333333 0.06171875 0.06666666666666667
1 0.9446714743589745 0.7814236111111111 0.07003205128205128 0.07673611111111107
1 0.95546875 0.8286458333333333 0.059375 0.059375
1 0.8013120993589744 0.03811431623931627 0.056430288461538504 0.05838675213675219
1 0.425390625 0.20677083333333332 0.04765625 0.078125
1 0.41738782051282053 0.2738648504273504 0.04110576923076921 0.047195512820512805
0 0.590625 0.8645833333333334 0.046875 0.05625
0 0.673828125 0.7557425213675214 0.04296875000000009 0.07345085470085475
0 0.4838040865384616 0.7737580128205129 0.050420673076923175 0.05873397435897433
2 0.084765625 0.3260416666666667 0.08984375 0.13541666666666666
3 0.04453125 0.33697916666666666 0.046875 0.06979166666666667
2 0.8595653044871796 0.7030048076923078 0.048056891025641056 0.07475961538461545
