0 0.47160456730769235 0.25247061965811973 0.03876201923076934 0.04901175213675219
0 0.15237537955465585 0.8193249550157444 0.03899924089068822 0.05104307242465123
0 0.5954111060455348 0.8294213269967581 0.030756451702033692 0.03979240347774831
0 0.9334435096153847 0.7870459401709401 0.038561698717948546 0.042895299145299146
0 0.9589611671357098 0.3570590994371482 0.035837828330206455 0.03774494475713984
0 0.9592079033771107 0.559057418699187 0.025181754221388353 0.03178353658536572
1 0.5080128205128206 0.40317841880341887 0.040064102564102554 0.04941239316239319
1 0.20739546911421916 0.3847246503496503 0.04780375874125875 0.06325271950271946
1 0.6111879006410257 0.20200320512820513 0.048056891025641146 0.0778311965811966
3 0.6346654647435898 0.13872863247863249 0.02714342948717956 0.04412393162393166
1 0.4782251602564103 0.8072649572649573 0.05356570512820511 0.04519230769230778
0 0.9517227564102566 0.9686431623931623 0.020032051282051277 0.029594017094017152
