3 0.5220352564102564 0.9113247863247864 0.1282051282051282 0.1655982905982905
3 0.6705929487179487 0.919150641025641 0.035416666666666693 0.048450854700854744
3 0.6564903846153847 0.9891960470085469 0.04158653846153859 0.022195512820512776
3 0.3116486378205129 0.9711672008547009 0.08022836538461538 0.05825320512820511
3 0.03550681089743592 0.5327190170940171 0.037560096153846215 0.0547542735042736
3 0.12650240384615385 0.5881543803418804 0.03585737179487185 0.04537927350427348
3 0.49883814102564106 0.3140357905982906 0.06241987179487181 0.08346688034188035
3 0.9339342948717949 0.553218482905983 0.05560897435897427 0.07251602564102567
3 0.9526542467948719 0.8352029914529915 0.06023637820512828 0.07478632478632481
3 0.69140625 0.8338541666666667 0.103125 0.11770833333333333
0 0.854296875 0.4654647435897436 0.04921875 0.0625
0 0.9061398237179488 0.4463808760683761 0.043088942307692335 0.05649038461538467
0 0.6407251602564104 0.5038194444444445 0.04507211538461533 0.06180555555555559
0 0.8176983173076924 0.34050480769230773 0.05370592948717956 0.06525106837606837
0 0.417938701923077 0.02764423076923079 0.04993990384615392 0.05528846153846158
0 0.2605869391025641 0.40129540598290603 0.028104967948717974 0.037152777777777854
0 0.15414663461538464 0.13633814102564107 0.036658653846153876 0.05424679487179492
3 0.7030849358974359 0.3408119658119658 0.0365384615384615 0.04861111111111113
3 0.7244791666666667 0.24726228632478636 0.043830128205128285 0.06209935897435903
3 0.32243589743589746 0.6836939102564102 0.0484375 0.06979166666666667
0 0.351171875 0.6703125 0.03984375 0.065625
3 0.71328125 0.78125 0.0703125 0.08541666666666667
