0 0.19768129006410257 0.2544471153846154 0.03823116987179494 0.04105235042735048
0 0.35592447916666664 0.2328125 0.03671875 0.042708333333333334
0 0.395703125 0.1703125 0.03984375 0.04479166666666667
0 0.6647051411290322 0.14545423214778055 0.04491767473118271 0.056089743589743585
0 0.7883526545698925 0.155057123655914 0.02779737903225792 0.0346438172043011
0 0.8750232014848951 0.1419125490698071 0.0343037954429084 0.039918288103771925
0 0.566796875 0.1875 0.02265625 0.03125
0 0.544921875 0.17760416666666667 0.02890625 0.036458333333333336
0 0.8202724358974359 0.4527777777777778 0.038541666666666786 0.051709401709401824
0 0.8180913578469022 0.30742367511520735 0.025443628392217123 0.032970110087045514
0 0.8119119623655914 0.2664650537634409 0.02100134408602159 0.026881720430107562
0 0.909375 0.6072916666666667 0.021875 0.027083333333333334
0 0.717578125 0.7458333333333333 0.04453125 0.06041666666666667
0 0.700998263888889 0.7018931878306878 0.041753472222222233 0.048296957671957706
0 0.5615143107476636 0.7165741822429906 0.040522780373831765 0.058284657320872194
0 0.6082907418224299 0.6204682632398754 0.04188814252336446 0.05384540498442358
0 0.37554587339743595 0.8504540598290599 0.046083733974358984 0.06164529914529903
0 0.5974007009345794 0.9002433800623052 0.02394859813084116 0.028679906542056106
0 0.3992738381410256 0.7261752136752136 0.024669471153846167 0.03108974358974367
0 0.2523287259615385 0.9636752136752136 0.02609174679487185 0.030181623931623967
0 0.0246394230769231 0.8318643162393163 0.0492788461538462 0.06543803418803419
0 0.11446126302083333 0.0607204861111111 0.02400716145833335 0.026388888888888944
0 0.8828125 0.0390625 0.034375 0.040625
0 0.9829286317567568 0.2662021396396396 0.03469172297297281 0.05937500000000006
0 0.280859375 0.3662126068376068 0.04140625 0.058333333333333334
0 0.2450113932291667 0.13111979166666662 0.04747721354166665 0.05651041666666671
0 0.03828125 0.13333333333333333 0.025 0.035416666666666666
0 0.639453125 0.7802083333333333 0.04921875 0.058333333333333334
1 0.969140625 0.7755208333333333 0.05546875 0.090625
1 0.6101233936915887 0.9404059579439252 0.06450788551401869 0.06428154205607466
1 0.1218299278846154 0.8549011752136751 0.0607271634615385 0.11818910256410267
1 0.06907381777173446 0.4280262111859334 0.043670546274712896 0.05556373924429477
1 0.06755445075757575 0.3050347222222222 0.07417140151515152 0.07048611111111107
1 0.05684407552083333 0.1839626736111111 0.06681315104166666 0.07000868055555554
1 0.28515625 0.17135416666666667 0.0453125 0.096875
1 0.336328125 0.14166666666666666 0.04296875 0.10833333333333334
1 0.47077824519230765 0.42795138888888895 0.04692508012820511 0.06396901709401709
1 0.7221706081081081 0.444325334950335 0.04315878378378377 0.09164212289212284
1 0.39334435096153847 0.35518162393162395 0.051552483974359034 0.0652777777777778
1 0.7774151545698924 0.03578629032258066 0.0530325940860215 0.07157258064516132
1 0.8776815878378379 0.4757882882882883 0.049113175675675615 0.07094594594594597
1 0.3059845753205129 0.397636217948718 0.03696915064102568 0.06717414529914531
1 0.3962189503205128 0.660403311965812 0.05181290064102564 0.11055021367521363
1 0.613671875 0.7088541666666667 0.05859375 0.06354166666666666
1 0.1151123046875 0.10167824074074075 0.05276150173611112 0.04895833333333335
1 0.2449869791666667 0.893883547008547 0.04778645833333339 0.06426282051282056
1 0.4559244791666666 0.5810496794871796 0.05159254807692308 0.05825320512820511
1 0.4140625 0.26875 0.0375 0.06875
1 0.45703125 0.24583333333333332 0.0484375 0.09375
1 0.9256944444444445 0.6447337962962963 0.04236111111111107 0.04155092592592595
2 0.5824113175675676 0.45358952702702704 0.10544763513513518 0.1324042792792793
2 0.869921875 0.9458333333333333 0.07734375 0.09791666666666667
1 0.8664537091121496 0.8941442757009346 0.04365508177570092 0.08462811526479755
1 0.8237952686915889 0.9537723909657321 0.04303446261682229 0.06953855140186924
0 0.06875 0.9817708333333334 0.0328125 0.034375
0 0.5153796073717949 0.5453392094017094 0.016816907051282026 0.02283653846153856
0 0.640234375 0.5619791666666667 0.04765625 0.05520833333333333
0 0.8327394859813084 0.6385027258566979 0.05297897196261694 0.06450545171339558
0 0.830859375 0.5989583333333334 0.04140625 0.05
0 0.323046875 0.026041666666666668 0.02421875 0.029166666666666667
0 0.9 0.013541666666666667 0.0484375 0.027083333333333334
0 0.251171875 0.515625 0.02578125 0.035416666666666666
1 0.16537645417853755 0.5033292774612219 0.03363752374169051 0.06535790598290596
