0 0.3407652243589744 0.5827323717948718 0.03401442307692313 0.045539529914529926
0 0.02510016025641028 0.10618322649572652 0.03233173076923081 0.050454059829059865
1 0.7583834134615385 0.1399706196581197 0.066045673076923 0.07369123931623936
1 0.8001101762820513 0.23872863247863246 0.06484375 0.06773504273504265
1 0.8152944711538461 0.12807158119658124 0.06652644230769234 0.07077991452991453
1 0.748427483974359 0.4940705128205129 0.062039262820512954 0.0759615384615385
2 0.9525440705128204 0.18349358974358979 0.09579326923076917 0.14690170940170938
2 0.808984375 0.3265625 0.09296875 0.10520833333333333
1 0.8095953525641025 0.3775774572649573 0.06830929487179489 0.0739049145299146
2 0.4468950320512821 0.17446581196581198 0.14026442307692308 0.1462606837606838
2 0.1569411057692308 0.12843215811965814 0.10919471153846158 0.10478098290598294
2 0.05625 0.49635416666666665 0.0859375 0.11354166666666667
2 0.4479166666666667 0.7624198717948718 0.078125 0.10817307692307701
2 0.234755608974359 0.7434161324786325 0.06574519230769234 0.07940705128205133
2 0.25253405448717947 0.5282318376068376 0.06424278846153846 0.09310897435897439
2 0.13751001602564103 0.24723557692307693 0.08595753205128207 0.10221688034188038
3 0.6754707532051283 0.41786858974358976 0.06648637820512819 0.08947649572649574
3 0.37980769230769235 0.41386217948717957 0.08814102564102569 0.11618589743589751
3 0.23738982371794873 0.418215811965812 0.04845753205128207 0.07542735042735048
3 0.980859375 0.0390625 0.02578125 0.03229166666666667
