0 0.8935267857142858 0.43499503968253966 0.02247023809523796 0.03278769841269842
0 0.7822358630952382 0.22562003968253969 0.027046130952380933 0.037847222222222206
0 0.6421875 0.20811011904761903 0.024404761904761863 0.030208333333333334
0 0.7800394917582418 0.08487484737484738 0.024742445054944984 0.03362332112332111
0 0.35807291666666663 0.31612103174603173 0.021949404761904746 0.029464285714285648
0 0.3470796130952381 0.5177083333333333 0.01640625 0.02013888888888887
0 0.28465401785714284 0.3792162698412698 0.02890625 0.026289682539682543
0 0.22697315705128207 0.44929220085470084 0.04925881410256414 0.0506677350427351
0 0.3735863095238095 0.6827132936507937 0.03035714285714284 0.03338293650793649
0 0.17256324404761905 0.9283730158730158 0.032105654761904745 0.03511904761904769
0 0.5763421474358974 0.7345505189255189 0.029607371794871808 0.04081959706959696
0 0.7555617559523808 0.6910962301587301 0.023846726190476186 0.03348214285714282
0 0.6240699404761905 0.4758184523809524 0.030133928571428558 0.03546626984126983
0 0.6130380036630036 0.577703373015873 0.032852564102564055 0.04201388888888881
0 0.717001488095238 0.8603212759462759 0.04516369047619051 0.051182844932845126
0 0.305859375 0.225 0.03046875 0.05
1 0.7985491071428571 0.6548115079365079 0.03534226190476195 0.05148809523809514
1 0.8290922619047618 0.5148561507936508 0.027083333333333216 0.051636904761904745
1 0.9330357142857142 0.23876488095238096 0.02455357142857153 0.03705357142857144
1 0.9348958333333334 0.27507440476190476 0.039434523809523725 0.06889880952380949
1 0.5978994963369964 0.28541666666666665 0.06261446886446898 0.11666666666666667
1 0.5447916666666666 0.471453373015873 0.0458333333333333 0.04915674603174599
1 0.511142113095238 0.9318700396825397 0.04988839285714288 0.04300595238095231
1 0.4223958333333333 0.8815972222222221 0.042857142857142885 0.044345238095238076
1 0.1418154761904762 0.5703811813186813 0.04002976190476189 0.05467414529914526
1 0.42689732142857134 0.588640873015873 0.0755208333333333 0.06478174603174598
1 0.3913318452380953 0.15615079365079368 0.03750000000000005 0.07291666666666667
1 0.9417596726190476 0.6566964285714285 0.025706845238095254 0.04672619047619039
1 0.24590773809523808 0.8385035103785105 0.03794642857142856 0.06192765567765583
0 0.831640625 0.328125 0.03359375 0.05
0 0.29765625 0.06927083333333334 0.025 0.03229166666666667
0 0.9914248511904763 0.09412202380952381 0.015587797619047628 0.052827380952380945
2 0.4457560668498169 0.14642475579975583 0.06682119963369945 0.08215048840048836
2 0.276171875 0.13072916666666667 0.11015625 0.11979166666666667
0 0.784075950091575 0.886605235042735 0.023365956959706936 0.03234508547008552
0 0.9914248511904763 0.8504464285714285 0.015587797619047628 0.055059523809523725
0 0.008203125 0.7109375 0.01640625 0.04895833333333333
0 0.0390625 0.24166666666666667 0.025 0.029166666666666667
