3 0.856640625 0.8260416666666667 0.04140625 0.052083333333333336
3 0.8296875 0.8380208333333333 0.040625 0.042708333333333334
3 0.21944369612068967 0.49581537356321836 0.024339978448275845 0.035308908045976986
3 0.26299890169098145 0.17340480400825226 0.036906291445623296 0.04974211612142643
3 0.6849813149314766 0.37297699307397586 0.024029827033598482 0.033140841438255166
3 0.14617957697833778 0.16034160403772474 0.037516923629531365 0.04892886089006773
3 0.05625 0.6989583333333333 0.0359375 0.04375
3 0.054801993534482764 0.6544181034482759 0.029000538793103436 0.030459770114942587
1 0.9434940732758621 0.16998922413793102 0.04849137931034484 0.04400143678160922
1 0.880798760775862 0.36637931034482757 0.04726562500000035 0.05531609195402301
1 0.9124528556034482 0.3183189655172414 0.032448814655172596 0.052658045977011445
1 0.5218278556034484 0.03230962643678159 0.03244881465517242 0.06612787356321835
1 0.3190396012931035 0.051472701149425266 0.0568292025862069 0.051221264367816134
1 0.2764008620689655 0.05325071839080456 0.03838900862068968 0.056573275862068964
1 0.4461678340517242 0.3117636494252873 0.03694773706896557 0.06217672413793102
1 0.4723868534482759 0.292492816091954 0.03569504310344822 0.05581896551724134
1 0.533969005581344 0.607010296934866 0.03645315263041553 0.07333572796934859
1 0.7156317349137931 0.9627514367816092 0.04220096982758621 0.07241379310344828
1 0.49827741627984085 0.8622117226643089 0.051263055371352804 0.04245873857942814
1 0.31971309267241377 0.45167025862068966 0.04874730603448274 0.05894396551724134
1 0.3454337284482759 0.2822377873563218 0.04445043103448278 0.04579741379310344
1 0.4040274784482759 0.2777478448275862 0.055226293103448267 0.06734913793103449
1 0.8067416487068966 0.25664511494252873 0.03360721982758621 0.05926724137931032
1 0.8405374461206897 0.2564295977011494 0.03888739224137936 0.06422413793103451
1 0.023046875 0.978125 0.04296875 0.03958333333333333
1 0.4710787259615385 0.5520833333333334 0.03965828083554364 0.055675287356321886
1 0.09253771551724137 0.23419540229885052 0.04647090517241379 0.04849137931034481
1 0.010459321120689648 0.17753002505157678 0.019356142241379295 0.06267499263188926
1 0.7448357026414678 0.08123802681992337 0.04449360355879754 0.05806992337164743
1 0.6618626008510168 0.13094790745652812 0.0473685482979664 0.05742889773062185
0 0.8868601831896552 0.10935704022988504 0.02840786637931032 0.037751436781609166
0 0.928125 0.025 0.0390625 0.04375
0 0.946875 0.013020833333333334 0.0453125 0.026041666666666668
0 0.8943763469827587 0.18584770114942525 0.03088631465517224 0.03922413793103446
0 0.9222229705459771 0.2544577070439139 0.03446030890804597 0.04747826407309157
0 0.8640625 0.275 0.0375 0.04583333333333333
0 0.74453125 0.1921875 0.0359375 0.042708333333333334
0 0.7178273168103448 0.2068965517241379 0.02684536637931032 0.04741379310344825
1 0.739971713362069 0.25125718390804597 0.03393049568965516 0.05208333333333336
1 0.815625 0.07760416666666667 0.0359375 0.059375
0 0.801171875 0.09322916666666667 0.02578125 0.04479166666666667
0 0.784375 0.08489583333333334 0.025 0.036458333333333336
0 0.7751144935344827 0.14085847701149426 0.03099407327586201 0.04299568965517236
0 0.7250626865053051 0.37827650677866204 0.034114928713527795 0.04409353816681397
0 0.608015065484085 0.40366701665193044 0.039223101790450965 0.04898780577659885
1 0.5642443426724139 0.25116738505747127 0.02978178879310338 0.055854885057471236
0 0.827502452199381 0.4818067528735632 0.0326297938770999 0.057938218390804624
0 0.8476462339743591 0.6568242521367521 0.021854967948718062 0.028231837606837593
0 0.9238181089743591 0.7617521367521367 0.025761217948718062 0.0427350427350427
0 0.965625 0.7671875 0.028125 0.034375
0 0.98203125 0.6958333333333333 0.034375 0.05416666666666667
0 0.8259496228448275 0.6103807471264368 0.02622575431034484 0.03757183908045979
0 0.840234375 0.7453125 0.03046875 0.036458333333333336
0 0.836328125 0.7708333333333334 0.02578125 0.029166666666666667
0 0.81640625 0.7541666666666667 0.03125 0.03958333333333333
0 0.7233903556034483 0.5255631999705275 0.02264278017241388 0.02969256557618625
0 0.894921875 0.9380208333333333 0.03359375 0.034375
0 0.855078125 0.984375 0.02421875 0.025
0 0.6060498521772768 0.8153090922487475 0.033724649093722456 0.05005710285882709
0 0.676598592230327 0.8250833517536104 0.023284496573828493 0.030508583849101118
0 0.8109375 0.96875 0.040625 0.04583333333333333
0 0.796484375 0.984375 0.03984375 0.029166666666666667
0 0.6908225574712644 0.9208803050397878 0.04106570512820511 0.06009615384615389
0 0.2004242995689655 0.9115122126436781 0.03139816810344822 0.04263649425287366
0 0.04126602564102569 0.874065170940171 0.030048076923076927 0.039797008547008635
0 0.048337339743589766 0.8245058760683761 0.025921474358974416 0.0374198717948719
0 0.4320110452586207 0.8348958333333333 0.03832165948275854 0.05757902298850581
0 0.36388065732758623 0.7386135057471265 0.02102640086206895 0.03462643678160925
0 0.3231344288793103 0.6629849137931034 0.021699892241379314 0.03322557471264365
0 0.26656115301724137 0.6867816091954023 0.02574084051724137 0.04489942528735623
0 0.255768712698939 0.792834051724138 0.010957186671087448 0.019576149425287306
0 0.21009563577586204 0.559680316091954 0.02283135775862073 0.036889367816091936
0 0.28504175646551727 0.5011853448275863 0.025148168103448266 0.038936781609195434
0 0.35639143318965516 0.5124461206896551 0.031963900862068996 0.03617097701149425
0 0.18156654094827585 0.44044540229885054 0.0300511853448276 0.04188218390804597
0 0.1945514547413793 0.36174568965517234 0.032367995689655205 0.0502155172413793
0 0.15691675646551725 0.26946839080459767 0.016042564655172398 0.021048850574712574
0 0.019160829741379302 0.08186063218390803 0.038321659482758605 0.060416666666666625
0 0.14772359913793104 0.032614942528735626 0.01171875 0.014583333333333318
0 0.24647764008620685 0.20985991379310345 0.022804418103448354 0.027119252873563197
0 0.46394800646551726 0.22837643678160918 0.02293911637931041 0.026005747126436742
0 0.409765625 0.015625 0.04140625 0.03125
0 0.571875 0.0125 0.040625 0.025
0 0.706653922137489 0.33496583038608907 0.02739728393015035 0.030923040082522904
0 0.7263578622347481 0.6257183908045977 0.014013801392572934 0.01795977011494247
0 0.4035762392241379 0.6314655172413793 0.027842133620689637 0.04238505747126441
0 0.36420393318965516 0.6089798850574711 0.012297952586206895 0.019109195402298815
1 0.7953125 0.8598958333333333 0.0375 0.05520833333333333
1 0.744140625 0.8246767241379309 0.03232758620689653 0.042313218390804624
0 0.5354458512931035 0.21088362068965516 0.02442079741379306 0.03239942528735635
0 0.5001549030172414 0.14039152298850574 0.0286503232758621 0.034949712643678146
0 0.5970703125 0.10941091954022987 0.01800915948275872 0.02327586206896548
0 0.10369746767241379 0.403107040229885 0.01606950431034484 0.021372126436781554
0 0.5122825831675509 0.9063397988505746 0.011129876768346581 0.015265804597701186
0 0.3974609375 0.9730672524314766 0.025255926724137855 0.02908101237842615
0 0.9885304418103449 0.23004669540229886 0.02137661637931032 0.04198994252873565
0 0.5144059806034482 0.43794899425287354 0.01631196120689653 0.021731321839080428
1 0.42694639008620694 0.5273886494252873 0.04314385775862073 0.05118534482758618
2 0.6720899991710876 0.27455100574712643 0.03768961372679049 0.07173132183908049
1 0.05015490301724137 0.495007183908046 0.02617187499999999 0.05308908045977011
1 0.1790813577586207 0.5157147988505747 0.030980603448275867 0.05657327586206892
