0 0.47186498397435894 0.6240651709401709 0.042247596153846254 0.05101495726495742
0 0.22609174679487182 0.7320779914529915 0.03499599358974361 0.043322649572649634
0 0.20753205128205127 0.718349358974359 0.02604166666666665 0.03338675213675207
0 0.11893028846153846 0.17037927350427354 0.03497596153846159 0.036912393162393156
0 0.9712239583333332 0.7098424145299146 0.03711939102564106 0.05841346153846168
0 0.6789563301282051 0.04198717948717952 0.03471554487179498 0.047970085470085515
0 0.051953125 0.7046875 0.04296875 0.04895833333333333
1 0.2512219551282051 0.29361645299145306 0.03481570512820516 0.0735576923076924
1 0.21604567307692307 0.9326923076923078 0.04907852564102564 0.10950854700854708
1 0.04740584935897438 0.8827457264957265 0.08387419871794875 0.057158119658119705
2 0.663261217948718 0.4379006410256411 0.060096153846153834 0.09214743589743589
1 0.05625 0.6078125 0.0484375 0.042708333333333334
1 0.4470352564102564 0.39249465811965817 0.029807692307692424 0.07612179487179489
1 0.24385016025641032 0.0668402777777778 0.0635817307692308 0.09708867521367527
1 0.17047275641025644 0.02029914529914532 0.05408653846153846 0.04059829059829064
1 0.9699619391025642 0.4557024572649573 0.05851362179487172 0.10462072649572658
0 0.5055488782051283 0.8817841880341881 0.032972756410256474 0.0430555555555556
1 0.3858774038461539 0.8715544871794872 0.07800480769230775 0.08605769230769221
1 0.03984375 0.6567708333333333 0.0734375 0.08645833333333333
0 0.014453125 0.6036458333333333 0.02890625 0.057291666666666664
1 0.4035313644688645 0.2125114468864469 0.06347298534798526 0.100770757020757
