0 0.254296875 0.14010416666666667 0.03671875 0.046875
0 0.2571314102564103 0.18381410256410258 0.04511217948717947 0.0634615384615385
2 0.4603866185897436 0.5352029914529914 0.06520432692307701 0.12457264957264963
2 0.7624399038461538 0.6668669871794872 0.094110576923077 0.11498397435897445
2 0.26493389423076924 0.6766826923076923 0.0466947115384615 0.10496794871794866
2 0.051953125 0.228125 0.08828125 0.08125
2 0.7844551282051283 0.33311965811965816 0.11818910256410256 0.09091880341880335
2 0.4719551282051283 0.0993589743589744 0.05809294871794872 0.10416666666666667
2 0.4486678685897436 0.37513354700854706 0.08864182692307701 0.12419871794871794
1 0.8791065705128205 0.4324652777777778 0.047075320512820616 0.09500534188034197
1 0.09512219551282053 0.5120726495726495 0.06055689102564106 0.05331196581196582
1 0.2952624198717949 0.8509081196581197 0.08896233974358977 0.09946581196581204
1 0.5737580128205129 0.7648504273504273 0.10288461538461532 0.05961538461538455
1 0.4069110576923077 0.7741853632478632 0.1015625 0.08854166666666667
1 0.8079627403846154 0.05368589743589746 0.04501201923076916 0.10737179487179492
0 0.6824719551282052 0.8630208333333333 0.0515625 0.06145833333333333
0 0.7371895032051282 0.21858974358974362 0.028425480769230838 0.052670940170940206
2 0.126953125 0.21197916666666666 0.07734375 0.14270833333333333
0 0.9203125 0.8380208333333333 0.0421875 0.03229166666666667
