0 0.44490461333878883 0.1255651595744681 0.03982286552100378 0.05147015366430258
0 0.33121401321760835 0.07753786589516681 0.04710722997503978 0.05122957794417979
0 0.7504112963720677 0.3468329468994362 0.03607900300054556 0.05662961447535905
0 0.5375801282051282 0.4946180555555556 0.03501602564102564 0.03480235042735043
0 0.5246524225995636 0.24220909483542463 0.03436093494271688 0.039813488816148365
3 0.2418143365668255 0.19013524884653207 0.05978946845926929 0.07124130171696551
1 0.7360176282051282 0.01562500000000002 0.04078525641025639 0.03125000000000004
3 0.49883814102564106 0.6903667144026187 0.054407051282051366 0.06798451991271151
0 0.7432734929078014 0.0800494976359338 0.0414893617021276 0.0494163711583924
3 0.4171978705752212 0.9390440634218289 0.05470824115044239 0.07600479351032448
