3 0.39921875 0.709375 0.0546875 0.08333333333333333
0 0.8396033653846153 0.5924011752136752 0.047956730769230835 0.06728098290598285
0 0.8889022435897436 0.6304754273504274 0.05753205128205145 0.07558760683760682
0 0.8138120993589745 0.5472088675213675 0.035436698717948724 0.04099893162393157
0 0.489453125 0.36875 0.05390625 0.075
0 0.2793669871794872 0.8697382478632479 0.0475160256410256 0.06447649572649575
0 0.1871794871794872 0.9611511752136752 0.05873397435897441 0.07561431623931618
1 0.125 0.6057291666666667 0.0859375 0.09895833333333333
1 0.3070012019230769 0.3244524572649573 0.04068509615384612 0.07598824786324793
1 0.9382211538461538 0.6076655982905983 0.061057692307692334 0.08648504273504282
2 0.96640625 0.2984375 0.0640625 0.10104166666666667
1 0.63671875 0.3212339743589744 0.08713942307692309 0.09919871794871789
1 0.76484375 0.4869791666666667 0.0515625 0.07395833333333333
2 0.266015625 0.7802083333333333 0.08828125 0.09791666666666667
2 0.30859375 0.8494791666666667 0.0546875 0.06145833333333333
2 0.3140524839743589 0.9595085470085469 0.0674078525641026 0.08301282051282056
1 0.21953125 0.69375 0.0578125 0.08958333333333333
1 0.11363181089743593 0.3056891025641026 0.03956330128205132 0.057425213675213624
1 0.8876201923076923 0.03565705128205131 0.08413461538461534 0.07131410256410262
0 0.340625 0.7520833333333333 0.0625 0.07916666666666666
3 0.348828125 0.0328125 0.07265625 0.065625
