0 0.5233241479049406 0.08897390296018344 0.024235850531582236 0.036991218469876984
0 0.98046875 0.6325988247863248 0.0234375 0.03394764957264963
0 0.5087740384615385 0.736832264957265 0.03557692307692299 0.04449786324786326
0 0.3565388832658569 0.48209978070175435 0.041856443994601866 0.05773026315789469
0 0.4191611842105263 0.3824997188484031 0.03585526315789469 0.04750056230319384
0 0.6378271087398374 0.16502371273712738 0.030240091463414664 0.04749322493224932
0 0.749609375 0.20625 0.02890625 0.04375
0 0.696484375 0.10625 0.02578125 0.0375
0 0.6737780448717949 0.3530982905982906 0.025040064102564142 0.032051282051282055
1 0.39872576610381494 0.13005165989159892 0.04985537836147587 0.04968665311653116
1 0.24429613697705804 0.19610745614035086 0.041012989203778626 0.043092105263157904
1 0.25940452091767885 0.45275880004498426 0.052737010796221284 0.05281573324336476
1 0.202734375 0.7911324786324787 0.047656250000000046 0.05341880341880341
1 0.4243790064102564 0.6842948717948719 0.04507211538461542 0.06677350427350413
1 0.5084703947368421 0.9453947368421053 0.03569078947368416 0.07412280701754384
1 0.8850260416666668 0.9765090811965813 0.037239583333333395 0.04489850427350426
1 0.8695913461538461 0.24225427350427353 0.044070512820512775 0.05608974358974364
1 0.783203125 0.0671875 0.05703125 0.059375
1 0.7456029647435898 0.08655181623931626 0.03848157051282044 0.0710202991452992
1 0.5015625 0.2786458333333333 0.05625 0.06145833333333333
1 0.4681021341463415 0.15675161559307904 0.06608231707317076 0.060649885345007246
1 0.47261513157894736 0.22094298245614036 0.04161184210526318 0.05701754385964911
1 0.7933693910256411 0.4735844017094017 0.05388621794871788 0.0555021367521368
1 0.6081229967948718 0.8606837606837607 0.05218349358974361 0.05053418803418808
1 0.9237780448717949 0.3620726495726496 0.08193108974358979 0.0633547008547008
1 0.8180288461538462 0.37974091880341887 0.061057692307692334 0.061565170940170985
1 0.7781951121794872 0.2120592948717949 0.04857772435897445 0.05713141025641022
1 0.30234375 0.3020833333333333 0.0484375 0.09583333333333334
2 0.4857297992577598 0.48173920377867746 0.07261091430499338 0.12466261808367082
2 0.69296875 0.5234375 0.0875 0.11979166666666667
1 0.69453125 0.4479166666666667 0.0375 0.06458333333333334
1 0.725 0.46770833333333334 0.0296875 0.075
2 0.570703125 0.2575981219073324 0.08885690789473681 0.0867774403958614
2 0.5905554149797572 0.4225005623031939 0.049152327935222576 0.10675326135852442
2 0.5286405617408907 0.3340305892937472 0.04798203441295534 0.06768443544759334
2 0.3837733594089527 0.7742297280168043 0.05872446762277268 0.06506455526582648
0 0.7869591346153847 0.9690838675213675 0.02704326923076934 0.051415598290598295
0 0.6071314102564103 0.8208600427350429 0.03613782051282053 0.05411324786324781
0 0.571484375 0.5036458333333333 0.03515625 0.040625
