0 0.09164244186046511 0.25935077519379846 0.018204941860465108 0.02514534883720927
0 0.137890625 0.5234375 0.02890625 0.028125
0 0.193359375 0.5671875 0.04296875 0.051041666666666666
0 0.263453851744186 0.5372698643410853 0.022510901162790687 0.03132267441860475
0 0.1889625726744186 0.6128754844961241 0.03886264534883721 0.04241763565891479
0 0.10724927325581395 0.6909399224806201 0.023001453488372115 0.04103682170542638
0 0.41839804151759097 0.6307564972172531 0.030573103011329827 0.041781579208904775
0 0.5155341569767442 0.541327519379845 0.03343023255813957 0.048643410852713134
0 0.5622365552325581 0.5141593992248061 0.03086845930232558 0.03878391472868212
0 0.6098201308139535 0.7758478682170543 0.02381904069767442 0.03381782945736435
0 0.5918150436046512 0.7165259764460346 0.028034156976744207 0.039816264162194415
0 0.30293422965116285 0.291921027131783 0.03166787790697669 0.037524224806201545
0 0.19650254360465116 0.14125484496124036 0.028324854651162766 0.045736434108527124
0 0.46464389534883727 0.38356346899224814 0.03255813953488369 0.03834786821705425
0 0.8865643168604652 0.5177567829457365 0.029923691860465063 0.04491279069767439
0 0.38200399709302324 0.11337675163983303 0.020694040697674422 0.030029442456768033
0 0.7754698214818128 0.4618338178294573 0.015920822152653537 0.021099806201550445
0 0.7163789970930233 0.37456395348837207 0.026907703488372105 0.029699612403100713
0 0.6859647529069768 0.3854408914728682 0.015061773255813992 0.02126937984496126
0 0.6848564680232558 0.4365673449612403 0.019095203488372015 0.02681686046511634
0 0.40253591793381044 0.30211967054263567 0.016875838550983825 0.023183139534883778
0 0.3522370676803816 0.21501937984496125 0.018454643709004202 0.02659883720930232
0 0.1731286337209302 0.0690406976744186 0.03030523255813955 0.03391472868217054
0 0.09140625 0.07395833333333333 0.0234375 0.022916666666666665
0 0.09946402616279068 0.08458091085271317 0.03253997093023253 0.044016472868217055
0 0.16021984011627904 0.1549297480620155 0.010955668604651136 0.017175387596899228
0 0.1864189680232558 0.7904889683959451 0.04667514534883717 0.04935152057245074
0 0.5371128689624329 0.8900072674418605 0.04205333184257611 0.04895833333333345
0 0.848001453488372 0.8263640429338104 0.021656976744186096 0.029684704830053595
0 0.9409883720930233 0.9408262522361359 0.040988372093023175 0.05269827072152656
0 0.2539153343023256 0.4534035852713178 0.02836119186046515 0.04319282945736435
0 0.012936046511627896 0.683078972868217 0.016642441860465096 0.02434593023255817
0 0.3877089389534883 0.03375726744186047 0.029778343023255705 0.04391957364341085
0 0.41434411337209304 0.04143653100775194 0.021420784883720945 0.033406007751937986
0 0.36045836128503284 0.05830165474060823 0.019272230918306387 0.031168008348240916
0 0.2255178052325581 0.2247577519379845 0.03751816860465111 0.044670542635658915
0 0.8016170058139535 0.3891246148876963 0.03266715116279073 0.040549219837010556
0 0.6649618459302327 0.15124757751937987 0.03617369186046515 0.028754844961240315
0 0.5123183139534884 0.4278464147286822 0.033502906976744205 0.04304748062015508
0 0.34783001639833033 0.38577569071755125 0.0318108974358974 0.04240210693699063
0 0.2652162063953488 0.9909399224806201 0.01644258720930236 0.01603682170542638
0 0.47933554151759095 0.7211165772212282 0.020435021615980986 0.03426878354203957
0 0.8428974731663686 0.04705668604651163 0.03640708855098378 0.042756782945736434
0 0.855859375 0.019270833333333334 0.02734375 0.030208333333333334
0 0.2751635174418604 0.020554748062015505 0.02725290697674416 0.03277616279069768
1 0.708030523255814 0.342781007751938 0.05450581395348841 0.04360465116279067
1 0.6491006540697675 0.16596414728682168 0.039298691860465064 0.04234496124031007
1 0.4853379360465116 0.22811288759689924 0.0384084302325582 0.06945251937984495
1 0.4348201308139535 0.30944767441860466 0.03406613372093022 0.06908914728682168
1 0.5023164970930233 0.3773619186046512 0.028070494186046523 0.05680717054263565
1 0.3639625726744186 0.47432481117074143 0.048601017441860475 0.05789107533293579
1 0.11484375 0.4869791666666667 0.0421875 0.04895833333333333
1 0.2710664970930233 0.7733769379844961 0.0572492732558139 0.03754844961240309
1 0.40488735465116277 0.9724685077519379 0.04960029069767442 0.05297965116279073
1 0.78359375 0.88125 0.0359375 0.075
1 0.6839629453637448 0.6237142218246868 0.04540986508646387 0.06313357185450208
1 0.6511453208855098 0.503276560325979 0.05719150641025648 0.05876068376068376
1 0.7425392255515803 0.2585998062015504 0.03363521168753723 0.07146317829457362
2 0.8133085029069769 0.19228439922480617 0.04289607558139537 0.07328003875968993
2 0.9348655523255814 0.19379844961240308 0.05959302325581391 0.06419573643410853
1 0.8988917151162792 0.03894137596899225 0.05377906976744189 0.06746608527131782
1 0.9118095930232558 0.12354651162790699 0.038481104651162924 0.05450581395348837
1 0.9598112794424567 0.33636143410852715 0.04331348762671432 0.06007751937984498
1 0.0913971656976744 0.7841448643410852 0.04594840116279066 0.05598352713178289
1 0.09082485465116279 0.7296511627906976 0.039207848837209326 0.046996124031007724
1 0.03876201923076928 0.42855235042735046 0.05909455128205129 0.057425213675213624
1 0.03257630813953487 0.026041666666666668 0.04640261627906974 0.052083333333333336
0 0.053615552325581385 0.025145348837209303 0.030668604651162768 0.03570736434108527
0 0.7509629360465115 0.0563468992248062 0.01587936046511631 0.02175387596899226
0 0.2913699127906977 0.13992248062015503 0.02572674418604648 0.03386627906976747
1 0.7259894901610018 0.8247577519379845 0.04318537567084073 0.05673449612403102
1 0.8892465153548003 0.6810198643410852 0.04181946929039952 0.042999031007751994
1 0.8563771802325583 0.5357194767441861 0.05214389534883725 0.056225775193798455
1 0.5961233322152654 0.5639581469886702 0.03486089370900416 0.045775566487776
1 0.6085574127906976 0.5158187984496124 0.03997093023255811 0.037887596899224836
1 0.6074037063953488 0.48694282945736433 0.03675508720930232 0.0448643410852713
0 0.20385174418604649 0.3349079457364341 0.041787790697674396 0.05450581395348841
0 0.13306686046511626 0.6889534883720929 0.03164970930232556 0.048934108527131905
0 0.233375726744186 0.724624515503876 0.04632994186046511 0.062378875968992276
1 0.35805777616279066 0.8019761851520573 0.0449672965116279 0.05908057543231967
3 0.8627781194096601 0.26625484496124036 0.022990272808586808 0.032267441860465214
3 0.4764807412790697 0.5906007751937985 0.025236191860465152 0.03851744186046512
2 0.8788426598837209 0.3258236434108527 0.056268168604651336 0.07873062015503875
0 0.8379632994186046 0.12017926356589147 0.011755087209302139 0.01642441860465116
0 0.058203125 0.5197916666666667 0.04140625 0.04583333333333333
0 0.7608103197674418 0.6062984496124031 0.015261627906976827 0.021656976744185978
0 0.4341127198867024 0.7320025218644405 0.02821351371496732 0.03914418107732066
0 0.27154796511627904 0.43791182170542636 0.018132267441860427 0.026550387596899285
0 0.31987645348837207 0.271875 0.019585755813953477 0.027955426356589187
0 0.2615195941413238 0.9021196705426356 0.018203544275491847 0.021099806201550327
0 0.5377385211687538 0.10546579954283443 0.018999701848539097 0.03495018386006759
0 0.8734375 0.009895833333333333 0.03125 0.019791666666666666
0 0.4471405411449016 0.17570282995428343 0.025095035778175224 0.037694419598489376
0 0.5477834302325582 0.19353197674418604 0.01980377906976747 0.027180232558139544
0 0.16183684593023254 0.9161716110117273 0.01680595930232558 0.02448817332538257
0 0.9443677325581395 0.03596172480620155 0.040588662790697685 0.04556686046511628
0 0.5042568108974359 0.02029914529914532 0.047576121794871896 0.04059829059829064
