0 0.438671875 0.275 0.04609375 0.06666666666666667
0 0.155078125 0.12395833333333334 0.03203125 0.0375
0 0.13012820512820517 0.0980902777777778 0.033493589743589694 0.03993055555555561
0 0.46015625 0.03697916666666667 0.03125 0.042708333333333334
0 0.275390625 0.3776041666666667 0.03515625 0.04479166666666667
0 0.31640625 0.409375 0.0296875 0.035416666666666666
0 0.8129807692307691 0.5640046296296296 0.03723290598290596 0.050231481481481426
0 0.04005363805970149 0.8390391791044777 0.029267723880597018 0.03442164179104476
0 0.28984375 0.9817708333333334 0.03125 0.034375
0 0.2625 0.9901041666666667 0.0234375 0.017708333333333333
0 0.121484375 0.3484375 0.02890625 0.042708333333333334
0 0.09326026119402986 0.4012282338308458 0.04472947761194028 0.04828980099502491
0 0.084375 0.3494791666666667 0.046875 0.059375
0 0.5122045272435898 0.47338408119658126 0.015154246794871717 0.018509615384615388
0 0.56328125 0.6545138888888888 0.023177083333333393 0.03530092592592583
0 0.6525240384615385 0.09967948717948719 0.01225961538461533 0.015384615384615389
1 0.7907351762820513 0.03899572649572652 0.045532852564102555 0.07799145299145303
1 0.8359375 0.3307291666666667 0.05 0.057291666666666664
1 0.89375 0.4390625 0.034375 0.046875
1 0.920703125 0.5109375 0.05703125 0.08854166666666667
1 0.8953776041666668 0.8873842592592592 0.029557291666666607 0.052777777777777736
1 0.6654797676282052 0.5134214743589743 0.03913261217948723 0.07865918803418807
1 0.6375951522435898 0.16605235042735045 0.028796073717948633 0.05758547008547013
1 0.3331380208333333 0.16009837962962958 0.08198784722222223 0.054803240740740715
1 0.2889539930555555 0.3206018518518518 0.06618923611111108 0.07523148148148148
1 0.47734375 0.42864583333333334 0.0515625 0.08020833333333334
1 0.32037760416666666 0.48909143518518516 0.0639322916666667 0.05943287037037036
1 0.226953125 0.709375 0.06015625 0.058333333333333334
1 0.146484375 0.3651041666666667 0.04140625 0.078125
1 0.047265625 0.0328125 0.05859375 0.065625
1 0.471484375 0.03854166666666667 0.04453125 0.07708333333333334
1 0.5702690972222222 0.7996238425925927 0.040711805555555536 0.057581018518518455
2 0.7890625 0.3578125 0.0453125 0.109375
2 0.3907251602564103 0.08293269230769233 0.07792467948717943 0.063301282051282
2 0.17876602564102567 0.558573717948718 0.05753205128205132 0.0671474358974359
2 0.6210286458333334 0.8000912571225072 0.0639322916666667 0.14345174501424499
2 0.6063301282051283 0.9611511752136752 0.06578525641025648 0.07561431623931618
2 0.34117184510141596 0.9739473705191989 0.056462279946421744 0.052372352978696315
2 0.296484375 0.6296875 0.05703125 0.10520833333333333
0 0.21953125 0.7401041666666667 0.025 0.034375
1 0.1953125 0.7557291666666667 0.04375 0.06145833333333333
1 0.29609375 0.8041666666666667 0.0515625 0.075
1 0.274609375 0.775 0.05390625 0.07083333333333333
0 0.813671875 0.3640625 0.03671875 0.057291666666666664
0 0.91484375 0.37864583333333335 0.03125 0.042708333333333334
0 0.840625 0.9817708333333334 0.0296875 0.034375
