0 0.1823417467948718 0.5276709401709402 0.038361378205128284 0.054166666666666786
0 0.4939828725961538 0.4772143763354701 0.03644831730769234 0.04882645566239319
0 0.457792467948718 0.9106837606837607 0.03433493589743595 0.04401709401709416
0 0.8466846955128204 0.9036992521367521 0.04180689102564106 0.04997329059829063
0 0.9151276926803817 0.6155206469886703 0.027302754174120557 0.03954979129397742
0 0.5735877403846155 0.4235710470085471 0.03311298076923084 0.0341079059829059
3 0.6481870993589743 0.2232638888888889 0.04817708333333339 0.05934829059829063
3 0.6045166015625 0.182421875 0.066845703125 0.08098958333333334
3 0.6943209134615385 0.4737847222222223 0.048056891025641146 0.06578525641025651
3 0.8278014590787119 0.6246412865235539 0.04933894230769216 0.06854688431723327
3 0.9724659455128204 0.7903445512820514 0.053505608974358944 0.08389423076923078
3 0.32889623397435896 0.6729033119658119 0.04573317307692317 0.0708600427350427
3 0.2646334134615385 0.6966212606837607 0.05206330128205132 0.06615918803418808
3 0.3870981069711538 0.3433769030448718 0.032932692307692336 0.04631911057692311
0 0.46492387820512826 0.6051014957264957 0.032091346153846255 0.04353632478632482
0 0.8217217315146094 0.48000397535281253 0.017893746273106713 0.024730421387398196
0 0.8813340880292188 0.327365024349036 0.02039868440667849 0.02840948618564892
3 0.4022216796875 0.5052734375 0.071044921875 0.09036458333333333
3 0.020132211538461557 0.45552884615384615 0.040264423076923114 0.15144230769230765
0 0.2869290865384616 0.7777644230769231 0.04953926282051282 0.05077457264957263
0 0.02510016025641028 0.936030982905983 0.02632211538461543 0.03605769230769233
