1 0.7148337339743589 0.3585603632478633 0.049098557692307754 0.04249465811965815
1 0.6401141826923078 0.41294070512820513 0.04228766025641022 0.06461004273504276
1 0.38745993589743594 0.40470085470085476 0.04679487179487189 0.036431623931623906
1 0.3791666666666667 0.43926282051282056 0.04479166666666665 0.04935897435897439
1 0.24409054487179488 0.547409188034188 0.04306891025641031 0.052083333333333336
1 0.18903245192307694 0.7699118589743589 0.03699919871794877 0.09377670940170937
1 0.5864483173076923 0.6894230769230769 0.04945913461538467 0.050320512820512774
1 0.955859375 0.21927083333333333 0.06484375 0.059375
1 0.912109375 0.278125 0.04921875 0.05
1 0.6327123397435898 0.19281517094017095 0.03104967948717956 0.05603632478632476
1 0.08532652243589747 0.6678018162393163 0.04409054487179494 0.05515491452991448
0 0.7368790064102564 0.08867521367521372 0.0370592948717948 0.04006410256410257
0 0.728515625 0.13652510683760685 0.02890625 0.034375
0 0.755859375 0.21822916666666667 0.03046875 0.040625
0 0.7883413461538462 0.22029914529914532 0.04230769230769234 0.04690170940170937
0 0.8252303685897436 0.27231570512820513 0.04264823717948722 0.05745192307692305
0 0.907421875 0.38717948717948725 0.03359375 0.04935897435897439
0 0.98125 0.11302083333333333 0.0359375 0.059375
0 0.9481570512820513 0.079286858974359 0.034935897435897444 0.04281517094017098
0 0.6680388621794873 0.04145299145299148 0.03050881410256414 0.03376068376068372
0 0.4829727564102565 0.14615384615384616 0.03205128205128212 0.042628205128205136
0 0.36970152243589743 0.17365117521367524 0.022215544871794935 0.027697649572649603
0 0.2767427884615385 0.1092280982905983 0.03185096153846154 0.04169337606837612
0 0.17059294871794872 0.23858173076923078 0.03181089743589745 0.05008012820512822
0 0.1587840544871795 0.29859775641025643 0.02538060897435899 0.02988782051282044
0 0.1514423076923077 0.4451255341880342 0.050080128205128194 0.053659188034188135
0 0.155859375 0.3963541666666667 0.03671875 0.04479166666666667
0 0.32114383012820513 0.2266025641025641 0.024899839743589735 0.03012820512820511
0 0.3494591346153846 0.2615251068376069 0.0406650641025641 0.052270299145299175
0 0.3984375 0.2515625 0.0390625 0.046875
0 0.2536057692307693 0.0586271367521368 0.022035256410256387 0.01736111111111113
0 0.0501101762820513 0.7642361111111112 0.03571714743589739 0.04503205128205122
0 0.338261217948718 0.7055422008547009 0.039022435897435905 0.04297542735042749
0 0.36868990384615385 0.5772302350427351 0.03425480769230771 0.04762286324786314
0 0.4009014423076923 0.8311832264957265 0.02792467948717956 0.045432692307692334
0 0.34490184294871795 0.8869925213675214 0.0137219551282052 0.019284188034188195
0 0.29453125 0.857238247863248 0.020312500000000046 0.028044871794871775
0 0.2512820512820513 0.9131410256410255 0.024679487179487182 0.03108974358974367
0 0.13938301282051285 0.9757745726495728 0.03613782051282057 0.04471153846153856
0 0.09189703525641028 0.9878605769230769 0.02714342948717944 0.022195512820512776
0 0.6337039262820513 0.909869123931624 0.031069711538461588 0.03496260683760681
0 0.5770933493589744 0.8851896367521367 0.03411458333333339 0.049599358974359
0 0.659375 0.6015625 0.034375 0.05520833333333333
0 0.690234375 0.578125 0.03671875 0.04375
0 0.7227463942307694 0.5831730769230768 0.030829326923076918 0.038141025641025665
0 0.982421875 0.7453125 0.03046875 0.046875
0 0.9576923076923076 0.6642628205128206 0.034134615384615506 0.04273504273504282
0 0.630088141025641 0.3104967948717949 0.036298076923077 0.04513888888888893
0 0.5445612980769231 0.2685229700854702 0.021053685897435948 0.03026175213675213
0 0.7679987980769231 0.2771501068376069 0.02718349358974361 0.034375
0 0.7325721153846153 0.43333333333333335 0.017628205128205197 0.023824786324786372
0 0.8211738782051281 0.43473557692307696 0.026722756410256388 0.042387820512820557
0 0.7940905448717949 0.39415064102564107 0.02880608974358978 0.03669871794871789
0 0.44959935897435893 0.429153311965812 0.034695512820512864 0.05088141025641028
0 0.4525540865384616 0.6335470085470085 0.043329326923076825 0.058760683760683816
2 0.2592147435897436 0.687326388888889 0.08092948717948723 0.07673611111111119
0 0.8763421474358974 0.577457264957265 0.02455929487179489 0.03472222222222226
0 0.7608173076923077 0.6473691239316239 0.03725961538461551 0.0551549145299146
0 0.05190304487179489 0.2655582264957265 0.02880608974358979 0.041533119658119705
0 0.03876201923076928 0.4786324786324787 0.025040064102564107 0.0347222222222222
0 0.22375801282051283 0.6037660256410258 0.02363782051282053 0.030181623931623967
0 0.12021233974358973 0.7173611111111112 0.03241185897435903 0.05138888888888893
0 0.12477964743589746 0.8856436965811966 0.03329326923076929 0.03800747863247859
0 0.599158653846154 0.21346153846153848 0.034054487179487225 0.04423076923076928
1 0.401171875 0.2947916666666667 0.04765625 0.04791666666666667
1 0.19097556089743592 0.18478899572649574 0.04312900641025643 0.04014423076923081
1 0.8045673076923077 0.8331864316239316 0.021875 0.05211004273504282
0 0.8443509615384617 0.8479700854700856 0.030448717948718063 0.0412393162393163
0 0.082421875 0.3380208333333333 0.01328125 0.021875
0 0.095703125 0.32708333333333334 0.02578125 0.027083333333333334
0 0.103515625 0.371875 0.01640625 0.025
0 0.13992387820512825 0.1620459401709402 0.04106570512820511 0.042574786324786285
0 0.92578125 0.5020833333333333 0.028125 0.03958333333333333
0 0.2346254006410257 0.40850694444444446 0.021935096153846166 0.036084401709401824
0 0.1358173076923077 0.5996661324786324 0.03725961538461542 0.04906517094017104
0 0.34725560897435903 0.38915598290598297 0.015024038461538458 0.02136752136752141
0 0.284765625 0.058854166666666666 0.01796875 0.023958333333333335
0 0.740625 0.0390625 0.0140625 0.019791666666666666
0 0.7592147435897436 0.039142628205128226 0.018429487179487225 0.02379807692307688
0 0.6280348557692308 0.11805555555555561 0.018369391025641148 0.026709401709401705
0 0.4994290865384616 0.09043803418803421 0.019170673076923172 0.039209401709401764
0 0.47555088141025637 0.085803952991453 0.019210737179487136 0.026308760683760632
0 0.525390625 0.20885416666666667 0.02421875 0.023958333333333335
0 0.52421875 0.18802083333333333 0.028125 0.03229166666666667
0 0.9609375 0.4401041666666667 0.0234375 0.034375
0 0.5973858173076924 0.539650106837607 0.02558092948717956 0.027537393162393186
1 0.21042668269230771 0.8304220085470085 0.03627804487179489 0.07099358974358978
0 0.08004807692307694 0.8144097222222223 0.022596153846153887 0.030902777777777855
0 0.009114583333333353 0.7891426282051283 0.018229166666666706 0.03870192307692311
0 0.011117788461538486 0.5334668803418803 0.022235576923076972 0.05860042735042737
0 0.794921875 0.2911458333333333 0.01953125 0.028125
0 0.920703125 0.24479166666666666 0.03203125 0.0375
1 0.94375 0.2984375 0.0359375 0.07395833333333333
0 0.48515625 0.7520833333333333 0.0203125 0.035416666666666666
0 0.646875 0.7088541666666667 0.015625 0.021875
1 0.6638521634615385 0.9785790598290599 0.03888221153846159 0.043696581196581145
