0 0.48587740384615385 0.32900641025641036 0.028245192307692422 0.0375
0 0.6266726762820513 0.6575988247863248 0.057151442307692424 0.0881143162393163
0 0.8003205128205128 0.24793002136752137 0.044391025641025726 0.06610576923076929
1 0.45615985576923085 0.10737179487179492 0.051622596153846255 0.09348290598290597
1 0.2299178685897436 0.33952991452991454 0.055388621794871806 0.07788461538461545
2 0.8146834935897436 0.8398771367521367 0.061738782051282116 0.09214743589743589
3 0.1477063301282051 0.6946314102564102 0.07578125 0.08958333333333333
0 0.175390625 0.7640625 0.05546875 0.06979166666666667
0 0.60234375 0.5651709401709402 0.0375 0.05
0 0.5941506410256411 0.11919070512820513 0.024038461538461585 0.029780982905982953
1 0.20357572115384617 0.18217147435897438 0.03796073717948718 0.06674679487179493
1 0.198046875 0.8744791666666667 0.04921875 0.08854166666666667
