1 0.3893229166666667 0.4292200854700855 0.0771233974358975 0.07745726495726496
1 0.7709334935897437 0.41920405982905984 0.05508814102564106 0.10817307692307694
0 0.8565705128205128 0.20219017094017097 0.05809294871794872 0.07211538461538464
0 0.17559094551282053 0.6983173076923078 0.055869391025641056 0.07879273504273504
0 0.314453125 0.12692307692307694 0.05859375000000004 0.07115384615384611
3 0.33046875 0.18125 0.059375 0.04791666666666667
3 0.3369791666666667 0.22357104700854702 0.039583333333333345 0.053392094017094036
2 0.2861578525641026 0.4018429487179488 0.09915865384615383 0.1482371794871795
2 0.14793669871794873 0.30168269230769235 0.12319711538461538 0.16426282051282054
0 0.7120592948717949 0.7896501068376068 0.04150641025641022 0.05638354700854708
