0 0.498828125 0.3932291666666667 0.02890625 0.034375
0 0.37329727564102566 0.4118589743589744 0.027043269230769253 0.037393162393162406
0 0.3577724358974359 0.31103098290598297 0.020032051282051277 0.028044871794871775
0 0.1906951121794872 0.2094684829059829 0.026422275641025596 0.03352029914529918
0 0.38261217948717946 0.11020299145299148 0.03165064102564101 0.03707264957264962
0 0.59453125 0.23333333333333334 0.0328125 0.041666666666666664
0 0.498828125 0.28125 0.02890625 0.04583333333333333
0 0.516015625 0.3104166666666667 0.02734375 0.027083333333333334
0 0.46444310897435903 0.3376068376068376 0.04707532051282044 0.055021367521367576
0 0.705859375 0.3229166666666667 0.02578125 0.027083333333333334
0 0.8953125 0.17760416666666667 0.034375 0.04895833333333333
0 0.85078125 0.15989583333333332 0.0328125 0.036458333333333336
0 0.836328125 0.15052083333333333 0.02578125 0.034375
0 0.84609375 0.18958333333333333 0.0265625 0.03333333333333333
0 0.9625 0.28489583333333335 0.0328125 0.051041666666666666
0 0.7755909455128205 0.6097622863247864 0.02774439102564106 0.03255876068376059
0 0.7423878205128206 0.5739583333333333 0.03605769230769233 0.04375
0 0.7595953525641026 0.7501201923076923 0.03169070512820511 0.04350961538461533
0 0.4024539262820513 0.8633547008547009 0.04084535256410264 0.0482905982905983
0 0.3453125 0.7770833333333333 0.034375 0.035416666666666666
0 0.18046875 0.8869791666666667 0.0328125 0.034375
0 0.096875 0.9744791666666667 0.028125 0.030208333333333334
0 0.5260016025641026 0.48174412393162397 0.030128205128205198 0.03026175213675207
1 0.4243990384615385 0.6831864316239317 0.055048076923077005 0.056543803418803405
1 0.54765625 0.5505208333333333 0.0390625 0.03854166666666667
1 0.6994591346153847 0.3606436965811966 0.03233173076923075 0.03912927350427342
3 0.5707431891025642 0.8256143162393162 0.033313301282051275 0.05026709401709404
3 0.5095552884615385 0.7840811965811966 0.040985576923077006 0.05267094017094014
3 0.025641025641025668 0.6482371794871795 0.051282051282051336 0.08279914529914525
0 0.6092347756410257 0.8762686965811965 0.022155448717948632 0.028712606837606812
0 0.619921875 0.865625 0.02109375 0.027083333333333334
0 0.71015625 0.13229166666666667 0.0296875 0.035416666666666666
3 0.6013421474358974 0.4767094017094017 0.02568108974358978 0.0332264957264958
0 0.282421875 0.18333333333333332 0.02578125 0.03125
0 0.237109375 0.1828125 0.02578125 0.034375
0 0.476953125 0.7572916666666667 0.02265625 0.03333333333333333
