0 0.2828125 0.20208333333333334 0.034375 0.03958333333333333
2 0.7228565705128206 0.9340277777777779 0.10717147435897437 0.09081196581196581
2 0.29490184294871796 0.7771901709401711 0.10863381410256409 0.12938034188034198
2 0.11809895833333335 0.8111645299145299 0.1127604166666667 0.1495726495726495
2 0.05618990384615387 0.46511752136752144 0.11037660256410257 0.15256410256410266
2 0.207421875 0.4942708333333333 0.11328125 0.14479166666666668
2 0.13942307692307696 0.2729700854700855 0.11618589743589744 0.2003205128205128
2 0.295673076923077 0.11334134615384617 0.1302083333333334 0.11359508547008552
2 0.45797275641025637 0.1059027777777778 0.08806089743589754 0.12313034188034193
2 0.5449519230769232 0.5413995726495727 0.10240384615384626 0.11752136752136752
2 0.276943108974359 0.5396100427350429 0.06951121794871798 0.09172008547008552
2 0.7594150641025641 0.42588141025641035 0.10216346153846159 0.11084401709401709
2 0.494921875 0.265625 0.06171875 0.0875
2 0.5635717147435898 0.8422542735042735 0.09120592948717957 0.05534188034188041
2 0.386318108974359 0.8332131410256411 0.07712339743589754 0.1268429487179488
1 0.7380108173076924 0.5757345085470085 0.05482772435897445 0.062206196581196714
1 0.5896434294871795 0.7221688034188034 0.0671073717948718 0.08183760683760694
0 0.06015625 0.8958333333333334 0.05 0.04583333333333333
0 0.9411258012820513 0.777230235042735 0.057251602564102555 0.06786858974358978
1 0.3369791666666667 0.970940170940171 0.039583333333333345 0.0497863247863247
