1 0.4235677083333334 0.1774839743589744 0.042688301282051366 0.07612179487179489
1 0.5883313301282052 0.5619791666666667 0.03984375 0.06354166666666666
1 0.5768329326923076 0.6484375 0.06953125 0.07395833333333333
1 0.07638221153846156 0.6762553418803419 0.07223557692307689 0.07751068376068382
1 0.15214705230496456 0.7442966903073286 0.03579898049645389 0.07730496453900706
1 0.755839342948718 0.26128472222222227 0.061237980769230836 0.08480235042735049
1 0.879657451923077 0.47040598290598296 0.06400240384615383 0.07168803418803413
0 0.97421875 0.5604166666666667 0.0375 0.04791666666666667
0 0.7819511217948719 0.12422542735042735 0.0390625 0.05710470085470088
0 0.6377203525641025 0.172903311965812 0.03104967948717947 0.042548076923076945
0 0.6856971153846153 0.21813568376068376 0.03525641025641031 0.05625000000000003
0 0.7380308493589743 0.3490651709401709 0.028745993589743613 0.032104700854700914
0 0.9112179487179487 0.9020699786324786 0.043189102564102556 0.05627670940170937
0 0.7844951923076924 0.7959668803418803 0.04399038461538467 0.04973290598290596
0 0.55625 0.8864583333333333 0.0484375 0.06041666666666667
0 0.21621871590289143 0.7840380069103474 0.027336504364429894 0.031805782869612526
0 0.09275216584158415 0.5838899995768808 0.035566212871287105 0.05086686553270698
0 0.18179284875602947 0.4417351590928324 0.040034351992891536 0.04639766861301512
0 0.16645642929677584 0.38496445798426 0.02893738893120077 0.0382394008631632
0 0.4744591346153847 0.04126602564102568 0.03305288461538467 0.04941239316239317
2 0.2862963720676487 0.8442387252227678 0.06337800054555372 0.08870931078377899
1 0.8815104166666667 0.17347756410256412 0.04427083333333339 0.06810897435897437
1 0.7032952724358974 0.4399839743589744 0.05214342948717956 0.07996794871794878
1 0.524959935897436 0.8579460470085469 0.0719551282051281 0.06952457264957262
1 0.4609375 0.7578125 0.065625 0.059375
1 0.834765625 0.32230235042735045 0.03046875 0.06666666666666667
0 0.403926282051282 0.0808894230769231 0.0702724358974359 0.0930288461538462
1 0.1648003472222222 0.9758969907407408 0.0500868055555556 0.04612268518518524
1 0.8315604967948719 0.9544738247863248 0.07405849358974362 0.08896901709401703
1 0.6280548878205129 0.5240651709401709 0.07642227564102573 0.09353632478632476
0 0.928125 0.5989583333333334 0.071875 0.0875
