0 0.9424178685897436 0.439690170940171 0.040645032051282115 0.061858974358974333
0 0.5664963942307693 0.32430555555555557 0.04729567307692317 0.05758547008547013
1 0.88125 0.25443376068376067 0.0421875 0.10624999999999991
1 0.09284855769230775 0.8465544871794872 0.06911057692307693 0.09481837606837615
1 0.626171875 0.740224358974359 0.05815304487179498 0.06976495726495718
1 0.19851762820512822 0.13408119658119663 0.0641025641025641 0.05341880341880341
0 0.272676282051282 0.753031517094017 0.02395833333333335 0.03346688034188041
0 0.17208533653846153 0.8399439102564102 0.048858173076923084 0.06263354700854708
0 0.5009715544871794 0.7169871794871796 0.032111378205128285 0.038782051282051457
0 0.9 0.278125 0.05 0.08333333333333333
1 0.94453125 0.26458333333333334 0.05 0.05
