0 0.0933994391025641 0.3017227564102564 0.04597355769230775 0.06001602564102567
0 0.28203125 0.5531517094017094 0.03930288461538463 0.05662393162393163
3 0.6944310897435898 0.42876602564102567 0.05785256410256414 0.07836538461538467
3 0.5521935096153847 0.3650507478632479 0.10194310897435903 0.13902243589743596
3 0.5083133012820513 0.22516025641025644 0.06350160256410264 0.0913461538461538
3 0.47446915064102574 0.25970886752136757 0.06712740384615383 0.08832799145299143
3 0.41394230769230766 0.1671875 0.0238782051282052 0.029941239316239324
3 0.04827724358974364 0.02060630341880344 0.020032051282051287 0.026629273504273545
3 0.4271334134615385 0.570405982905983 0.049579326923077004 0.06335470085470085
3 0.5445212339743589 0.8481704059829059 0.07321714743589754 0.0889155982905983
3 0.8119991987179489 0.9684962606837607 0.05909455128205128 0.0635950854700854
3 0.891376201923077 0.8805956196581197 0.02754407051282044 0.04009081196581204
3 0.9311899038461539 0.8832799145299146 0.03505608974358978 0.05074786324786326
0 0.27013221153846156 0.25787927350427353 0.05308493589743586 0.06757478632478638
0 0.41142828525641023 0.33506944444444453 0.032912660256410306 0.04139957264957269
