1 0.3524828767123288 0.39198772831050227 0.04246575342465757 0.08189212328767125
1 0.05546875 0.39427083333333335 0.0484375 0.06979166666666667
1 0.9214459802350425 0.11799991096866096 0.03818442841880341 0.06376869658119654
1 0.931640625 0.6036458333333333 0.05703125 0.071875
1 0.6822916666666666 0.6834490740740741 0.046875 0.09143518518518512
1 0.5611111111111111 0.8344907407407407 0.04097222222222223 0.1018518518518519
1 0.548828125 0.5505208333333333 0.04609375 0.057291666666666664
1 0.5118775755494506 0.23319215506715507 0.044067651098901095 0.06620115995115998
1 0.4746909340659341 0.24869505494505492 0.041243131868131847 0.08136446886446885
1 0.4815805288461538 0.11947306166056167 0.03769745879120876 0.07881944444444443
1 0.6002031822344323 0.1283482142857143 0.053600045787545805 0.058779761904761925
1 0.51015625 0.5578125 0.0546875 0.115625
1 0.841015625 0.9729166666666667 0.04140625 0.052083333333333336
1 0.889453125 0.9692708333333333 0.04609375 0.059375
2 0.86328125 0.7922453703703703 0.06684027777777786 0.12152777777777786
2 0.525 0.8776041666666666 0.0671875 0.13229166666666667
2 0.0802998310810811 0.5859515765765766 0.08137668918918925 0.09273648648648643
2 0.15078125 0.4666666666666667 0.0828125 0.08541666666666667
2 0.2020303914835165 0.240625 0.06953125 0.08125
2 0.3236177884615385 0.22041933760683763 0.05588942307692304 0.09708867521367524
2 0.3705051369863014 0.28249857305936066 0.047089041095890405 0.06685216894977165
2 0.48534655448717956 0.425093482905983 0.07538060897435903 0.08522970085470079
0 0.6868012223813421 0.24828889343517 0.02921227154937265 0.039474222585924736
0 0.814597185283688 0.4284906914893617 0.037993129432624076 0.06323138297872338
0 0.8417830230496455 0.41578014184397166 0.021775265957446877 0.029550827423167843
0 0.6679716012773722 0.12069647201946472 0.016474680656934203 0.02320559610705595
0 0.41458970716783217 0.7490056818181817 0.027463942307692335 0.040304487179487106
0 0.1000211148648649 0.7237659534534534 0.02222691441441449 0.029194819819819764
0 0.07172015765765771 0.7367914789789789 0.018299549549549553 0.023789414414414387
0 0.6141326121794871 0.6941550925925927 0.04256810897435894 0.04456018518518512
0 0.7850560897435896 0.9158564814814815 0.033653846153846166 0.03865740740740738
0 0.841796875 0.9276041666666667 0.03828125 0.051041666666666666
0 0.5671875 0.9380208333333333 0.0171875 0.023958333333333335
2 0.60234375 0.9479166666666666 0.0515625 0.07083333333333333
0 0.521484375 0.4552083333333333 0.04921875 0.05625
1 0.5842881944444445 0.5907986111111112 0.05364583333333321 0.06840277777777774
3 0.30996116308616306 0.7868116914991915 0.027531618156618178 0.04011535574035582
2 0.693359375 0.9601273148148147 0.06640625 0.07766203703703703
1 0.19140625 0.0390625 0.053125 0.05520833333333333
1 0.3142542353479853 0.10186965811965812 0.04783081501831501 0.05679181929181931
0 0.31921073717948717 0.921073717948718 0.022369123931623935 0.025730056980056894
0 0.175 0.990625 0.0296875 0.016666666666666666
0 0.6437065972222222 0.9605902777777777 0.023350694444444466 0.03252314814814809
0 0.983203125 0.44635416666666666 0.02265625 0.034375
0 0.93359375 0.3796875 0.0171875 0.023958333333333335
0 0.92265625 0.5135416666666667 0.025 0.04583333333333333
