3 0.8165064102564102 0.25572916666666673 0.050080128205128284 0.06653311965811974
3 0.9319811698717949 0.5874732905982907 0.06552483974358977 0.08146367521367519
3 0.7529046474358976 0.811832264957265 0.05108173076923084 0.06810897435897433
3 0.26886017628205133 0.603792735042735 0.07165464743589745 0.09690170940170949
3 0.05159254807692308 0.4384748931623932 0.07149439102564106 0.09634081196581204
3 0.5280348557692308 0.7185897435897436 0.07013221153846158 0.09967948717948723
0 0.6702724358974359 0.4361511752136752 0.024038461538461585 0.031543803418803466
0 0.41990184294871796 0.3905849358974359 0.03199118589743595 0.04292200854700852
0 0.3005909455128205 0.5001068376068376 0.034234775641025686 0.05320512820512828
0 0.2578325320512821 0.7628071581196582 0.057652243589743614 0.07000534188034185
0 0.851201923076923 0.19150641025641027 0.030769230769230837 0.040064102564102554
0 0.8470552884615385 0.7570779914529915 0.02704326923076934 0.03338675213675195
0 0.8997295673076924 0.7216880341880343 0.03988381410256423 0.048076923076922996
0 0.4624399038461539 0.45125534188034194 0.04507211538461533 0.049412393162393126
3 0.221875 0.6359375 0.0421875 0.059375
3 0.4888221153846154 0.3225293803418804 0.044391025641025726 0.050454059829059913
0 0.2633713942307693 0.3553819444444445 0.03255208333333335 0.043509615384615445
