0 0.4238782051282052 0.2903311965811966 0.034054487179487225 0.042735042735042764
0 0.2963541666666667 0.11123130341880344 0.038701923076923085 0.04569978632478636
0 0.2239583333333334 0.11092414529914532 0.043269230769230796 0.051655982905982965
0 0.1970152243589744 0.25627670940170943 0.03505608974358974 0.044070512820512865
0 0.09318910256410258 0.13952991452991453 0.034375000000000044 0.047863247863247915
0 0.542568108974359 0.6088408119658121 0.04507211538461533 0.052083333333333336
0 0.5014723557692309 0.4325587606837607 0.045132211538461586 0.06276709401709397
0 0.049949919871794896 0.8685897435897435 0.032712339743589794 0.048076923076922996
0 0.13147035256410258 0.9166666666666666 0.04018429487179485 0.05341880341880341
0 0.17097355769230768 0.9251736111111112 0.041065705128205156 0.0524305555555556
3 0.6246995192307693 0.20467414529914532 0.05909455128205128 0.0858440170940171
3 0.036939102564102586 0.2933092948717949 0.05072115384615389 0.0741720085470087
0 0.3731971153846154 0.7854834401709402 0.04126602564102559 0.048691239316239414
0 0.566796875 0.803125 0.04296875 0.05416666666666667
0 0.44587339743589743 0.8993322649572649 0.02612179487179498 0.03199786324786326
0 0.5264423076923077 0.9716880341880343 0.0332532051282052 0.044871794871794775
0 0.09435096153846159 0.8345352564102565 0.04006410256410257 0.05475427350427348
0 0.2611177884615385 0.7614983974358974 0.03305288461538462 0.045913461538461556
0 0.16802884615384617 0.5065705128205128 0.032932692307692336 0.04294871794871806
0 0.7552383814102563 0.43271901709401717 0.040404647435897445 0.05710470085470091
0 0.5390625 0.04479166666666667 0.0359375 0.04583333333333333
1 0.859375 0.35625 0.05 0.075
