0 0.6907552083333334 0.2743055555555556 0.0611979166666667 0.07745726495726496
0 0.443359375 0.49114583333333334 0.03359375 0.046875
0 0.6689803685897436 0.9320913461538463 0.03547676282051278 0.04126602564102567
0 0.351953125 0.40074786324786327 0.05370592948717943 0.07564102564102566
3 0.533984375 0.20572916666666666 0.08046875 0.10104166666666667
3 0.5237279647435897 0.12732371794871797 0.09276842948717956 0.11201923076923072
3 0.73515625 0.11666666666666667 0.05625 0.075
3 0.4798277243589745 0.33661858974358977 0.07840544871794881 0.10240384615384622
3 0.5918770032051283 0.5661057692307693 0.061558493589743524 0.07612179487179484
3 0.6297976762820513 0.640224358974359 0.04889823717948714 0.06944444444444452
3 0.6930288461538462 0.6181891025641026 0.05665064102564106 0.07077991452991447
3 0.6089042467948719 0.7044204059829061 0.04060496794871797 0.05323183760683759
3 0.9363181089743591 0.7049813034188034 0.07688301282051295 0.10285790598290608
3 0.5638721955128205 0.9093215811965812 0.06055689102564106 0.07612179487179489
3 0.5095653044871795 0.8940304487179487 0.05118189102564097 0.06931089743589744
3 0.33052884615384615 0.7931356837606838 0.08653846153846154 0.11084401709401703
3 0.030248397435897478 0.8679220085470085 0.050080128205128194 0.06810897435897433
3 0.090625 0.5671875 0.0453125 0.05520833333333333
3 0.28989383012820513 0.5250801282051283 0.02758413461538458 0.03798076923076922
0 0.23205128205128206 0.4896367521367521 0.03108974358974361 0.04209401709401715
0 0.40663060897435893 0.09926549145299149 0.03850160256410264 0.05093482905982912
0 0.48359375 0.21510416666666668 0.04375 0.046875
1 0.7698818108974359 0.8445512820512822 0.06320112179487189 0.08012820512820511
