2 0.750390625 0.35833333333333334 0.09921875 0.13125
2 0.965234375 0.2838541666666667 0.06796875 0.13020833333333334
2 0.95546875 0.64375 0.0875 0.11875
2 0.7921489197530864 0.6296939300411524 0.06288580246913593 0.10583847736625517
2 0.6482783564814815 0.5462962962962963 0.07670717592592595 0.09259259259259262
2 0.75 0.8364583333333333 0.075 0.11041666666666666
2 0.705859375 0.9270833333333334 0.07421875 0.10416666666666667
2 0.3859375 0.0484375 0.0890625 0.090625
2 0.2953125 0.11458333333333333 0.1109375 0.14166666666666666
2 0.2546875 0.1953125 0.0859375 0.115625
2 0.215625 0.5072916666666667 0.0734375 0.14166666666666666
2 0.901171875 0.40208333333333335 0.06953125 0.11875
2 0.8817925347222222 0.5044849537037037 0.058289930555555716 0.09230324074074071
2 0.9546875 0.4354166666666667 0.0578125 0.10416666666666667
2 0.06878004807692305 0.5079571759259259 0.10723157051282046 0.13744212962962965
2 0.025641025641025668 0.6405048076923078 0.051282051282051336 0.09559294871794878
2 0.373046875 0.5234375 0.08828125 0.08020833333333334
2 0.27578125 0.459375 0.0609375 0.08958333333333333
2 0.708984375 0.23854166666666668 0.08203125 0.09583333333333334
2 0.601171875 0.6703125 0.06015625 0.08645833333333333
2 0.1570713141025641 0.7241452991452991 0.07688301282051282 0.1232905982905983
1 0.36328125 0.4244791666666667 0.05 0.071875
1 0.5466145833333333 0.13247863247863248 0.03898237179487181 0.059294871794871834
2 0.15390625 0.12760416666666666 0.05625 0.08645833333333333
1 0.019422743055555535 0.3649884259259259 0.03884548611111107 0.06747685185185179
1 0.5963204089506173 0.9487179487179487 0.06295331790123466 0.06410256410256411
1 0.9165171682098766 0.9054140946502057 0.04755979938271615 0.08166152263374483
1 0.4558979552469136 0.9492476851851852 0.05251736111111116 0.05057870370370369
0 0.457421875 0.740625 0.03828125 0.04583333333333333
0 0.246875 0.36822916666666666 0.0265625 0.036458333333333336
0 0.323828125 0.20052083333333334 0.03046875 0.036458333333333336
0 0.03801081730769233 0.9778445512820514 0.05258413461538466 0.04222756410256411
1 0.2171875 0.6723958333333333 0.0359375 0.07395833333333333
0 0.494921875 0.35052083333333334 0.03515625 0.042708333333333334
2 0.5287860576923077 0.33477564102564106 0.11069711538461542 0.08205128205128212
3 0.4043619791666667 0.44977297008547007 0.03352363782051278 0.04703525641025639
1 0.12578125 0.26145833333333335 0.0453125 0.06666666666666667
