2 0.2849909855769231 0.4571714743589743 0.09498197115384621 0.14975961538461538
2 0.20195813301282053 0.6370192307692307 0.061728766025641105 0.08653846153846155
2 0.1862830528846154 0.7307825854700855 0.08506610576923083 0.08864850427350426
2 0.06753305288461539 0.24457799145299147 0.08117988782051286 0.07948717948717957
2 0.69296875 0.5666666666666667 0.071875 0.12083333333333333
2 0.5483223157051282 0.09328258547008549 0.08414463141025638 0.09468482905982901
2 0.4109375 0.20677083333333332 0.06875 0.09479166666666666
2 0.5176532451923077 0.9480502136752136 0.0768729967948718 0.06810897435897433
2 0.3614032451923077 0.6205261752136751 0.05483774038461533 0.0674412393162393
2 0.5890625 0.14895833333333333 0.0640625 0.06041666666666667
1 0.6189653445512822 0.11034989316239319 0.05704126602564097 0.06605235042735039
1 0.5366836939102564 0.19090544871794873 0.06735777243589736 0.06396901709401712
1 0.582421875 0.184375 0.03828125 0.041666666666666664
1 0.7363932291666666 0.48931623931623935 0.05956530448717956 0.06543803418803419
1 0.6748647836538462 0.37146100427350426 0.054417067307692336 0.04874465811965809
1 0.8162560096153847 0.20759882478632483 0.058092948717948636 0.0946848290598291
1 0.2766376201923077 0.18282585470085475 0.04558293269230775 0.07612179487179489
1 0.2803836137820513 0.31324786324786325 0.026071714743589824 0.04497863247863248
1 0.15786758814102567 0.4000667735042735 0.07879607371794876 0.05296474358974361
1 0.0515625 0.69375 0.0453125 0.07083333333333333
1 0.1650741185897436 0.8402510683760683 0.045292467948717885 0.05133547008547008
1 0.0766776842948718 0.9821848290598291 0.03484575320512825 0.036217948717948666
1 0.4646534455128205 0.6076255341880342 0.053505608974358944 0.04650106837606837
1 0.34909354967948725 0.9014155982905983 0.050250400641025594 0.07991452991452992
1 0.4046875 0.1453125 0.0296875 0.071875
0 0.2223207131410257 0.8980635683760684 0.022005208333333394 0.02785790598290596
0 0.273046875 0.011458333333333333 0.03203125 0.022916666666666665
0 0.9019280849358975 0.34427083333333336 0.026973157051282115 0.039022435897435946
0 0.65078125 0.19270833333333334 0.025 0.03333333333333333
2 0.87890625 0.1734375 0.046875 0.07604166666666666
2 0.0703125 0.7677083333333333 0.0625 0.0875
