1 0.27422876602564106 0.7488114316239316 0.04689503205128207 0.08362713675213675
0 0.40819310897435895 0.3026976495726496 0.037379807692307754 0.04738247863247865
0 0.3625 0.38645833333333335 0.0515625 0.0625
0 0.04410056089743592 0.8926282051282051 0.02838541666666673 0.03472222222222226
0 0.8515625 0.21784188034188035 0.044070512820512775 0.05950854700854702
0 0.87109375 0.7717681623931624 0.041065705128204934 0.04941239316239319
3 0.47996794871794873 0.14819711538461539 0.07011217948717947 0.10264423076923081
3 0.31439302884615383 0.6387286324786324 0.06071714743589749 0.08044871794871801
0 0.7433894230769231 0.7329727564102565 0.030048076923077004 0.03886217948717956
0 0.36812900641025637 0.24826388888888892 0.03874198717948718 0.04674145299145304
