3 0.817209895383175 0.22656370042254875 0.04570661372803233 0.061853872563142225
3 0.8749298878205127 0.0953125 0.04296875 0.046875
3 0.8776041666666667 0.1358840811965812 0.060096153846153834 0.07385149572649577
3 0.9086538461538461 0.06627938034188037 0.048076923076922996 0.0554754273504274
3 0.901953125 0.022916666666666665 0.03984375 0.04583333333333333
3 0.7662359775641026 0.1325320512820513 0.0965344551282051 0.12243589743589739
3 0.740625 0.12291666666666666 0.0234375 0.0375
3 0.6973095154494382 0.14670529026217227 0.0274315308988764 0.041327247191011225
3 0.6643916783707866 0.13027270599250937 0.03840414325842696 0.04987125468164795
3 0.592938701923077 0.15363247863247864 0.06568509615384607 0.08643162393162397
3 0.508984375 0.030729166666666665 0.06015625 0.06145833333333333
3 0.4450096558988764 0.1772003745318352 0.07205933988764049 0.09503745318352058
3 0.45715776821862353 0.29496808929374724 0.04045420040485812 0.060283119658119645
3 0.3390625 0.171875 0.109375 0.13333333333333333
3 0.33809621710526316 0.2576480263157894 0.04173519736842102 0.05268640350877192
3 0.3538266489541161 0.324465811965812 0.042768429487179516 0.04690170940170937
3 0.3449424342105263 0.365953947368421 0.030509868421052612 0.035635964912280646
3 0.23069490131578946 0.2731907894736842 0.07150493421052628 0.07752192982456142
3 0.1747195512820513 0.25781250000000006 0.0505608974358974 0.06503739316239328
3 0.24951923076923074 0.47013888888888894 0.06826923076923079 0.09444444444444447
3 0.06981169871794876 0.6749465811965812 0.0951522435897436 0.13354700854700852
3 0.062890625 0.48541666666666666 0.03046875 0.041666666666666664
3 0.21827924679487182 0.5651842948717949 0.02750400641025639 0.03421474358974355
3 0.243359375 0.5817708333333333 0.02734375 0.03854166666666667
3 0.3614883814102564 0.6288728632478633 0.05266426282051282 0.06543803418803419
3 0.2996794871794872 0.772903311965812 0.08613782051282048 0.11044337606837604
3 0.28359375 0.8687031835205993 0.0507900280898876 0.07205056179775274
3 0.06816366861135119 0.9507016469797368 0.025189516709881864 0.03342576586958614
3 0.44240785256410253 0.9471287393162394 0.09114583333333334 0.10365918803418796
3 0.5395633012820513 0.9407051282051282 0.05108173076923075 0.06677350427350426
3 0.5950821314102563 0.8331063034188034 0.11432291666666669 0.1537660256410258
3 0.6966846955128205 0.8581597222222223 0.029306891025641057 0.03955662393162385
3 0.6871494391025641 0.9778445512820514 0.038361378205128284 0.04222756410256411
3 0.43778044871794874 0.7693643162393163 0.033814102564102465 0.04460470085470085
3 0.588631810897436 0.5776041666666667 0.11320112179487189 0.15520833333333328
3 0.56796875 0.6526041666666667 0.046875 0.053125
3 0.544921875 0.6708333333333333 0.02421875 0.03125
3 0.512109375 0.5276041666666667 0.05859375 0.08229166666666667
3 0.6347956730769231 0.40117521367521375 0.07495993589743595 0.0934829059829059
3 0.6030048076923077 0.4535256410256411 0.04038461538461542 0.05288461538461545
3 0.7581332378997407 0.4452862407567464 0.062034085998271316 0.08555111399212514
3 0.9434427668539327 0.6312166882742726 0.030249297752808955 0.03906475079227872
3 0.7965317541774705 0.7168443292038799 0.0484393006338232 0.06209785844617291
3 0.9128950140449437 0.6887694468452896 0.029898174157303538 0.038659608182080044
3 0.9336939102564102 0.8338675213675214 0.050080128205128284 0.06944444444444452
3 0.9203125 0.9567708333333333 0.03125 0.03854166666666667
0 0.3677252024291498 0.4433690395861449 0.030996963562753034 0.04637595591542952
0 0.03672876602564105 0.805181623931624 0.03912259615384621 0.04935897435897445
3 0.65703125 0.7651041666666667 0.0671875 0.096875
3 0.943359375 0.9734375 0.04765625 0.051041666666666666
