2 0.7141526442307693 0.21455662393162397 0.0704927884615385 0.1208867521367521
1 0.6847956730769231 0.29242788461538466 0.08513621794871798 0.07860576923076928
1 0.4932091346153847 0.8590811965811966 0.06566506410256415 0.10181623931623941
0 0.8754306891025643 0.914556623931624 0.05242387820512828 0.06255341880341873
0 0.21875 0.4005208333333333 0.0484375 0.059375
1 0.31386217948717954 0.8070779914529915 0.09383012820512829 0.10165598290598296
1 0.258203125 0.1890625 0.06640625 0.09895833333333333
1 0.09450120192307694 0.09643429487179489 0.07181490384615388 0.06995192307692313
1 0.22866586538461542 0.5391426282051283 0.0979567307692308 0.08629807692307688
2 0.5786258012820513 0.4225427350427351 0.08313301282051286 0.09882478632478638
2 0.9659555288461539 0.5367254273504275 0.06652644230769234 0.06276709401709404
1 0.21157852564102564 0.18616452991452992 0.08621794871794868 0.06677350427350429
0 0.23671875 0.36822916666666666 0.0296875 0.03854166666666667
0 0.203515625 0.35989583333333336 0.03515625 0.046875
