0 0.3807326096754807 0.3081461588541667 0.019784780649038457 0.026448567708333273
0 0.4427145933493589 0.5267041850293803 0.021553235176282028 0.030413244524572627
0 0.7811226222826086 0.05143795289855072 0.019786005434782615 0.028464673913043474
0 0.22157013721955127 0.03214142628205126 0.023819360977564097 0.03076923076923073
0 0.2680419921875 0.4644775390625 0.0291015625 0.049072265625
0 0.24957306690705128 0.8553863264556624 0.026976913060897445 0.03548385750534185
0 0.32027650490785253 0.8292716262686965 0.025950896434294844 0.03400232037927348
0 0.576373760516827 0.6743883964342949 0.02889310396634608 0.041034405048076886
0 0.68458251953125 0.8223714192708333 0.0260986328125 0.028271484375
0 0.6945227581521738 0.06102807971014492 0.023148777173912994 0.02853260869565218
0 0.6776516339186177 0.07460371376811595 0.015289680880713608 0.02629076086956522
0 0.09156494140625 0.46646321614583336 0.0292724609375 0.058121744791666666
1 0.23479598607772437 0.2338134765625 0.05286896534455123 0.05141601562499997
1 0.18790690104166666 0.18064236111111107 0.029296875 0.04270833333333336
1 0.22430419921875 0.5996229383680556 0.0384521484375 0.05547417534722214
0 0.8237937926115311 0.612418791067635 0.01787484252260274 0.023837755051627833
0 0.2236328125 0.3811116536458333 0.03369140625 0.030257161458333334
1 0.7538986291109253 0.3306798123374211 0.031064921265328938 0.040633128948346274
0 0.7163298233695652 0.271875 0.01520040760869561 0.023505434782608723
0 0.6952700407608695 0.2720901268115942 0.02844769021739122 0.038926630434782554
0 0.6728345788043478 0.25694067028985507 0.01839334239130439 0.023618659420289876
3 0.7175684219751602 0.7377710586939102 0.02482409354967947 0.037966997195512775
