0 0.849609375 0.4354166666666667 0.02890625 0.03958333333333333
0 0.3969122023809524 0.38283157814407814 0.02834821428571428 0.03493208180708175
0 0.3399167239010989 0.3026785714285714 0.02254750457875456 0.02956349206349203
0 0.07547790750915753 0.311183608058608 0.024639423076923028 0.03239468864468863
0 0.3767857142857143 0.038461538461538484 0.025446428571428557 0.03617216117216112
0 0.626860119047619 0.750421626984127 0.03199404761904754 0.04181547619047628
0 0.6876674107142857 0.9307787698412698 0.017522321428571443 0.025347222222222143
0 0.4340959821428571 0.8902529761904762 0.01997767857142856 0.025545634920634917
2 0.9492144574175825 0.46001221001221 0.08148179945054945 0.0958485958485958
2 0.8877232142857142 0.7235119047619046 0.06607142857142848 0.1065476190476191
2 0.7170472756410258 0.6703125 0.08153044871794864 0.13229166666666667
2 0.47023809523809523 0.6012896825396825 0.10639880952380958 0.09742063492063492
2 0.5274739583333333 0.6484126984126984 0.08098958333333339 0.08650793650793649
2 0.2224416208791209 0.7904838217338217 0.07360347985347986 0.10477716727716728
2 0.37185210622710624 0.878586691086691 0.07028388278388276 0.08806471306471302
2 0.15165550595238092 0.26021825396825393 0.06722470238095239 0.07876984126984124
2 0.04250372023809523 0.4330853174603175 0.05636160714285714 0.0822420634920635
2 0.40078125 0.2557291666666667 0.059375 0.08229166666666667
2 0.31603422619047616 0.17655677655677654 0.0665922619047619 0.0923229548229548
2 0.9321056547619048 0.20039682539682538 0.06063988095238102 0.09623015873015874
2 0.66328125 0.40520833333333334 0.0578125 0.10416666666666667
2 0.0752232142857143 0.026785714285714284 0.08095238095238096 0.05357142857142857
1 0.71640625 0.4581349206349206 0.0328125 0.0625
1 0.5138206845238095 0.24717261904761903 0.07726934523809517 0.062202380952380905
1 0.6288947163947164 0.6097319347319347 0.030089355089355063 0.0473711473711474
1 0.09601934523809523 0.7834249084249085 0.04977678571428572 0.06311050061050037
3 0.7906436011904762 0.8943700396825397 0.05784970238095237 0.07832341269841266
3 0.885731456043956 0.9002728174603174 0.03434065934065913 0.04370039682539684
0 0.207421875 0.9723958333333333 0.03203125 0.036458333333333336
0 0.08688401442307694 0.5665464743589743 0.017437900641025673 0.02449252136752141
1 0.4576035943223443 0.9353708791208791 0.058064331501831656 0.07709096459096448
1 0.4743303571428571 0.9880456349206349 0.0677083333333334 0.025694444444444523
1 0.7458891369047619 0.9786458333333333 0.05137648809523805 0.042609126984127006
1 0.357421875 0.26458333333333334 0.04296875 0.04791666666666667
0 0.3640252976190476 0.08249007936507938 0.02120535714285716 0.025496031746031735
1 0.2535628434065934 0.14881333943833944 0.03826121794871793 0.06050824175824173
0 0.6376488095238095 0.2299107142857143 0.011160714285714145 0.0163690476190476
0 0.024869791666666665 0.21210317460317457 0.03433779761904762 0.04206349206349206
3 0.5496465773809524 0.4771024114774115 0.01826636904761898 0.029922161172161073
3 0.5378661881419234 0.5407431722689076 0.014735060690943057 0.018741246498599415
3 0.2816778273809524 0.6508928571428572 0.02295386904761907 0.035515873015872994
3 0.7695655906593406 0.282760989010989 0.0181604853479854 0.023763736263736252
