1 0.07265625 0.2015625 0.040625 0.03854166666666667
0 0.7546875 0.6739583333333333 0.0421875 0.05
0 0.32303685897435896 0.2219284188034188 0.0494391025641026 0.06469017094017096
0 0.3286157852564102 0.13141025641025644 0.042287660256410266 0.05074786324786326
0 0.23257211538461542 0.21621260683760687 0.04206730769230767 0.05475427350427351
0 0.18301282051282053 0.09830395299145302 0.03709935897435894 0.05130876068376063
0 0.394921875 0.759375 0.03515625 0.04791666666666667
3 0.8911758814102566 0.36379540598290594 0.08703926282051296 0.12016559829059835
3 0.6704326923076923 0.5566506410256411 0.03373397435897445 0.04962606837606849
3 0.7079727564102564 0.8376201923076922 0.05881410256410265 0.08063568376068382
3 0.8003004807692309 0.7969017094017095 0.06446314102564088 0.0926282051282051
3 0.5184495192307693 0.5169471153846155 0.06726762820512819 0.08629807692307695
3 0.4904847756410257 0.32994123931623937 0.06310096153846159 0.08904914529914537
3 0.5098257211538462 0.08733974358974363 0.044451121794871803 0.06410256410256411
3 0.11412259615384616 0.09233440170940173 0.058613782051282114 0.07815170940170944
3 0.7684294871794872 0.32832532051282054 0.04206730769230767 0.06290064102564105
0 0.25685096153846154 0.44660790598290595 0.033573717948717975 0.0427884615384615
0 0.28370392628205127 0.6557692307692308 0.03595753205128207 0.04369658119658126
0 0.9164563301282052 0.7487179487179486 0.03046875 0.039423076923077005
0 0.5983874198717949 0.9504407051282051 0.02157451923076934 0.02860576923076934
