2 0.5160256410256411 0.6722756410256411 0.11618589743589744 0.1629273504273505
2 0.17588141025641027 0.3931623931623932 0.11738782051282053 0.15224358974358973
2 0.348828125 0.5411458333333333 0.11015625 0.12604166666666666
2 0.842548076923077 0.2899839743589744 0.1322115384615385 0.17163461538461544
2 0.7817107371794872 0.6767895299145299 0.11967147435897445 0.1505876068376068
3 0.785546875 0.7520833333333333 0.05703125 0.07083333333333333
3 0.36879006410256415 0.3330528846153847 0.08613782051282057 0.10152243589743595
3 0.3391626602564103 0.3177751068376068 0.021875 0.030208333333333334
2 0.324609375 0.6973958333333333 0.07421875 0.14270833333333333
0 0.860947516025641 0.6792467948717948 0.04533253205128211 0.05400641025641022
1 0.06020633012820516 0.02497329059829062 0.049899839743589705 0.04994658119658124
