2 0.2531750801282051 0.5449252136752136 0.06796875 0.10208333333333333
2 0.255859375 0.4744791666666667 0.06328125 0.04479166666666667
2 0.11327123397435898 0.9139423076923078 0.07189503205128202 0.06955128205128211
2 0.03715945512820515 0.9349492521367521 0.0743189102564103 0.0969818376068376
2 0.49482171474358977 0.8043669871794872 0.08379407051282044 0.05584935897435888
2 0.3514659410112359 0.8656442067607799 0.05549508426966292 0.13200746662825308
2 0.4538389329904592 0.5740552325581395 0.08505469215861652 0.07766472868217053
2 0.8964643429487179 0.5791399572649573 0.06175881410256405 0.12088675213675207
2 0.637109375 0.5026041666666666 0.05546875 0.08645833333333333
2 0.4854651162790698 0.3300508720930233 0.07903343023255811 0.04968507751937986
2 0.27247596153846154 0.23787393162393167 0.08245192307692309 0.10491452991452999
2 0.37421875 0.484375 0.0484375 0.09375
2 0.3765170784883721 0.38759689922480617 0.0670966569767442 0.09811046511627909
2 0.1606270032051282 0.7390357905982906 0.0898036858974359 0.07748397435897444
2 0.2 0.7052083333333333 0.0421875 0.07291666666666667
2 0.20430689102564106 0.9664930555555556 0.04763621794871793 0.06493055555555548
2 0.659375 0.8901041666666667 0.0484375 0.109375
2 0.621875 0.853125 0.0609375 0.1
2 0.785526842948718 0.11113782051282053 0.08199118589743595 0.12772435897435894
1 0.7417137082252954 0.39699174109286467 0.04922707793143175 0.05339479496782863
1 0.5834707625223613 0.3218436319817134 0.04339501341681577 0.030973588749751476
1 0.8470753205128204 0.16383547008547011 0.04102564102564106 0.05149572649572646
1 0.5530849358974359 0.034548611111111134 0.03605769230769233 0.06284722222222226
1 0.3430919704084675 0.22336047753925664 0.03674483825283237 0.05836625422381235
1 0.7474138396715644 0.8943568135983867 0.05011614088159026 0.06287813310285213
1 0.8335236378205128 0.9018696581196581 0.056109775641025726 0.08792735042735036
1 0.8790665064102565 0.6738915598290599 0.04499198717948705 0.0459668803418803
1 0.9535757211538461 0.5348023504273505 0.05378605769230767 0.04289529914529909
1 0.967578125 0.5630208333333333 0.03984375 0.05520833333333333
1 0.9515625 0.32395833333333335 0.05625 0.05625
1 0.212109375 0.0359375 0.05234375 0.071875
1 0.5592296511627908 0.5462572674418605 0.06122819767441854 0.06543120155038765
1 0.46873183139534885 0.5133236434108527 0.03891715116279073 0.03948643410852715
0 0.4626816860465116 0.47506056201550384 0.02619912790697674 0.03321220930232555
0 0.221875 0.41770833333333335 0.021875 0.025
0 0.0870707739124172 0.46514573129741676 0.024243283635839774 0.029446365120522403
0 0.06967169943820224 0.6289559925093632 0.03270716292134831 0.031882022471910076
0 0.16233017772255834 0.7977838699222126 0.021196386127917057 0.026623271391529712
0 0.5688401442307692 0.824866452991453 0.029507211538461496 0.046100427350427256
0 0.136328125 0.24010416666666667 0.03046875 0.053125
0 0.6383914262820513 0.2716346153846155 0.03840144230769225 0.03739316239316244
1 0.575 0.4036458333333333 0.03125 0.04479166666666667
1 0.568795421511628 0.49666908914728686 0.03584665697674412 0.06916182170542633
1 0.432140261627907 0.27028827519379844 0.04396802325581399 0.06140988372093022
2 0.6900741185897437 0.5862313034188034 0.07766426282051278 0.1453792735042736
2 0.6278745993589745 0.7603231837606838 0.06143830128205119 0.07727029914529915
0 0.3879437436977816 0.6511593080764428 0.02116307440218952 0.03195104676846251
0 0.408984375 0.026041666666666668 0.03828125 0.04791666666666667
0 0.075 0.0546875 0.0359375 0.051041666666666666
1 0.9639523237179487 0.9778445512820514 0.07053285256410255 0.04222756410256411
0 0.3864683493589744 0.20144230769230773 0.03074919871794881 0.03621794871794875
2 0.1995192307692308 0.34775641025641035 0.10216346153846154 0.09882478632478632
0 0.17265625 0.4 0.0234375 0.03333333333333333
0 0.26794444144338814 0.8198330812445981 0.029420105877268777 0.03636380005762021
1 0.621875 0.5838541666666667 0.0375 0.05520833333333333
0 0.7348758012820513 0.6836271367521367 0.02303685897435903 0.028044871794871896
0 0.7984775641025642 0.7751068376068377 0.040064102564102554 0.05341880341880353
0 0.8562700320512822 0.25997596153846153 0.03866185897435894 0.04879807692307689
0 0.580859375 0.6166666666666667 0.03046875 0.04791666666666667
0 0.6046875 0.6539325842696629 0.03886938202247192 0.05683520599250933
0 0.56171875 0.6453125 0.0359375 0.042708333333333334
0 0.4625 0.6828125 0.0359375 0.04895833333333333
1 0.124609375 0.5453125 0.03828125 0.090625
