0 0.5845552884615385 0.21109775641025644 0.030889423076922995 0.04094551282051286
0 0.7201422275641025 0.31103098290598297 0.02245592948717956 0.03338675213675213
0 0.27266626602564104 0.18575053418803422 0.042007211538461584 0.05424679487179489
0 0.35954527243589746 0.44543269230769234 0.03559695512820511 0.04503205128205134
0 0.5896434294871795 0.5741185897435898 0.03104967948717947 0.036057692307692214
0 0.3588842147435898 0.8341613247863248 0.029827724358974406 0.04481837606837615
0 0.06884014423076926 0.7329727564102565 0.03299278846153851 0.03886217948717956
0 0.897265625 0.030729166666666665 0.04453125 0.06145833333333333
1 0.8748197115384617 0.7779246794871796 0.04963942307692317 0.06706730769230766
1 0.8883814102564103 0.33661858974358977 0.05761217948717938 0.10860042735042731
1 0.951923076923077 0.36105769230769236 0.07572115384615383 0.08557692307692312
1 0.09410056089743592 0.06693376068376071 0.07261618589743593 0.07553418803418807
1 0.240625 0.3258680555555556 0.04599358974358978 0.05980235042735042
1 0.1329627403846154 0.6454326923076923 0.054987980769230796 0.061698717948718
1 0.022025240384615404 0.9444845085470085 0.03647836538461543 0.05120192307692311
1 0.03946314102564105 0.7878605769230769 0.047676282051282104 0.06530448717948723
1 0.407792467948718 0.7563034188034188 0.05620993589743595 0.06655982905982907
1 0.6770733173076924 0.3276575854700855 0.05366586538461533 0.061565170940170985
3 0.5115184294871795 0.5367254273504274 0.07712339743589744 0.08146367521367519
2 0.11746794871794874 0.38551014957264956 0.05793269230769229 0.09276175213675218
2 0.8228565705128205 0.515357905982906 0.08946314102564105 0.09748931623931624
2 0.8781049679487181 0.8639155982905983 0.08112980769230767 0.09481837606837604
0 0.8982371794871795 0.9150774572649573 0.03084935897435894 0.04057158119658126
0 0.694140625 0.7895833333333333 0.04140625 0.05416666666666667
1 0.7465945512820513 0.026829594017094043 0.049679487179487225 0.054246794871794915
