2 0.8331630608974357 0.3547564992877492 0.0888822115384615 0.15449163105413105
2 0.8364115040204678 0.5726120857699805 0.0977362024853801 0.1441276803118908
2 0.9353498931623931 0.6340032941595442 0.11020299145299131 0.1341924857549858
2 0.71484375 0.5215734649122806 0.09251644736842098 0.13777412280701745
2 0.34465144230769235 0.12606837606837612 0.13842147435897445 0.1469017094017094
2 0.4849759615384617 0.2068643162393163 0.1061698717948718 0.12954059829059833
2 0.6282051282051283 0.13664529914529916 0.16025641025641021 0.1733974358974358
2 0.6810263087606838 0.28293046652421655 0.11537793803418799 0.11874554843304838
2 0.13984375 0.3242521367521368 0.115625 0.17291666666666666
1 0.6574819711538462 0.3646501068376068 0.06564503205128211 0.062366452991453096
2 0.7609375 0.4578125 0.071875 0.07604166666666666
2 0.2171875 0.7359375 0.0859375 0.103125
2 0.537890625 0.5630208333333333 0.06484375 0.078125
2 0.26619318181818186 0.7971117424242424 0.05426136363636362 0.06202651515151523
1 0.7351295405982906 0.9469818376068377 0.08347355769230766 0.10229700854700864
1 0.28089488636363635 0.47107007575757576 0.06178977272727271 0.0766098484848485
2 0.4475142045454545 0.49573863636363635 0.08224431818181807 0.08617424242424239
2 0.6309199983130904 0.5314257197480882 0.07187289136302297 0.08846434997750781
1 0.01762820512820515 0.4945379273504274 0.0352564102564103 0.05365918803418808
