1 0.5751201923076923 0.8104967948717949 0.040064102564102554 0.06543803418803419
1 0.8091245993589744 0.4627270299145299 0.040805288461538504 0.05050747863247865
1 0.43917267628205126 0.3524706196581197 0.03752003205128211 0.06535790598290601
2 0.296464342948718 0.5246260683760684 0.0997395833333333 0.1537393162393163
2 0.13857171474358976 0.5994925213675214 0.15254407051282048 0.13755341880341873
2 0.3302584134615385 0.8645833333333334 0.07506009615384612 0.12286324786324782
2 0.5361979166666667 0.8562633547008548 0.08986378205128212 0.09943910256410256
2 0.414453125 0.5020833333333333 0.07890625 0.12083333333333333
2 0.524539262820513 0.43741987179487185 0.08513621794871798 0.07516025641025632
2 0.56640625 0.5072916666666667 0.1046875 0.13125
2 0.5608673878205128 0.2923344017094018 0.11464342948717957 0.15357905982905987
2 0.38837139423076933 0.25160256410256415 0.0830328525641026 0.09615384615384617
2 0.284375 0.37395833333333334 0.103125 0.10208333333333333
2 0.06994190705128207 0.30969551282051283 0.10542868589743586 0.1295405982905984
2 0.1083133012820513 0.04300213675213678 0.0822516025641026 0.08600427350427356
2 0.6774839743589745 0.749065170940171 0.08253205128205118 0.1348824786324787
2 0.817998798076923 0.6609508547008548 0.13118990384615384 0.13226495726495718
2 0.8042768429487179 0.8658119658119658 0.09457131410256406 0.08034188034188029
1 0.7912760416666667 0.7450186965811966 0.06047676282051295 0.1296207264957265
1 0.744921875 0.7572916666666667 0.04453125 0.07916666666666666
1 0.6746895032051283 0.9778445512820514 0.08531650641025648 0.04222756410256411
0 0.4294270833333334 0.5721821581196581 0.03497596153846159 0.04260149572649574
0 0.31328125 0.2947916666666667 0.0390625 0.05416666666666667
0 0.1515625 0.525 0.0375 0.041666666666666664
0 0.057421875 0.11302083333333333 0.05390625 0.06770833333333333
1 0.83203125 0.16729433760683762 0.06710737179487172 0.09115918803418807
1 0.6426682692307693 0.2873798076923077 0.0572115384615385 0.07267628205128211
1 0.232421875 0.31354166666666666 0.05703125 0.075
2 0.35625 0.3296875 0.059375 0.08854166666666667
2 0.9771334134615384 0.23605769230769236 0.04681490384615383 0.13792735042735044
2 0.9679587339743592 0.4511084401709402 0.06252003205128194 0.10846688034188041
2 0.7089142628205127 0.38780715811965816 0.05893429487179498 0.09618055555555566
