2 0.5100160256410258 0.3960336538461539 0.06810897435897437 0.13581730769230774
2 0.3546374198717949 0.8473958333333333 0.11644631410256415 0.12785790598290597
2 0.03984375 0.371875 0.0796875 0.12708333333333333
2 0.9603766025641025 0.2878071581196581 0.0794070512820511 0.09586004273504276
2 0.08039863782051285 0.5543936965811966 0.07798477564102568 0.09420405982905986
0 0.1859375 0.4901041666666667 0.0421875 0.04895833333333333
0 0.1321915064102564 0.784375 0.0385016025641026 0.053579059829059854
1 0.0702724358974359 0.8132211538461539 0.04815705128205133 0.12142094017094014
1 0.053125 0.5541666666666667 0.0484375 0.11041666666666666
1 0.9533253205128206 0.5474759615384616 0.05488782051282044 0.09735576923076934
1 0.47421875 0.675 0.0578125 0.05625
1 0.3717948717948718 0.7090010683760684 0.08613782051282057 0.07345085470085462
1 0.6793870192307693 0.311698717948718 0.061899038461538505 0.1148504273504274
1 0.82109375 0.2791666666666667 0.05625 0.06458333333333334
2 0.8524539262820513 0.5691639957264958 0.07834535256410255 0.11274038461538467
0 0.660546875 0.6302083333333334 0.02578125 0.035416666666666666
0 0.473828125 0.7286458333333333 0.06015625 0.06354166666666666
0 0.834765625 0.40208333333333335 0.02109375 0.025
1 0.731991185897436 0.7113381410256411 0.0608573717948719 0.05809294871794878
