0 0.22506009615384617 0.4111912393162394 0.03505608974358974 0.04674145299145298
3 0.22962740384615382 0.7913327991452993 0.06798878205128207 0.08239850427350426
1 0.11889022435897438 0.7992254273504273 0.06510416666666666 0.06928418803418808
1 0.18800080128205132 0.20686431623931628 0.06109775641025639 0.07077991452991454
2 0.5861378205128206 0.273170405982906 0.09214743589743586 0.09308226495726503
1 0.7388822115384616 0.7069978632478633 0.05108173076923084 0.09348290598290596
0 0.33540665064102565 0.5260550213675214 0.05675080128205132 0.0708066239316239
0 0.812109375 0.027083333333333334 0.04609375 0.05416666666666667
1 0.765625 0.10052083333333334 0.05625 0.071875
1 0.842177483974359 0.38716613247863246 0.04332932692307665 0.05472756410256423
1 0.65546875 0.1703125 0.0484375 0.059375
0 0.65078125 0.22447916666666667 0.0609375 0.05520833333333333
0 0.140625 0.6510416666666666 0.0578125 0.0625
2 0.9104066506410255 0.4238247863247864 0.08463541666666678 0.12297008547008552
