0 0.20045072115384616 0.41622596153846153 0.04020432692307692 0.05269764957264957
0 0.291005608974359 0.34200053418803417 0.035376602564102556 0.05424679487179495
0 0.2636217948717949 0.656917735042735 0.038060897435897446 0.052083333333333336
0 0.3558693910256411 0.895980235042735 0.03986378205128207 0.06012286324786326
0 0.47310697115384615 0.9349759615384615 0.041766826923077004 0.051522435897436006
0 0.5731370192307692 0.09986645299145301 0.0400240384615385 0.05443376068376063
1 0.11033653846153849 0.2266025641025641 0.04815705128205132 0.060683760683760704
1 0.530078125 0.12708333333333333 0.04921875 0.06458333333333334
1 0.6375 0.7802083333333333 0.0453125 0.0625
0 0.5627704326923078 0.510136217948718 0.03471554487179489 0.046501068376068426
0 0.7753605769230769 0.46905715811965815 0.034214743589743614 0.04853098290598297
0 0.7833934294871795 0.6908386752136751 0.024158653846153833 0.0349893162393163
0 0.9733874198717949 0.810363247863248 0.01728766025641022 0.02510683760683759
0 0.7213741987179487 0.17596153846153847 0.019991987179487136 0.03108974358974361
0 0.9106069711538461 0.2479433760683761 0.028145032051282114 0.03936965811965815
0 0.6322616185897436 0.8828258547008547 0.025941506410256478 0.04364316239316241
0 0.23862179487179488 0.0463675213675214 0.04198717948717952 0.05256410256410262
0 0.12528044871794872 0.15989583333333338 0.04230769230769234 0.052537393162393184
3 0.1358173076923077 0.6481169871794872 0.02724358974358978 0.040304487179487106
