2 0.8957532051282051 0.21422275641025645 0.07387820512820512 0.12283653846153857
2 0.7373798076923078 0.11071047008547012 0.08413461538461542 0.08947649572649571
2 0.18711939102564104 0.2777110042735043 0.05484775641025643 0.07598824786324793
1 0.5666065705128206 0.1587873931623932 0.04507211538461542 0.06810897435897435
1 0.8607772435897436 0.7550480769230768 0.049679487179487225 0.07740384615384611
1 0.5152844551282051 0.8004807692307694 0.05556891025641031 0.0747863247863247
1 0.23758012820512825 0.7524038461538463 0.04807692307692309 0.07745726495726496
2 0.6195913461538461 0.25980235042735045 0.06730769230769233 0.11789529914529912
2 0.22860576923076925 0.921207264957265 0.0521634615384615 0.09241452991452993
2 0.871123798076923 0.8839476495726496 0.05102163461538485 0.04941239316239319
1 0.5254206730769232 0.49198717948717957 0.06334134615384626 0.0881410256410256
0 0.7195112179487181 0.7141559829059829 0.05376602564102564 0.05512820512820511
0 0.84765625 0.4354166666666667 0.0484375 0.07916666666666666
0 0.40764222756410257 0.3584001068376068 0.03515625 0.053125
1 0.2845953525641026 0.29254807692307694 0.0953125 0.11041666666666666
0 0.838671875 0.7713541666666667 0.02734375 0.051041666666666666
