1 0.53515625 0.6947916666666667 0.0671875 0.05416666666666667
1 0.6529554263565892 0.9365027454780361 0.03856589147286824 0.08435885012919897
1 0.39916424418604646 0.9439599483204134 0.04469476744186052 0.06621447028423771
1 0.3670338834269663 0.43063553370786517 0.06473841292134833 0.058672752808988746
1 0.20609161682976923 0.339521729390681 0.034725368490999144 0.06446012544802866
1 0.1254620295698925 0.4743245106148332 0.0531754032258064 0.03679004687069198
1 0.7828215843023256 0.3533672480620155 0.043005087209302406 0.040600775193798455
1 0.5501271802325581 0.1668483527131783 0.05962936046511631 0.03815406976744186
1 0.47848837209302325 0.23385416666666667 0.02939680232558146 0.04949127906976744
1 0.47581758720930234 0.11375968992248063 0.0792514534883721 0.07248062015503876
1 0.38125 0.221875 0.053125 0.05
1 0.3484375 0.24010416666666667 0.0546875 0.059375
1 0.09112659801136366 0.18458806818181817 0.03250177556818186 0.06264204545454541
1 0.95625 0.2520833333333333 0.075 0.09166666666666666
2 0.29982739825581395 0.7980983527131784 0.07500605620155039 0.06078003875968996
2 0.23948317307692307 0.4739742728149986 0.06229967948717956 0.0800532464846981
2 0.36225961538461543 0.32897970085470085 0.05312499999999996 0.08028846153846161
2 0.975 0.17395833333333333 0.0484375 0.075
1 0.8725199854651162 0.1904796511627907 0.07371002906976738 0.1059593023255814
1 0.62734375 0.5354166666666667 0.025 0.052083333333333336
1 0.3196373456790124 0.5694444444444445 0.04147376543209873 0.04629629629629631
1 0.578015988372093 0.25741279069767437 0.047456395348837256 0.0629360465116279
2 0.497632137345679 0.5472479423868312 0.06567322530864192 0.07782921810699589
0 0.15829634232954548 0.24232954545454544 0.03044211647727275 0.044223484848484776
0 0.09504368279569893 0.8039930555555554 0.04008736559139785 0.05173611111111107
0 0.41880304783950617 0.6507137345679013 0.039901620370370504 0.04579475308641972
0 0.5160640746124031 0.8044533268733851 0.04950944767441854 0.06098998708010335
0 0.66640625 0.86875 0.0328125 0.0375
0 0.6340661337209303 0.12584786821705427 0.018023255813953566 0.029312015503875966
2 0.4062863372093023 0.8482638888888888 0.06921027131782945 0.10418281653746758
1 0.7400678294573643 0.9771115956072352 0.03391472868217056 0.043693475452196394
1 0.587390988372093 0.9725331072351421 0.041303294573643345 0.04298288113695084
0 0.3628361191860465 0.9823603036175711 0.035265261627906996 0.03319605943152458
1 0.4852016715116279 0.18353924418604653 0.04594840116279073 0.06170058139534887
0 0.944140625 0.6442708333333333 0.02421875 0.034375
0 0.991796875 0.9083333333333333 0.01484375 0.041666666666666664
3 0.6624182412790698 0.5394500968992247 0.04398619186046506 0.062088178294573616
