1 0.5721628289473684 0.4146655701754386 0.026726973684210443 0.04347587719298242
1 0.6666350371120109 0.5176183648223122 0.034328609986504596 0.04919309491677903
1 0.9783126686909582 0.36619995501574454 0.029394399460188757 0.0822930724246513
1 0.8225123355263158 0.09361293859649122 0.02849506578947363 0.061677631578947345
1 0.31426809210526313 0.43253837719298244 0.05978618421052628 0.07450657894736844
1 0.8763421474358974 0.6732505341880342 0.05356570512820511 0.08474893162393163
1 0.11141826923076925 0.7564236111111112 0.0259615384615385 0.0774305555555556
1 0.0563733552631579 0.5234100877192982 0.03692434210526315 0.02993421052631569
1 0.07327302631578947 0.1570997807017544 0.05904605263157894 0.05970394736842103
1 0.259375 0.03697916666666667 0.0421875 0.07395833333333333
1 0.3679070723684211 0.22743969298245614 0.04132401315789473 0.04073464912280702
1 0.48159950657894735 0.32760416666666664 0.04461348684210531 0.053125
1 0.6293701501349528 0.1533717105263158 0.023332068151147033 0.055098684210526314
1 0.4155448717948718 0.9818509615384615 0.04671474358974361 0.03421474358974355
1 0.062109375 0.8598958333333333 0.09296875 0.051041666666666666
1 0.8180509868421051 0.788602114260009 0.05797697368421044 0.06972559604138541
1 0.7482830668604652 0.7945615310077518 0.036682412790697685 0.06296027131782947
2 0.9243626644736842 0.06025219298245613 0.07158717105263168 0.1163377192982456
2 0.9665090460526315 0.1268640350877193 0.06541940789473699 0.10372807017543859
2 0.7570518092105263 0.18659539473684209 0.10925164473684194 0.11474780701754383
2 0.4223494433198381 0.044901315789473685 0.07141953441295538 0.09002192982456139
2 0.20363898026315788 0.16855811403508772 0.07134046052631575 0.0850328947368421
2 0.24208733974358979 0.37717681623931626 0.05108173076923075 0.10675747863247871
2 0.10098684210526314 0.41921600877192977 0.04226973684210524 0.11551535087719292
2 0.132421875 0.13802083333333334 0.06328125 0.08854166666666667
2 0.5613613360323887 0.5216135290148448 0.07584767206477734 0.10792004048583005
2 0.7154810855263157 0.3293859649122807 0.08219572368421044 0.08574561403508767
2 0.7221185475708503 0.6443502586594693 0.06563132591093108 0.0825601664417455
2 0.9006410256410255 0.48414797008547006 0.05809294871794872 0.06712072649572647
2 0.7037623355263157 0.7781798245614034 0.07528782894736849 0.07280701754385971
2 0.43046875 0.7337719298245613 0.09383223684210514 0.10372807017543859
2 0.22176482371794873 0.8418803418803419 0.07770432692307697 0.11217948717948723
2 0.354296875 0.9704994658119658 0.05703125000000005 0.056917735042735035
2 0.071875 0.9359375 0.0703125 0.10520833333333333
0 0.5933651737516868 0.9634320175438595 0.03037491565452095 0.041337719298245666
0 0.6535332937193893 0.8164043743397678 0.025465463843272928 0.02917627004705648
0 0.8156044407894736 0.9084429824561403 0.03573190789473681 0.044956140350877166
2 0.5041735197368421 0.28626855600539813 0.05497532894736832 0.0831646423751686
2 0.63515625 0.3453125 0.05625 0.10104166666666667
2 0.8260485197368421 0.5063048245614035 0.04115953947368407 0.07182017543859646
0 0.17231412365047233 0.24957124381466483 0.02297043690958165 0.030462775528565002
0 0.05164473684210526 0.36282894736842103 0.02417763157894736 0.03092105263157894
0 0.126171875 0.03697916666666667 0.02890625 0.034375
1 0.0484375 0.04791666666666667 0.0515625 0.09583333333333334
1 0.1265625 0.075 0.065625 0.0625
0 0.7975123355263157 0.9833059210526315 0.0340871710526315 0.03130482456140354
0 0.469140625 0.6848958333333334 0.02890625 0.03854166666666667
