2 0.38989812271062274 0.21884539072039075 0.06544184981684982 0.09207112332112327
2 0.670282451923077 0.5571314102564102 0.06412259615384608 0.09823717948717944
1 0.898828125 0.23177083333333334 0.04140625 0.051041666666666666
1 0.9720052083333333 0.3743055555555556 0.05442708333333339 0.07361111111111113
1 0.751953125 0.5744791666666667 0.05234375 0.06354166666666666
1 0.739453125 0.7760416666666666 0.03828125 0.03958333333333333
1 0.659765625 0.7442708333333333 0.04296875 0.090625
1 0.42961738782051284 0.5068643162393163 0.07357772435897432 0.05571581196581198
1 0.538671875 0.40520833333333334 0.04140625 0.10416666666666667
1 0.5583233173076924 0.01949786324786327 0.05454727564102555 0.03926282051282055
1 0.49921875 0.8770833333333333 0.06875 0.07708333333333334
1 0.09754178113553116 0.46396138583638585 0.04301167582417579 0.05818833943833942
1 0.920342548076923 0.962633547008547 0.04873798076923084 0.07323717948717944
1 0.6921875 0.7223958333333333 0.0453125 0.04895833333333333
0 0.731640625 0.47760416666666666 0.02421875 0.03229166666666667
0 0.7245993589743589 0.049345619658119684 0.033573717948717975 0.04660790598290603
0 0.5135230654761905 0.3958333333333333 0.012165178571428648 0.013888888888888869
