1 0.60625 0.6567708333333333 0.075 0.078125
1 0.45960884353741494 0.8123157596371883 0.06164965986394559 0.07463151927437638
1 0.3112829506802721 0.9375956632653061 0.07662627551020411 0.11318735827664407
1 0.4827435661764706 0.0947610294117647 0.04545036764705888 0.0792279411764706
1 0.512890625 0.1140625 0.07265625 0.06770833333333333
1 0.7852033943965517 0.3216056034482759 0.04853178879310356 0.06404454022988505
1 0.21358554065161747 0.4886105778425056 0.05245346082130724 0.035600276564132
1 0.27052283653846154 0.6357905982905983 0.08635817307692309 0.14241452991452994
1 0.9741038602941178 0.6436274509803922 0.05022977941176467 0.05441176470588237
2 0.3620622306034483 0.3704920977011495 0.08123653017241379 0.11354166666666661
2 0.15825960090361457 0.3715424196787149 0.10059299698795192 0.11509789156626506
2 0.0484375 0.9395833333333333 0.096875 0.11875
2 0.6782799030172414 0.27672413793103445 0.058984375 0.08915229885057473
2 0.03609751506024098 0.34143448795180725 0.06278237951807233 0.0824422690763053
2 0.13704288563829786 0.6893912529550827 0.11587433510638297 0.11870567375886516
1 0.19027039007092197 0.5987736406619386 0.07757092198581561 0.08421985815602835
0 0.21015625 0.5403464590964592 0.053125 0.0625
0 0.6647977941176471 0.10591299019607843 0.07022058823529412 0.08474264705882352
0 0.910546875 0.1420955882352941 0.03828125 0.04669117647058822
0 0.7971737132352941 0.5824754901960785 0.026056985294117575 0.040931372549019684
0 0.88359375 0.5598958333333334 0.0296875 0.036458333333333336
2 0.6255744485294118 0.7947303921568628 0.06410845588235299 0.08210784313725496
2 0.39065688775510204 0.7014597505668935 0.059247448979591735 0.06533446712018147
1 0.32756494728915664 0.14671812248995986 0.09731739457831323 0.12046937751004018
1 0.1341703869047619 0.882312925170068 0.06520514455782311 0.11037414965986396
0 0.33984375 0.859375 0.046875 0.0625
0 0.18719175170068025 0.9686153628117914 0.032504251700680255 0.0398100907029478
0 0.05390625 0.8885416666666667 0.0421875 0.04583333333333333
2 0.7602634803921567 0.7459738050015827 0.07650236020334064 0.10733222538778087
2 0.7450356299927379 0.8690586419753087 0.06451978939724042 0.07978395061728397
2 0.9475308641975311 0.9218106995884773 0.07040895061728403 0.09516460905349788
2 0.969140625 0.3072916666666667 0.06015625 0.10625
1 0.7413995150862069 0.14639008620689653 0.05397359913793105 0.05528017241379306
1 0.5395680147058823 0.03333333333333333 0.03943014705882355 0.0607843137254902
0 0.44661233836206893 0.24157686781609194 0.02932381465517242 0.03372844827586204
1 0.328125 0.7739583333333333 0.0625 0.07708333333333334
1 0.5982390790782495 0.4272270114942529 0.07089791942970818 0.08987068965517242
1 0.7449448529411764 0.5691176470588235 0.0569852941176471 0.07990196078431376
