0 0.357594476744186 0.2095082364341085 0.033175872093023216 0.04246608527131782
0 0.30572311046511624 0.2241036821705426 0.03971656976744189 0.050823643410852735
0 0.5177688953488373 0.2828003875968992 0.0484375 0.07291666666666657
0 0.972265625 0.6682291666666667 0.03203125 0.03854166666666667
0 0.980517578125 0.8052083333333333 0.02646484375 0.0375
0 0.7340475975433526 0.6786097061657033 0.031182261560693637 0.038373073217726275
0 0.4254032258064516 0.6493447580645161 0.0216733870967742 0.03027553763440854
0 0.2626008064516129 0.8108198924731184 0.022933467741935453 0.029905913978494545
0 0.5241305443548387 0.9634240591397849 0.0404485887096774 0.0585685483870968
0 0.86015625 0.09375 0.0265625 0.03333333333333333
0 0.20703125 0.3026041666666667 0.034375 0.05520833333333333
0 0.3885810319767442 0.3646923449612403 0.012082122093023218 0.015528100775193761
0 0.3862865130345086 0.48929771505376346 0.01875761909227309 0.02765456989247313
0 0.6432321947674419 0.5024345930232559 0.018768168604651157 0.02468507751937986
0 0.4372479838709678 0.8584509408602151 0.042842741935483895 0.05225134408602159
0 0.638344254032258 0.6585853494623656 0.0342489919354839 0.058837365591397864
0 0.04453125 0.6463541666666667 0.053125 0.065625
0 0.08359375 0.4578125 0.021875 0.030208333333333334
1 0.7052923387096774 0.039331317204301074 0.05614919354838719 0.055745967741935486
1 0.5779978197674419 0.35672238372093024 0.07474563953488378 0.07386143410852715
1 0.2390625 0.5270833333333333 0.0421875 0.07916666666666666
1 0.4528351814516129 0.6279569892473117 0.043170362903225803 0.06633064516129027
1 0.863671875 0.5020833333333333 0.05546875 0.11458333333333333
1 0.3146438953488372 0.4245639534883721 0.05625 0.06875
1 0.178125 0.3072916666666667 0.040625 0.05416666666666667
1 0.959521484375 0.9313802083333333 0.03720703125 0.06848958333333334
1 0.960546875 0.9838541666666667 0.06640625 0.030208333333333334
1 0.755078125 0.37330309139784945 0.0510836693548387 0.06320564516129033
2 0.92109375 0.3963541666666667 0.0984375 0.10104166666666667
2 0.671875 0.6515625 0.0578125 0.11354166666666667
2 0.41796875 0.549176747311828 0.05745967741935489 0.10204973118279562
2 0.98046875 0.8713541666666667 0.0375 0.08229166666666667
0 0.985546875 0.9317708333333333 0.02734375 0.04479166666666667
0 0.29766533430232556 0.11976744186046512 0.03948037790697674 0.04389534883720928
0 0.5774981831395349 0.2022044573643411 0.040316133720930215 0.05343992248062014
0 0.5711755087209303 0.4467902131782946 0.03297601744186052 0.04149709302325579
1 0.884375 0.5901041666666667 0.078125 0.103125
0 0.8042721518987342 0.8507911392405063 0.015268987341772266 0.016376582278480947
0 0.383203125 0.6546875 0.02734375 0.028125
0 0.948828125 0.011979166666666667 0.04765625 0.023958333333333335
1 0.158984375 0.5140625 0.04765625 0.08229166666666667
1 0.3365552325581395 0.48594961240310075 0.05436046511627905 0.05523255813953488
