3 0.42080829326923075 0.3806490384615385 0.06373197115384617 0.08779380341880341
3 0.5086388221153847 0.46594551282051283 0.020282451923076917 0.028044871794871775
3 0.6770282451923076 0.6756543803418803 0.026051682692307666 0.033306623931623966
3 0.7845803285256411 0.5247061965811965 0.06936097756410256 0.09081196581196588
3 0.9420372596153846 0.8158119658119658 0.04873798076923066 0.06004273504273504
0 0.868321349557522 0.6312257724453522 0.049861725663716785 0.07401600673171475
0 0.5714242788461539 0.4868990384615385 0.03671875 0.04895833333333333
0 0.5943411227876105 0.2771755162241888 0.04100525442477885 0.048340707964601805
0 0.18637262097231674 0.528005162241888 0.03792953681642839 0.05184365781710921
2 0.4205829326923077 0.030982905982906 0.07069310897435903 0.061965811965812
0 0.16406250000000003 0.15295138888888887 0.04687500000000004 0.062152777777777765
0 0.5922726362179487 0.7185496794871795 0.03730969551282035 0.04901175213675219
0 0.685546875 0.9104166666666667 0.03359375 0.04375
0 0.17520032051282053 0.9594818376068377 0.021474358974358943 0.02686965811965803
0 0.21462339743589745 0.7722489316239316 0.01987179487179489 0.02633547008547007
3 0.080859375 0.321875 0.03671875 0.04583333333333333
3 0.06895032051282053 0.014957264957264979 0.032772435897435934 0.029914529914529957
0 0.490625 0.19635416666666666 0.0421875 0.04479166666666667
