1 0.7442608173076923 0.7614583333333333 0.04433092948717956 0.09674145299145293
1 0.7468950320512822 0.1028311965811966 0.057091346153846076 0.057158119658119705
0 0.5908805941358025 0.3887850189933523 0.03332368827160499 0.052676875593542206
0 0.5480769230769231 0.41653311965811973 0.030048076923076917 0.03872863247863248
0 0.26524939903846156 0.4379006410256411 0.02729366987179489 0.03872863247863248
0 0.19238281250000006 0.3613247863247864 0.028796073717948744 0.03563034188034185
0 0.13391426282051286 0.41029647435897443 0.023036858974358986 0.029834401709401763
0 0.14273308367768595 0.7697318464363919 0.02819602272727271 0.03732694073603149
0 0.2949611941089214 0.834156578900897 0.024617901038355504 0.03244441795578155
0 0.43650766846789574 0.7204717630853994 0.03060897435897436 0.04583333333333333
0 0.7652948421177588 0.5591316476733144 0.027859389838556493 0.04377374169040837
0 0.8354812143874645 0.715920781893004 0.036020595916429345 0.046553497942386814
1 0.9799779647435898 0.29457799145299146 0.03848157051282044 0.0849893162393163
0 0.5505883487654322 0.49037422839506173 0.038676697530864244 0.05783179012345681
1 0.5160256410256411 0.33573717948717957 0.03605769230769225 0.06944444444444446
0 0.959765625 0.058333333333333334 0.04140625 0.05625
0 0.1450020032051282 0.8770165598290599 0.0449318910256411 0.06060363247863248
0 0.34272836538461543 0.1294471153846154 0.026081730769230795 0.03597756410256414
2 0.8450520833333334 0.040998931623931645 0.06710737179487189 0.07932692307692314
1 0.2749298878205128 0.09278846153846156 0.07870592948717947 0.07457264957264961
