3 0.14363982371794873 0.6908787393162394 0.08571714743589745 0.11199252136752129
3 0.09034455128205132 0.7567841880341881 0.06610576923076925 0.09273504273504282
3 0.5778745993589743 0.7773904914529914 0.030548878205128284 0.040838675213675305
3 0.47795472756410257 0.7580528846153847 0.04409054487179498 0.060817307692307664
3 0.7771434294871795 0.3470886752136753 0.03745993589743577 0.04407051282051284
3 0.34444110576923076 0.3034321581196581 0.03667868589743599 0.053926282051282116
3 0.4133513621794872 0.16929754273504274 0.06312099358974357 0.08448183760683765
0 0.6270733173076923 0.045619658119658145 0.040324519230769254 0.04871794871794877
0 0.6081430288461538 0.5256810897435897 0.05402644230769225 0.06738782051282044
0 0.8711438301282051 0.7692841880341881 0.03695913461538467 0.04903846153846156
0 0.9789162660256411 0.9702323717948718 0.038361378205128104 0.05045405982905985
0 0.8253305288461539 0.4003872863247863 0.042447916666666786 0.05766559829059841
1 0.20302483974358979 0.7377136752136751 0.0530849358974359 0.0747863247863247
0 0.5608673878205128 0.9019764957264957 0.05054086538461542 0.0587606837606837
1 0.23431490384615383 0.5534188034188035 0.05661057692307696 0.09882478632478632
0 0.36778846153846156 0.6099225427350429 0.038060897435897446 0.049919871794871895
0 0.6509815705128206 0.7373530982905983 0.03257211538461542 0.043456196581196475
