2 0.7939703525641025 0.6915865384615384 0.1171875 0.13766025641025645
2 0.3182091346153847 0.6282051282051282 0.10917467948717952 0.11752136752136752
2 0.39914863782051285 0.3023504273504274 0.06548477564102573 0.12019230769230772
1 0.8595953525641026 0.20089476495726497 0.06606570512820512 0.07470619658119662
1 0.8077924679487178 0.21868322649572652 0.040665064102564055 0.07305021367521365
1 0.5679587339743589 0.5548344017094017 0.04377003205128203 0.10133547008547007
1 0.6232171474358974 0.7877003205128206 0.06205929487179489 0.08165064102564111
1 0.22228565705128206 0.7842147435897435 0.058633814102564144 0.0725961538461539
1 0.19081530448717948 0.7799813034188035 0.03868189102564101 0.0703792735042736
1 0.20687099358974362 0.7168402777777778 0.04875801282051277 0.05173611111111107
0 0.20618990384615382 0.8375667735042734 0.03874198717948718 0.05670405982905973
