2 0.747327302631579 0.4624451754385965 0.06866776315789477 0.0893640350877193
2 0.273046875 0.6848958333333334 0.07109375 0.084375
2 0.34354440789473684 0.6433662280701753 0.0703125 0.07291666666666678
2 0.22522615131578946 0.23048245614035087 0.06928453947368415 0.0717105263157895
2 0.6671875 0.65 0.0875 0.0875
1 0.5553058577935224 0.7511555330634277 0.050572494939271184 0.09856612685560044
1 0.4514539051956815 0.6645010964912281 0.05021718960863693 0.05476973684210525
1 0.4311883223684211 0.7372532894736843 0.03071546052631584 0.037554824561403424
1 0.401769673582996 0.828673245614035 0.04350012651821862 0.04331140350877192
1 0.5249768049932524 0.9348705296896085 0.033927968960863454 0.045829116059379275
1 0.24969161184210525 0.6903508771929824 0.07092927631578946 0.04846491228070183
1 0.17666529605263157 0.5602247807017543 0.04880756578947367 0.07582236842105262
1 0.1727796052631579 0.44808114035087715 0.045065789473684184 0.05339912280701758
1 0.3776521381578947 0.5092105263157894 0.04321546052631575 0.04956140350877198
1 0.1058888959176788 0.1505953385065227 0.05220247132253712 0.05626546333783177
1 0.318805878879892 0.10229700854700854 0.058664389338731394 0.07082208726945569
1 0.7131373355263158 0.2951480263157895 0.04716282894736849 0.06321271929824561
1 0.5833675986842104 0.06307565789473683 0.06517269736842098 0.04490131578947367
1 0.2813527960526316 0.3111019736842105 0.04502467105263155 0.07735745614035086
2 0.8838404605263157 0.3511513157894736 0.04810855263157894 0.07072368421052631
1 0.9625 0.07143640350877192 0.05444078947368425 0.051206140350877186
0 0.9498560855263157 0.09229714912280702 0.020600328947368497 0.03251096491228069
0 0.9672491776315789 0.0431469298245614 0.023560855263157876 0.03037280701754386
0 0.8507606907894736 0.05202850877192982 0.025452302631578938 0.0362938596491228
2 0.86640625 0.027083333333333334 0.05625 0.05416666666666667
2 0.5343133223684211 0.49671052631578944 0.07035361842105266 0.07236842105263162
1 0.4097039473684211 0.2057565789473684 0.045723684210526284 0.04418859649122808
1 0.05779194078947368 0.9739857456140351 0.05472861842105263 0.04994517543859658
0 0.7362253289473684 0.9723135964912281 0.025904605263157965 0.03782894736842112
0 0.09463404605263158 0.8676535087719298 0.018791118421052633 0.027850877192982418
0 0.06842105263157894 0.8500274122807018 0.024177631578947378 0.03229166666666679
0 0.04043996710526316 0.9036184210526315 0.039761513157894744 0.050657894736842124
0 0.07921463815789473 0.6557017543859648 0.023314144736842103 0.024122807017543834
0 0.045291940789473684 0.7549067982456139 0.032771381578947364 0.033936403508772035
0 0.33900082236842105 0.7513706140350876 0.03087993421052628 0.041118421052631506
0 0.24649439102564105 0.8782620614035088 0.021771676788124195 0.03283991228070183
0 0.06149259868421053 0.5647478070175438 0.02175164473684209 0.03607456140350867
0 0.34551809210526313 0.2975603070175438 0.022779605263157875 0.030975877192982417
0 0.3162212171052632 0.24994517543859648 0.03449835526315783 0.05383771929824561
0 0.652734375 0.21551535087719298 0.03581414473684204 0.052521929824561386
0 0.5649876644736842 0.2355263157894737 0.04683388157894734 0.06206140350877198
0 0.5698601973684211 0.117297149122807 0.042845394736842034 0.045010964912280675
0 0.5054276315789474 0.16324013157894737 0.02944078947368416 0.039747807017543865
0 0.665625 0.1171875 0.0359375 0.034375
0 0.7002261513157894 0.1331140350877193 0.0345805921052631 0.04298245614035086
0 0.7461143092105262 0.2004111842105263 0.020106907894736813 0.027905701754385958
0 0.8389802631578946 0.21529605263157894 0.027631578947368497 0.040899122807017525
0 0.9050370065789473 0.23245614035087717 0.03038651315789469 0.04276315789473684
0 0.948046875 0.20572916666666666 0.03359375 0.04479166666666667
0 0.9630550986842106 0.17513706140350876 0.02232730263157894 0.02680921052631581
0 0.984765625 0.1890625 0.02890625 0.057291666666666664
0 0.981188322368421 0.23125 0.029810855263157875 0.03749999999999997
0 0.9466488486842106 0.2503837719298246 0.01788651315789469 0.02335526315789469
0 0.8854029605263157 0.2291118421052631 0.018338815789473627 0.02971491228070174
0 0.7635690789473684 0.3183388157894737 0.033717105263157965 0.049725877192982416
0 0.89921875 0.6061951754385965 0.04037828947368425 0.046381578947368496
1 0.749609375 0.3848958333333333 0.06484375 0.040625
1 0.7974712171052631 0.4092379385964912 0.06212993421052619 0.04555921052631575
1 0.36803042763157895 0.018558114035087718 0.05423519736842097 0.03854166666666666
0 0.9702713815789472 0.6120888157894737 0.04004934210526319 0.05751096491228071
0 0.8415707236842106 0.6370065789473683 0.027384868421052568 0.031907894736842
3 0.6991776315789473 0.6082785087719298 0.040789473684210445 0.053179824561403424
3 0.7185032894736842 0.7124725877192982 0.042434210526315665 0.04873903508771929
3 0.5693272393724695 0.8861589068825909 0.02993104757085021 0.04018218623481774
3 0.46759288545883937 0.895093201754386 0.028630018556005332 0.040953947368421
3 0.2952524038461538 0.9343398560503824 0.030383350202429105 0.039732343679712186
3 0.2709909539473684 0.23980263157894738 0.02051809210526314 0.030263157894736843
3 0.05891848009446694 0.07918986167341432 0.03594593454790823 0.05982203103913624
3 0.31648848684210523 0.2142269736842105 0.013733552631578983 0.01726973684210525
3 0.36716694078947365 0.18103070175438596 0.027919407894736903 0.03486842105263156
3 0.4611636513157894 0.08741776315789473 0.028412828947368407 0.0355811403508772
3 0.6209498355263158 0.029797149122807013 0.027837171052631504 0.03799342105263158
1 0.3640625 0.134375 0.05625 0.07916666666666666
0 0.23628700657894736 0.5633771929824561 0.03976151315789474 0.06074561403508767
0 0.4396381578947368 0.3451754385964912 0.03930921052631575 0.0475877192982456
0 0.4412828947368421 0.2410361842105263 0.02944078947368416 0.032510964912280706
0 0.4326069078947368 0.27628837719298244 0.040213815789473625 0.05049342105263156
0 0.4103207236842105 0.24635416666666668 0.026233552631578984 0.03437500000000003
0 0.5836348684210526 0.40211074561403504 0.045723684210526284 0.05542763157894732
0 0.5733626433873145 0.5837916104363472 0.021860239541160544 0.029785200179936903
0 0.9260485197368421 0.726233552631579 0.03523848684210531 0.042050438596491206
0 0.9071751644736843 0.7556195175438596 0.028577302631578937 0.038103070175438465
0 0.8763864288124157 0.786039417453891 0.031555752361673406 0.048535200179936906
0 0.8070106907894736 0.8535361842105262 0.024958881578947257 0.02834429824561404
0 0.8359375 0.88125 0.03125 0.035416666666666666
0 0.7013099907219973 0.8980558367071524 0.024189229082321174 0.028449730094467066
1 0.3055921052631579 0.9789199561403509 0.07055921052631575 0.040076754385964954
2 0.18046875 0.9259320175438596 0.0453125 0.0976973684210525
0 0.6654399671052631 0.4123629385964912 0.02109375 0.02944078947368413
1 0.4549547697368421 0.4551809210526315 0.028412828947368317 0.03700657894736844
1 0.28268914473684215 0.44898574561403504 0.030838815789473673 0.05158991228070177
0 0.34370888157894736 0.4557839912280702 0.02541118421052633 0.03218201754385971
0 0.17672697368421053 0.34720394736842103 0.021546052631578917 0.0347587719298246
0 0.8081003289473685 0.014446271929824561 0.028536184210526193 0.02922149122807017
0 0.750719572368421 0.012993421052631578 0.03474506578947363 0.02664473684210526
1 0.493359375 0.09479166666666666 0.03828125 0.05625
2 0.8525904605263157 0.5120614035087718 0.048930921052631506 0.052631578947368376
2 0.8346628289473685 0.5710526315789474 0.052549342105263186 0.06293859649122809
1 0.8202097039473685 0.5112938596491229 0.039268092105263185 0.05657894736842106
1 0.016858552631578948 0.5229714912280702 0.033717105263157895 0.08322368421052637
1 0.9803042763157894 0.12020285087719298 0.036266447368421065 0.04248903508771929
0 0.9885074013157894 0.7291666666666666 0.021422697368421062 0.038377192982456045
0 0.38199013157894735 0.673876096491228 0.024671052631578892 0.02944078947368413
