0 0.6352163461538461 0.18416132478632483 0.040064102564102644 0.05475427350427351
0 0.9217447916666668 0.04346955128205131 0.03391426282051295 0.04500534188034193
0 0.3354166666666667 0.1484508547008547 0.04070512820512824 0.05138888888888893
0 0.425360576923077 0.2903712606837607 0.03509615384615392 0.04532585470085474
1 0.29156650641025644 0.16665331196581198 0.041866987179487135 0.0603899572649573
0 0.2677083333333333 0.2849358974358974 0.039903846153846165 0.05352564102564106
0 0.5350560897435898 0.27877938034188043 0.028044871794871806 0.033787393162393244
0 0.932381810897436 0.6502403846153847 0.0426883012820511 0.04941239316239307
0 0.48409455128205126 0.7412126068376068 0.025801282051282116 0.043750000000000115
0 0.85703125 0.7083333333333334 0.0234375 0.03125
0 0.2230769230769231 0.313394764957265 0.039022435897435946 0.05269764957264957
0 0.42590144230769234 0.16144497863247864 0.05805288461538467 0.06813568376068378
