3 0.6236979166666667 0.45216346153846154 0.2213541666666666 0.2959935897435898
3 0.9377003205128205 0.6983173076923078 0.10616987179487172 0.1348824786324787
3 0.28028908754006415 0.36748046875 0.07083208133012824 0.0962890625
3 0.3371694711538461 0.4415331196581197 0.06324118589743595 0.0822115384615385
3 0.24970953525641032 0.25349893162393167 0.04385016025641027 0.054967948717948724
3 0.4651342147435898 0.17199519230769234 0.045693108974358944 0.06306089743589748
3 0.4953125 0.29791666666666666 0.03125 0.04375
0 0.4526010366586538 0.9190454727564102 0.06550105168269234 0.08964342948717945
0 0.6296374198717949 0.06864316239316244 0.04721554487179489 0.06677350427350429
0 0.6616848659983633 0.7157466130205492 0.020712714811783873 0.02949968176032011
1 0.4108573717948718 0.31103098290598297 0.08413461538461546 0.09748931623931624
