3 0.43444148936170224 0.20203417666848517 0.048958333333333305 0.07032585470085469
3 0.3693761081560284 0.7879216675759229 0.04792774822695027 0.06393207855973818
3 0.5875443262411347 0.50944518321513 0.04488031914893611 0.062374408983451465
3 0.5394164706082923 0.41899208947081285 0.04472645594653572 0.06154300781960351
3 0.14706530448717953 0.07756410256410258 0.04280849358974361 0.05961538461538467
3 0.12913176546391752 0.24946842783505155 0.0378060567010309 0.05089132302405502
3 0.1607772435897436 0.20551549145299147 0.035416666666666693 0.04943910256410258
3 0.94921875 0.19150641025641027 0.05108173076923084 0.09615384615384613
3 0.889813701923077 0.20753205128205135 0.0376802884615385 0.04807692307692309
3 0.87109375 0.22395833333333334 0.0140625 0.020833333333333332
3 0.928374335106383 0.9491614952718677 0.012599734042553124 0.019230200945626545
3 0.4573443040780142 0.590909426713948 0.01605164007092199 0.02208185579196211
3 0.48747506648936173 0.5137337470449173 0.018955008865248146 0.0242464539007092
3 0.2861578525641026 0.5741185897435898 0.03705929487179489 0.04674145299145304
0 0.4007667587288598 0.33114827695944715 0.03168900027277695 0.04515025459174389
0 0.4068151595744681 0.41211583924349876 0.03510638297872344 0.03983451536643023
0 0.34491143276050196 0.37654005273686125 0.027043269230769162 0.0400641025641025
0 0.2570367907801418 0.38457446808510637 0.019946808510638327 0.02990543735224579
0 0.21888937193126026 0.38203252864157117 0.026427816421167493 0.03351177486815781
0 0.09797676282051285 0.12809829059829062 0.03281250000000004 0.04134615384615388
0 0.7934695512820513 0.09815705128205131 0.02604166666666661 0.04246794871794877
0 0.6932879841789417 0.06737872795053647 0.02067137206764862 0.03043166939443529
0 0.6279747596153846 0.30670803782505907 0.027184346017457717 0.04231678486997635
0 0.7627395321876705 0.4892167894162575 0.0335856519367157 0.04520708310601916
0 0.9302997562056738 0.4605570330969267 0.02537123226950353 0.03751477541371155
0 0.6747195512820513 0.6837740384615384 0.035176282051282114 0.047035256410256326
3 0.9211738782051283 0.10470085470085475 0.03305288461538467 0.04006410256410257
3 0.08078286082474224 0.8929338487972508 0.015302835051546393 0.020403780068728495
3 0.6877631870567376 0.7224410120021822 0.023963874113475205 0.030886297508637858
1 0.889594414893617 0.5304521276595744 0.06245567375886516 0.09128250591016543
1 0.8703798417894163 0.6714090061829424 0.0543422667757774 0.04429782687761398
1 0.9269733701582107 0.8675952445899254 0.05197081287506826 0.055294144389889034
0 0.8674312943262411 0.848404255319149 0.015913120567375927 0.021276595744680785
0 0.81171875 0.8161458333333333 0.0203125 0.028125
0 0.8015625 0.7989583333333333 0.0234375 0.03125
0 0.7011196638025096 0.8190636933987998 0.019414041189307164 0.025288688852518604
0 0.8190104166666667 0.25383279914529916 0.017027243589743613 0.02224893162393166
0 0.064052483974359 0.6510283119658119 0.02053285256410259 0.029139957264957297
0 0.4912400265957447 0.6640923349699945 0.02693927304964543 0.036768048736133825
0 0.5559480274822695 0.812928486997636 0.03604277482269502 0.047901891252955055
3 0.6049445069558101 0.806492941898527 0.025594142116748486 0.03713231951263876
3 0.5763349018003273 0.023936170212765943 0.03848711129296225 0.04787234042553189
1 0.555859375 0.7619791666666667 0.05234375 0.057291666666666664
0 0.15753494250594766 0.42745189554145746 0.02771362014274381 0.040714765618116114
1 0.4809701906028369 0.2846815898345153 0.05301972517730506 0.08932476359338064
