1 0.5475761217948719 0.30368589743589747 0.05909455128205128 0.08279914529914531
1 0.19851762820512825 0.7384481837606837 0.050080128205128194 0.06797542735042737
2 0.641726762820513 0.31275373931623934 0.0911458333333333 0.12342414529914537
2 0.6015625 0.49322916666666666 0.1171875 0.13854166666666667
0 0.19300881410256415 0.4018429487179488 0.03705929487179489 0.05475427350427348
0 0.5923177083333334 0.7114049145299146 0.023697916666666697 0.03552350427350426
0 0.573828125 0.7703125 0.02109375 0.042708333333333334
0 0.593359375 0.7390625 0.02734375 0.023958333333333335
0 0.7774439102564104 0.2849893162393163 0.09615384615384617 0.11217948717948723
1 0.317167467948718 0.7415331196581197 0.0812099358974359 0.08776709401709391
0 0.7099258814102564 0.7448317307692308 0.056911057692307754 0.07123397435897445
0 0.6251001602564102 0.9106570512820513 0.07832532051282053 0.09481837606837604
0 0.6057892628205128 0.7762019230769232 0.042828525641025725 0.05657051282051289
0 0.4414062500000001 0.9704994658119658 0.06109775641025639 0.056917735042735035
1 0.27325721153846155 0.09731570512820516 0.08088942307692308 0.12411858974358969
1 0.5896935096153847 0.19551282051282057 0.10506810897435903 0.1121794871794872
