0 0.14701106039325845 0.49238061797752813 0.0448121488764045 0.06392790262172282
0 0.327734375 0.5255208333333333 0.04609375 0.05520833333333333
0 0.4656873469461251 0.5615546672428695 0.04299328363583976 0.059006770383174846
0 0.6770738444669366 0.07833305218173639 0.05127994264507416 0.06811459739091319
0 0.16295072115384618 0.8933627136752136 0.04509214743589744 0.06263354700854708
0 0.641005608974359 0.8950053418803419 0.04050480769230776 0.054006410256410335
3 0.8787904467372515 0.21032603476423703 0.10337416270527236 0.13646403534043974
3 0.5553285256410256 0.6841079059829059 0.07764423076923084 0.099198717948718
3 0.5192407852564103 0.883573717948718 0.05566907051282062 0.06201923076923078
3 0.6354667467948718 0.9831864316239316 0.07562099358974361 0.031543803418803404
3 0.4494190705128206 0.25401976495726497 0.05108173076923075 0.06995192307692318
3 0.35376602564102566 0.028979700854700877 0.06209935897435899 0.05795940170940175
3 0.057619382022471896 0.5765156835205992 0.03047752808988765 0.03610720973782774
3 0.393359375 0.6536458333333334 0.07890625 0.10520833333333333
3 0.30501802884615387 0.3504407051282052 0.07746394230769234 0.09612713675213674
3 0.187109375 0.6463541666666667 0.11171875 0.140625
3 0.44765625 0.9552083333333333 0.0875 0.0875
3 0.6352137103576248 0.49724119995501576 0.015756789811066162 0.02086847728295099
0 0.33581460674157304 0.8248595505617977 0.028862359550561757 0.03567415730337077
0 0.609765625 0.20832560166441744 0.02717927631578947 0.03510318263607735
1 0.8109375 0.2671875 0.0234375 0.05520833333333333
0 0.7439518960674156 0.034983614232209734 0.04475070224719095 0.058778089887640446
