2 0.5722695707070707 0.2725484006734007 0.10703914141414143 0.14093013468013466
2 0.5145202020202021 0.6907617845117845 0.13573232323232326 0.17361111111111108
2 0.723046875 0.1140625 0.10078125 0.11770833333333333
2 0.5639322916666666 0.4625 0.06689551767676774 0.09983164983164983
2 0.3413036616161616 0.3177609427609428 0.06392045454545454 0.09048821548821552
2 0.225390625 0.3171875 0.04453125 0.08854166666666667
2 0.07279434974747476 0.5828966750841751 0.05643150252525253 0.10945917508417509
2 0.8757378472222221 0.35613952020202017 0.05008680555555554 0.07686237373737376
0 0.6685444078947368 0.3313322368421053 0.02146381578947363 0.031085526315789497
0 0.35390625 0.7005208333333334 0.034375 0.046875
0 0.2171875 0.9161458333333333 0.0375 0.053125
0 0.059361645299145324 0.36885683760683763 0.030339452214452268 0.041164853664853736
0 0.10257654671717172 0.40163615319865315 0.03790246212121211 0.05531355218855219
0 0.32578125 0.6734375 0.03125 0.03854166666666667
0 0.31328125 0.6265625 0.0625 0.071875
1 0.507879577020202 0.4393939393939394 0.05142834595959593 0.08712121212121211
1 0.7862253289473684 0.3304002192982456 0.0566611842105262 0.07933114035087717
1 0.6545673076923078 0.090625 0.059375 0.0625
1 0.9306891025641025 0.11112446581196583 0.07211538461538466 0.09933226495726499
1 0.780078125 0.18854166666666666 0.07109375 0.08333333333333333
3 0.650094696969697 0.7481534090909091 0.03503787878787863 0.04409722222222214
3 0.974609375 0.043229166666666666 0.04921875 0.08020833333333334
0 0.7877406881313131 0.7346801346801347 0.0729561237373737 0.09730639730639735
0 0.8390822285353536 0.7551715067340067 0.048476957070707094 0.06674031986531984
3 0.47019230769230774 0.30527510683760684 0.053125 0.06354166666666666
0 0.2880642361111111 0.6900357744107743 0.03319917929292933 0.0424873737373737
0 0.13321890782828283 0.17382721445221444 0.047640467171717174 0.07111661486661486
0 0.08568406419968921 0.02945601851851852 0.054326316045066034 0.05893308080808081
0 0.18021834935897435 0.36494391025641026 0.04661458333333339 0.07513354700854707
2 0.5588341346153847 0.052617521367521417 0.0846554487179488 0.0827991452991453
1 0.365625 0.5994791666666667 0.0703125 0.078125
