1 0.5922473254504504 0.6161646021021021 0.023317849099099064 0.05107920420420413
1 0.6355644707207206 0.8845814564564564 0.02799831081081079 0.05103228228228218
1 0.8794341216216217 0.7229354354354354 0.023085585585585554 0.03836336336336323
2 0.7062218468468469 0.2555367867867868 0.05841779279279278 0.08915165165165163
2 0.8556292771136522 0.09481115731115736 0.06506464397089413 0.09990759990759987
2 0.42265625 0.22092681623931623 0.06454326923076925 0.10675747863247868
2 0.380859375 0.45416666666666666 0.05390625 0.07916666666666666
2 0.34234234234234234 0.6459271771771771 0.05841779279279278 0.07601351351351344
2 0.06290064102564105 0.4035523504273505 0.07892628205128212 0.09289529914529909
0 0.4147661790780141 0.25609485815602834 0.019758421985815657 0.022680260047281357
0 0.3516219701522436 0.15384615384615385 0.02632336738782053 0.029914529914529926
0 0.205859375 0.7265625 0.01953125 0.028125
1 0.22970157657657658 0.7127815315315315 0.05002815315315319 0.07556306306306304
2 0.9096283783783784 0.5178303303303303 0.05701013513513509 0.12199699699699694
2 0.8708544481981981 0.851295045045045 0.05829110360360357 0.10574324324324327
1 0.9171875 0.9338541666666667 0.0546875 0.084375
1 0.957372606981982 0.947635135135135 0.06005771396396398 0.09384384384384378
