0 0.3806840945512821 0.28390758547008554 0.026792868589743567 0.04222756410256417
0 0.4353866185897436 0.28039529914529915 0.039082532051282114 0.05993589743589756
0 0.7253791251187085 0.7405577318771764 0.04017539173789162 0.05129194365305464
0 0.3614282852564103 0.5584935897435898 0.021334134615384626 0.030181623931623845
0 0.10821894470404989 0.8553056853582554 0.02835377725856699 0.039778037383177534
1 0.5268719059405941 0.6382477310231022 0.05686881188118811 0.049412128712871234
1 0.8400440705128208 0.27526709401709404 0.03305288461538449 0.07019230769230779
1 0.17261747508885505 0.5342073390031311 0.0552910399212998 0.05328499196073455
2 0.1528545673076923 0.08340010683760686 0.05727163461538463 0.09361645299145295
2 0.8740429131054132 0.46139502215891104 0.11707621082621085 0.13379431782209555
2 0.7285657051282052 0.48063568376068383 0.0977564102564104 0.15892094017094013
1 0.4034705528846154 0.6265625 0.056340144230769204 0.05803952991452992
1 0.31495392628205127 0.7991452991452992 0.053585737179487225 0.04273504273504282
1 0.4044471153846154 0.055114850427350454 0.05288461538461551 0.07246260683760687
2 0.8541866987179487 0.05719818376068378 0.07087339743589745 0.0789797008547009
1 0.9572315705128205 0.7303685897435898 0.05909455128205128 0.08947649572649562
1 0.9684595352564103 0.9785122863247864 0.06151842948717938 0.04089209401709404
0 0.5094059405940594 0.6786458333333333 0.04384282178217811 0.05524958745874583
0 0.04542118875349075 0.6579723597359736 0.03375698146737756 0.03677805280528048
0 0.8689202724358974 0.9195245726495728 0.03940304487179489 0.048450854700854626
1 0.20625 0.196875 0.0609375 0.08958333333333333
1 0.8164963942307694 0.02029914529914532 0.0560697115384615 0.04059829059829064
