0 0.19137620192307697 0.29489850427350434 0.03231169871794872 0.04962606837606837
0 0.13441506410256415 0.3976495726495727 0.034054487179487135 0.043696581196581145
0 0.05679086538461542 0.44536591880341886 0.021033653846153844 0.0318108974358975
0 0.14451121794871796 0.4826655982905983 0.01987179487179489 0.02665598290598291
0 0.23724959935897436 0.5243856837606838 0.016686698717948766 0.022061965811965754
0 0.19297876602564104 0.5440838675213675 0.02497996794871793 0.03474893162393157
0 0.21875 0.5802083333333333 0.01875 0.03125
0 0.19921875 0.5796875 0.03125 0.046875
0 0.25974559294871796 0.7692174145299145 0.0398036858974359 0.05451388888888893
0 0.242578125 0.80625 0.02578125 0.029166666666666667
0 0.23020833333333335 0.8369123931623932 0.030769230769230837 0.04465811965811971
0 0.20920472756410255 0.8786057692307694 0.030709134615384624 0.03605769230769233
0 0.17648237179487183 0.9013221153846154 0.03405448717948718 0.04938568376068382
0 0.01484375 0.8317708333333333 0.0203125 0.034375
0 0.046875 0.81875 0.03125 0.035416666666666666
0 0.38782051282051283 0.7639556623931624 0.024038461538461498 0.03832799145299148
0 0.548447516025641 0.9052617521367521 0.037319711538461676 0.05219017094017093
0 0.7123297275641025 0.9480502136752136 0.03607772435897436 0.04674145299145304
0 0.4890925480769231 0.7358707264957265 0.022255608974358944 0.030395299145299266
0 0.49633413461538467 0.6788194444444445 0.016706730769230748 0.024305555555555594
0 0.6263120993589745 0.6652110042735042 0.015805288461538412 0.022142094017094157
0 0.6244691506410256 0.5721955128205128 0.013481570512820618 0.023878205128205227
0 0.7043269230769231 0.5926949786324786 0.028044871794871806 0.04698183760683759
0 0.9194110576923077 0.5154246794871795 0.0265625 0.03592414529914537
0 0.9555789262820514 0.3937366452991453 0.016326121794871716 0.022889957264957298
0 0.8115885416666668 0.38911591880341884 0.021854967948718062 0.03213141025641022
0 0.7431490384615385 0.35448717948717956 0.038541666666666786 0.04262820512820517
0 0.6410657051282052 0.2993589743589744 0.0363782051282052 0.04871794871794878
0 0.8081330128205128 0.2812366452991453 0.02475961538461551 0.03421474358974367
0 0.8403846153846153 0.11316773504273507 0.034375000000000176 0.041826923076923116
0 0.8229467147435898 0.1671073717948718 0.0291866987179489 0.040785256410256446
0 0.6973157051282051 0.09602029914529919 0.03205128205128203 0.04674145299145298
0 0.7496694711538462 0.039930555555555594 0.036598557692307666 0.04407051282051282
0 0.7780949519230769 0.060937500000000026 0.026742788461538502 0.036778846153846204
0 0.6615184294871795 0.014957264957264979 0.031530448717948724 0.029914529914529957
0 0.5789262820512822 0.04488514957264959 0.03245192307692309 0.039503205128205175
0 0.5309495192307693 0.008947649572649595 0.031850961538461495 0.01789529914529919
0 0.4263822115384617 0.07795138888888892 0.027043269230769253 0.04281517094017098
0 0.461298076923077 0.23145032051282055 0.03533653846153859 0.040304487179487196
0 0.5541366185897436 0.2507745726495727 0.025941506410256478 0.03370726495726499
0 0.63359375 0.16145833333333334 0.0453125 0.04791666666666667
0 0.601953125 0.1171875 0.02578125 0.03854166666666667
0 0.56640625 0.17135416666666667 0.0296875 0.034375
0 0.57578125 0.14739583333333334 0.0234375 0.026041666666666668
0 0.857782451923077 0.8585336538461538 0.02962740384615383 0.038808760683760705
0 0.8926482371794873 0.6908520299145299 0.02407852564102555 0.02962072649572652
0 0.9434094551282051 0.603926282051282 0.01943108974358978 0.02451923076923078
1 0.946875 0.1953125 0.0484375 0.059375
1 0.9085336538461538 0.08736645299145301 0.04230769230769234 0.06404914529914534
1 0.5245392628205129 0.1935096153846154 0.0390625 0.06810897435897437
1 0.6333834134615385 0.11435630341880344 0.050420673076922995 0.05670405982905978
1 0.3128405448717949 0.19630074786324786 0.047796474358974404 0.05451388888888893
1 0.11769831730769231 0.2923344017094018 0.03944310897435908 0.06276709401709404
1 0.0339342948717949 0.6642628205128206 0.06875000000000006 0.05608974358974355
1 0.056840945512820526 0.9510950854700854 0.04697516025641032 0.06469017094017092
1 0.27790464743589743 0.5777644230769231 0.02856570512820511 0.06738782051282044
1 0.3689603365384615 0.592147435897436 0.03972355769230771 0.06677350427350426
1 0.5254907852564104 0.672409188034188 0.043169070512820616 0.053151709401709483
1 0.4353265224358974 0.8460470085470085 0.03719951923076925 0.050427350427350484
1 0.4815705128205129 0.42342414529914535 0.04286858974358978 0.059668803418803464
1 0.40545873397435894 0.437099358974359 0.04685496794871798 0.061698717948718
1 0.5544671474358974 0.5055288461538462 0.03529647435897436 0.058386752136752186
0 0.6122596153846154 0.4984775641025641 0.02988782051282062 0.04310897435897445
0 0.584375 0.4744791666666667 0.0359375 0.051041666666666666
1 0.6023938301282052 0.3607238247863248 0.03359375 0.04997329059829051
2 0.5860977564102564 0.4132478632478633 0.06418269230769243 0.06399572649572652
2 0.31277043269230764 0.6200053418803418 0.0579527243589744 0.06447649572649575
1 0.798427483974359 0.5588675213675214 0.040164262820512955 0.05854700854700864
1 0.8423277243589744 0.5227029914529915 0.056530448717948725 0.0587606837606837
1 0.7116085737179487 0.7176816239316239 0.04152644230769224 0.04540598290598297
1 0.178125 0.0953125 0.03125 0.05520833333333333
1 0.2109375 0.10677083333333333 0.034375 0.04895833333333333
1 0.1977263621794872 0.06338141025641028 0.037640224358974406 0.04823717948717944
1 0.371875 0.025 0.034375 0.05
1 0.8215444711538463 0.2479433760683761 0.040004006410256386 0.03936965811965818
1 0.8537059294871796 0.3464209401709403 0.035777243589743615 0.042735042735042764
0 0.5435697115384616 0.640892094017094 0.019030448717948723 0.022702991452991483
1 0.5280649038461538 0.7629006410256411 0.05012019230769225 0.059134615384615445
3 0.6718249198717949 0.796474358974359 0.03695913461538458 0.05074786324786326
3 0.23707932692307696 0.9667467948717949 0.05909455128205128 0.06543803418803407
3 0.37655248397435903 0.658747329059829 0.020532852564102512 0.02972756410256423
3 0.4643229166666667 0.7397435897435898 0.015264423076923172 0.0199786324786326
0 0.15062099358974362 0.09598023504273506 0.014383012820512775 0.022622863247863202
0 0.2005208333333334 0.2449252136752137 0.014022435897435903 0.018696581196581175
3 0.1475260416666667 0.4389022435897436 0.021854967948717975 0.026041666666666668
0 0.3987279647435898 0.38374732905982906 0.03026842948717956 0.03458867521367518
3 0.5175280448717949 0.31570512820512825 0.015024038461538413 0.024038461538461498
3 0.6479266826923078 0.42916666666666664 0.02065304487179489 0.026816239316239353
3 0.7564202724358975 0.5534188034188035 0.02602163461538449 0.03472222222222226
0 0.589463141025641 0.775761217948718 0.039423076923077005 0.04409722222222214
0 0.8053385416666667 0.8479834401709403 0.03435496794871806 0.041212606837606816
3 0.051171875 0.8651041666666667 0.03515625 0.04895833333333333
3 0.353094951923077 0.4223290598290598 0.01937099358974357 0.029807692307692393
0 0.7193509615384616 0.5347222222222222 0.03205128205128212 0.03739316239316247
0 0.3063401442307693 0.44409722222222225 0.020733173076923083 0.039690170940170924
0 0.9671875 0.05 0.0296875 0.04375
0 0.981640625 0.043229166666666666 0.02890625 0.036458333333333336
