0 0.453978280141844 0.10801566193853426 0.03608156028368796 0.0451979905437352
0 0.5233441187484715 0.19054203036915804 0.032544918531425805 0.03380955628296052
0 0.3530913254310345 0.25838721264367814 0.035870150862068996 0.05219109195402295
0 0.19351058467741938 0.1402497759856631 0.01948084677419353 0.025056003584229457
0 0.05087267287234043 0.14429669030732858 0.014500221631205668 0.021394799054373515
0 0.01328125 0.24166666666666667 0.0265625 0.03958333333333333
0 0.7675504210992908 0.14227984633569737 0.021747562056737647 0.0283835697399527
0 0.721875 0.12291666666666666 0.0140625 0.020833333333333332
0 0.7109375 0.13489583333333333 0.025 0.036458333333333336
0 0.864455895390071 0.09437795508274231 0.02851285460992905 0.03553486997635931
0 0.8906083776595745 0.2858820921985815 0.019425975177304978 0.02634456264775409
0 0.8263270168439716 0.10944518321513001 0.018334441489361808 0.02608599290780139
0 0.7985801091269841 0.4966848544973545 0.023499503968253954 0.03143187830687826
0 0.802120931484296 0.5928912670269053 0.02574483915906791 0.03141604750647294
0 0.8375496031746031 0.592443783068783 0.028645833333333214 0.03998015873015864
0 0.9655815972222221 0.8522486772486773 0.028038194444444463 0.03458994708994704
0 0.9173859126984126 0.9377149470899471 0.028100198412698417 0.03713624338624347
0 0.9244047619047621 0.970949074074074 0.028546626984127067 0.0369378306878307
0 0.6732120051085568 0.8324732598978289 0.019955300127713828 0.027582215836525967
0 0.6684461805555555 0.9514963624338625 0.02873263888888884 0.036590608465608555
0 0.6332651289682539 0.9846808862433861 0.025334821428571443 0.02855489417989432
0 0.510528564453125 0.6631246899801586 0.02197265625 0.030195932539682602
0 0.55241393321513 0.543875239220984 0.023164154846335806 0.030452831250703482
0 0.36969470301418444 0.7351174645390072 0.025127437943262398 0.029174054373522416
0 0.35791777482269505 0.7127955082742317 0.017652925531914887 0.028014184397163196
0 0.29105696097883593 0.7115410052910053 0.02540095899470902 0.030621693121693147
0 0.040860615079365066 0.7472552910052909 0.031001984126984128 0.041203703703703694
0 0.11172653347686592 0.8715979609929079 0.03796094013846674 0.03546838061465714
0 0.23929640007598785 0.7945552600472813 0.029940001266464077 0.04179964539007083
0 0.202734375 0.5505208333333333 0.02265625 0.034375
0 0.21328125 0.44114583333333335 0.0203125 0.030208333333333334
0 0.11850818452380954 0.4810515873015873 0.024516369047619047 0.03293650793650791
0 0.40209780092592584 0.5341016123882502 0.023350694444444466 0.029018997445721693
0 0.49140625 0.48020833333333335 0.0328125 0.0375
0 0.6296750992063492 0.4416335978835979 0.020287698412698417 0.029100529100529057
3 0.3388330853174603 0.4956183862433863 0.03515625 0.041666666666666664
3 0.208203125 0.3390625 0.04296875 0.053125
3 0.084375 0.5942708333333333 0.03125 0.042708333333333334
1 0.7640749007936508 0.3580605158730158 0.04786706349206353 0.05405092592592589
1 0.7518604234860884 0.28508478814329874 0.029856280687397607 0.048624749954537215
1 0.5750153804414282 0.20860620818205192 0.0433424660674981 0.052350231390033294
1 0.6041150323275862 0.35463362068965515 0.04567618534482758 0.04288793103448274
1 0.621343085106383 0.043965380069103485 0.04377216312056742 0.05214016184760859
1 0.27307457890070924 0.06159131205673758 0.04217087765957448 0.04643912529550825
1 0.016985261524822694 0.03014923167848698 0.025759086879432614 0.04431146572104016
1 0.20562365301724136 0.28239942528735634 0.03312230603448274 0.0622844827586207
1 0.1714523176291793 0.5667760750872454 0.042622847011144896 0.06296085218957555
1 0.22377232142857145 0.8952794312169312 0.03100198412698405 0.05930886243386233
1 0.701171875 0.9427083333333334 0.03984375 0.06875
1 0.61015625 0.7848958333333333 0.0390625 0.07604166666666666
1 0.5803075396825397 0.6508267195767197 0.0375 0.0625
1 0.9592354910714287 0.7942460317460317 0.04228050595238102 0.0384920634920635
3 0.924116443452381 0.6269097222222223 0.02323288690476204 0.030902777777777855
0 0.7499255952380952 0.7919394841269841 0.03296130952380949 0.0432043650793652
0 0.709765625 0.8864583333333333 0.04453125 0.05625
2 0.598276931102901 0.8703310299215471 0.07930820675971537 0.09985518153621603
2 0.29453125 0.39166666666666666 0.09375 0.11041666666666666
2 0.46807988018925517 0.43425042191205987 0.050080128205128194 0.06284353816681403
2 0.13203125 0.38177083333333334 0.096875 0.13020833333333334
2 0.08611361765450859 0.6509160756501182 0.07367258738601826 0.05721040189125285
2 0.12576739804964537 0.7906007261060453 0.05309729609929077 0.07778199932455258
1 0.3993118878757177 0.678320422436114 0.045680302262749085 0.05559319768096351
1 0.25 0.4510416666666667 0.0515625 0.05416666666666667
1 0.1203125 0.12135416666666667 0.0421875 0.051041666666666666
0 0.33476008421985815 0.7012706855791961 0.03244126773049647 0.04367612293144217
0 0.5157441972837986 0.4851475551906586 0.017494740353037753 0.02474457215836523
1 0.5457343819076039 0.2848355069260242 0.041243575928382015 0.05773283230179782
1 0.42578125 0.3458333333333333 0.0453125 0.06458333333333334
0 0.9296875 0.016666666666666666 0.0359375 0.03333333333333333
0 0.4225232712765957 0.08525783096926712 0.03731161347517738 0.03456708037825058
0 0.014453125 0.4119791666666667 0.02421875 0.03854166666666667
0 0.040761408730158724 0.44107969576719575 0.023759920634920613 0.04012896825396825
1 0.0634672619047619 0.5501322751322751 0.0402529761904762 0.062235449735449734
0 0.3597074468085107 0.04859633569739952 0.014073581560283665 0.01776004728132384
