1 0.568142361111111 0.16018518518518518 0.03906250000000009 0.056944444444444436
1 0.8410456730769234 0.48731303418803423 0.041065705128204934 0.05475427350427348
0 0.9153445512820513 0.07798700142450142 0.0252136752136753 0.045414886039886034
0 0.7256496108058608 0.24264155982905983 0.016592261904761863 0.018379884004884002
0 0.5926303514194139 0.24052579365079366 0.025576636904761953 0.030624236874236863
0 0.5812550080128205 0.40408653846153847 0.03130008012820511 0.03824786324786332
0 0.5775691105769231 0.6295405982905983 0.014633413461538503 0.020032051282051336
0 0.6465745192307693 0.976428952991453 0.0287259615384615 0.03672542735042737
0 0.3460036057692307 0.8524439102564102 0.03455528846153846 0.040304487179487224
0 0.39292868589743596 0.9490251068376068 0.03385416666666678 0.04212072649572652
0 0.2838241185897436 0.7392895299145299 0.031710737179487226 0.036912393162393184
0 0.2521033653846154 0.3333199786324787 0.027043269230769253 0.031543803418803466
0 0.2155448717948718 0.24091880341880348 0.030048076923076917 0.02938034188034188
0 0.10270595114345112 0.08538490413490413 0.015027286902286918 0.01841938091938092
0 0.08322315705128207 0.46356837606837603 0.022255608974359 0.027457264957265023
0 0.12406850961538465 0.8618856837606838 0.020693108974358988 0.029433760683760704
0 0.5244140625 0.5577590811965812 0.023788060897435858 0.03271901709401715
0 0.5685797275641026 0.5871260683760684 0.018088942307692424 0.022061965811965935
0 0.7679038937547601 0.6443960501819413 0.024990479817212474 0.03092737158331206
0 0.60078125 0.14380787037037035 0.0328125 0.03530092592592592
0 0.9648838141025642 0.26466346153846154 0.029767628205128283 0.05817307692307689
0 0.9355068108974359 0.26018963675213674 0.033673878205128106 0.0682959401709402
0 0.817217548076923 0.947769764957265 0.020612980769230838 0.02860576923076934
2 0.6299679487179487 0.19085202991452993 0.05256410256410264 0.09212072649572652
2 0.5448350694444445 0.11938657407407408 0.04053819444444455 0.04664351851851853
0 0.5531385931776557 0.31158234126984125 0.032444768772893796 0.03732066544566539
3 0.41035657051282054 0.18804754273504276 0.047075320512820575 0.05766559829059833
