2 0.8203225160256411 0.44626068376068384 0.12658253205128212 0.13418803418803424
2 0.803125 0.9583333333333334 0.1203125 0.08125
2 0.737109375 0.8755208333333333 0.11328125 0.153125
2 0.4973157051282051 0.695900106837607 0.07948717948717947 0.13704594017094016
2 0.7053185096153846 0.21469017094017095 0.09617387820512828 0.11655982905982913
2 0.875 0.28489583333333335 0.1109375 0.146875
2 0.8765625 0.1765625 0.1203125 0.13020833333333334
2 0.655859375 0.33551014957264963 0.06889022435897436 0.09393696581196588
2 0.25736177884615385 0.4205395299145299 0.10066105769230771 0.12419871794871794
2 0.476171875 0.090625 0.07890625 0.10625
2 0.3785657051282051 0.4112847222222223 0.06161858974358973 0.10798611111111119
1 0.8611177884615385 0.9357772435897436 0.03497596153846168 0.07395833333333345
1 0.6707932692307692 0.500667735042735 0.0790865384615385 0.07612179487179484
1 0.6620592948717949 0.4205395299145299 0.04847756410256414 0.0681089743589744
1 0.14042467948717952 0.36578525641025644 0.038060897435897446 0.07612179487179489
1 0.06914062500000002 0.6684561965811966 0.07578124999999995 0.07441239316239319
2 0.9601161858974357 0.6740785256410255 0.06133814102564106 0.08987713675213686
2 0.4271133814102564 0.9524706196581197 0.07766426282051286 0.09297542735042737
2 0.2485977564102564 0.6097622863247864 0.05208333333333335 0.07160790598290608
0 0.11497395833333338 0.5107371794871794 0.03687900641025643 0.05064102564102567
0 0.07265625 0.19427083333333334 0.034375 0.051041666666666666
0 0.103515625 0.2125 0.04453125 0.058333333333333334
2 0.455078125 0.496875 0.06328125 0.0875
2 0.23984375 0.8677083333333333 0.0703125 0.12083333333333333
2 0.48125 0.225 0.0640625 0.1
2 0.437890625 0.24270833333333333 0.05859375 0.075
0 0.47109375 0.04114583333333333 0.025 0.034375
0 0.080078125 0.3385416666666667 0.02734375 0.035416666666666666
0 0.069140625 0.3171875 0.03046875 0.03229166666666667
0 0.318359375 0.11770833333333333 0.02734375 0.0375
0 0.3453125 0.11822916666666666 0.0296875 0.03854166666666667
0 0.344140625 0.1515625 0.04296875 0.046875
2 0.5734375 0.5473958333333333 0.08125 0.12604166666666666
