3 0.8628806089743591 0.25801282051282054 0.05949519230769216 0.08066239316239322
3 0.40040064102564105 0.5790064102564102 0.028926282051282115 0.03696581196581204
0 0.7909655448717949 0.5120192307692308 0.04306891025641022 0.058760683760683816
0 0.7849559294871795 0.6571714743589745 0.02504006410256423 0.032879273504273596
0 0.9151642628205128 0.8559027777777779 0.047075320512820616 0.06009615384615389
0 0.5145232371794872 0.7892094017094017 0.04306891025641022 0.05491452991452993
0 0.6138621794871796 0.6366586538461537 0.04270833333333348 0.0525373931623933
0 0.08939302884615388 0.5206997863247864 0.04597355769230775 0.052083333333333336
0 0.49599358974358976 0.4245459401709403 0.0520833333333333 0.060096153846153834
0 0.5621995192307694 0.2262286324786325 0.04987980769230775 0.05876068376068376
0 0.14504206730769234 0.2093616452991453 0.05086137820512819 0.06845619658119659
0 0.058393429487179495 0.20942841880341884 0.06189903846153851 0.08434829059829063
3 0.192578125 0.03697916666666667 0.03671875 0.046875
