0 0.2163110977564103 0.3952590811965812 0.014993990384615418 0.01984508547008552
0 0.0704051906779661 0.5010328389830508 0.01808792372881356 0.02353460451977405
0 0.14668469551282054 0.5598557692307693 0.03155048076923084 0.03787393162393151
0 0.2145983573717949 0.49205395299145305 0.027433894230769296 0.03592414529914532
0 0.048066737288135576 0.38933615819209044 0.029661016949152595 0.04389124293785311
0 0.72421875 0.12708333333333333 0.0328125 0.05
0 0.7462914347165992 0.2883539979757085 0.010959640688259142 0.017927631578947317
0 0.3772686298076923 0.04827724358974361 0.02046274038461533 0.034054487179487225
0 0.05176550196850392 0.03945620078740157 0.02294537401574801 0.029355314960629923
0 0.6570598323170731 0.8618394308943089 0.03744283536585362 0.05548780487804876
0 0.6313449079502814 0.9531885162601625 0.017797988977485878 0.020960365853658538
0 0.5845602964743589 0.8164930555555555 0.01567508012820511 0.020058760683760706
0 0.5313952323717949 0.8870325854700855 0.02084334935897436 0.02721688034188041
0 0.32959234775641033 0.8224358974358974 0.02180488782051282 0.025534188034188075
0 0.5194461137820513 0.6553018162393163 0.01669671474358978 0.023263888888888928
0 0.22738882211538466 0.7645833333333333 0.030899439102564142 0.04375
0 0.100390625 0.8041666666666667 0.02890625 0.035416666666666666
0 0.4203125 0.0453125 0.0546875 0.06770833333333333
0 0.419140625 0.013020833333333334 0.04453125 0.026041666666666668
2 0.583203125 0.2578125 0.06484375 0.090625
2 0.45 0.11510416666666666 0.0640625 0.11354166666666667
2 0.3768629807692308 0.3302751068376068 0.05997596153846159 0.06786858974358966
2 0.4830128205128205 0.45674412393162395 0.06602564102564105 0.08442841880341874
2 0.4346003605769231 0.5536992521367521 0.06920072115384616 0.07689636752136751
2 0.2664012419871795 0.6731169871794871 0.056039663461538505 0.09981303418803418
2 0.127734375 0.26145833333333335 0.08359375 0.075
2 0.29216746794871795 0.4821714743589744 0.047075320512820526 0.09975961538461545
1 0.30806790865384615 0.31100427350427345 0.05483774038461542 0.07483974358974362
1 0.25898938301282054 0.18135683760683763 0.059845753205128235 0.07104700854700857
1 0.02421875 0.07916666666666666 0.0484375 0.06666666666666667
1 0.5437650240384615 0.17417200854700857 0.04996995192307692 0.06415598290598284
1 0.9618218417761101 0.6439871273712737 0.04790103189493422 0.08042005420054193
1 0.6728916266025641 0.609201388888889 0.04133613782051286 0.07005876068376059
1 0.7796875 0.9109375 0.0546875 0.08229166666666667
1 0.5025040064102564 0.7672142094017094 0.050580929487179474 0.0451655982905983
1 0.657421875 0.0171875 0.04609375 0.034375
1 0.09815538194444443 0.3246238425925926 0.039800347222222164 0.07008101851851846
1 0.2106921073717949 0.9359775641025643 0.039252804487179514 0.05219017094017093
1 0.6992838541666666 0.8557079945799458 0.037630208333333304 0.06736111111111107
1 0.7929877277327935 0.52332995951417 0.04028972672064786 0.0607962213225371
1 0.150390625 0.16302083333333334 0.06796875 0.07604166666666666
0 0.07265625 0.8338541666666667 0.046875 0.051041666666666666
0 0.5651292067307693 0.9828525641025642 0.041616586538461495 0.032211538461538444
0 0.8049225101626017 0.9616954607046071 0.04157774390243905 0.06492208672086726
0 0.9578474339430894 0.8881309281842817 0.019010416666666786 0.02234925474254735
3 0.5765975560897436 0.4483173076923077 0.041616586538461585 0.05528846153846156
1 0.017578125 0.6177083333333333 0.03515625 0.09791666666666667
0 0.79140625 0.3875 0.0328125 0.029166666666666667
0 0.24514723557692308 0.5882879273504275 0.011408253205128237 0.013060897435897445
0 0.496875 0.5760416666666667 0.0328125 0.03958333333333333
0 0.39994491185897435 0.12435897435897439 0.020322516025641058 0.03279914529914533
