3 0.7229872969164456 0.3525208149130563 0.10426786306366057 0.13511641615089895
3 0.3651602909482759 0.46065014367816093 0.05887661637931037 0.08229166666666667
3 0.4400280103337755 0.1457467580312408 0.05461531553934575 0.0763225758915414
3 0.33371169733642797 0.14367309534335396 0.06924147601679924 0.08944978632478628
3 0.07255608974358976 0.022970085470085493 0.05761217948717952 0.045940170940170985
3 0.4585562762488948 0.9002040045682288 0.05931524922634841 0.07423279546124384
0 0.15878987024400332 0.3793372622001654 0.03020251757650947 0.03859250068927486
0 0.7806737331454464 0.956460451665193 0.05085619750221042 0.06768254494547606
0 0.712942604719275 0.476790911435308 0.03815035090627754 0.0518061081638668
0 0.09831569220430107 0.20585625172318725 0.04194388440860215 0.04953301626688725
1 0.6553076301392572 0.5743354885057471 0.0416207311007958 0.05607040229885053
0 0.31593872777088505 0.6461844327267715 0.031765017576509444 0.042532568238213386
3 0.28549973060344824 0.01966594827586205 0.03904903017241379 0.0393318965517241
