0 0.662079326923077 0.6595619658119659 0.0264022435897437 0.03878205128205122
0 0.7979867788461539 0.739730235042735 0.025020032051281938 0.036030982905982965
0 0.6015625 0.11302083333333333 0.0359375 0.046875
1 0.8840144230769231 0.13790064102564104 0.04326923076923066 0.053792735042735094
1 0.5976462339743589 0.8908520299145299 0.04709535256410265 0.04895833333333333
1 0.46954126602564106 0.6709268162393163 0.040885416666666785 0.04009081196581204
1 0.6043870192307692 0.5528311965811966 0.04563301282051295 0.07596153846153833
2 0.771053685897436 0.12351762820512822 0.058854166666666784 0.11193910256410262
2 0.4198717948717949 0.08780715811965815 0.08613782051282057 0.08453525641025644
2 0.37536057692307695 0.7544070512820513 0.054967948717948814 0.07879273504273504
1 0.15859375 0.3692708333333333 0.0515625 0.065625
0 0.674609375 0.06770833333333333 0.03359375 0.04791666666666667
0 0.594140625 0.013020833333333334 0.04296875 0.026041666666666668
0 0.723828125 0.0078125 0.03984375 0.015625
1 0.256640625 0.009375 0.05078125 0.01875
