3 0.9161658653846155 0.47195512820512825 0.03705929487179489 0.040064102564102616
3 0.38841145833333335 0.6371928418803419 0.040885416666666695 0.051469017094017154
0 0.8319711538461538 0.644244123931624 0.03717948717948723 0.05072115384615377
0 0.7463942307692308 0.7450587606837608 0.04807692307692309 0.06009615384615377
0 0.3387419871794872 0.7921741452991452 0.04607371794871797 0.051335470085470195
0 0.14067508012820512 0.7944711538461539 0.050580929487179425 0.06810897435897445
0 0.16640625 0.8026041666666667 0.0390625 0.06354166666666666
0 0.17671274038461543 0.6806356837606838 0.03559695512820511 0.04738247863247859
0 0.20102163461538464 0.5500801282051283 0.03705929487179489 0.04407051282051271
0 0.091015625 0.44114583333333335 0.03828125 0.042708333333333334
0 0.1109375 0.4552083333333333 0.046875 0.05625
0 0.028245192307692357 0.2349091880341881 0.03605769230769231 0.04674145299145301
0 0.5310596955128205 0.26362179487179493 0.048056891025641056 0.06410256410256414
0 0.5983273237179487 0.17357104700854703 0.027704326923077005 0.038541666666666696
0 0.6558794070512821 0.14302884615384617 0.040805288461538504 0.05689102564102567
0 0.811358173076923 0.25626335470085476 0.03834134615384617 0.05211004273504282
0 0.8066205929487179 0.19362980769230773 0.03980368589743595 0.052323717948717915
0 0.7875100160256411 0.23151709401709403 0.04216746794871788 0.045299145299145256
0 0.7313701923076923 0.27773771367521366 0.028044871794871806 0.038541666666666786
0 0.516746794871795 0.42357104700854703 0.028605769230769164 0.0421207264957264
0 0.505829326923077 0.46251335470085475 0.04771634615384608 0.05627670940170943
0 0.08383413461538466 0.963301282051282 0.023036858974358965 0.026923076923077004
0 0.36283052884615385 0.9305154914529915 0.03395432692307687 0.0470886752136753
0 0.5268930288461539 0.8385416666666666 0.032351762820512955 0.04407051282051289
0 0.6837940705128205 0.4492521367521368 0.0390625 0.05341880341880341
0 0.343719951923077 0.04257478632478635 0.03411458333333335 0.04412393162393167
0 0.4183693910256411 0.18750000000000003 0.03104967948717947 0.040064102564102554
0 0.19922876602564105 0.030315170940170964 0.03263221153846154 0.047275641025641066
0 0.03361378205128208 0.5150373931623932 0.03333333333333336 0.042040598290598356
0 0.359765625 0.6661458333333333 0.03828125 0.04895833333333333
0 0.34895833333333337 0.6214342948717949 0.0364583333333333 0.04254807692307689
1 0.7310596955128206 0.5264690170940172 0.038681891025641055 0.08060897435897445
0 0.8455228365384617 0.10289797008547011 0.04801682692307683 0.07037927350427355
