2 0.5770783253205127 0.7781116452991453 0.07571113782051286 0.0661057692307691
1 0.8086838942307694 0.345045405982906 0.035677083333333394 0.05884081196581204
1 0.49686999198717957 0.3550747863247864 0.030799278846153744 0.056143162393162464
1 0.3408703926282052 0.0841479700854701 0.047325721153846076 0.0491185897435898
1 0.37981270032051284 0.6309962606837608 0.040554887820512864 0.087900641025641
1 0.4373247195512821 0.7470486111111112 0.03871193910256414 0.04409722222222226
1 0.9739683493589745 0.8961939102564103 0.050500801282051276 0.056971153846153894
1 0.31307592147435903 0.347502670940171 0.02879607371794877 0.045913461538461556
1 0.20703125 0.6875 0.025 0.04375
1 0.7020382612179488 0.287099358974359 0.03913261217948714 0.042521367521367516
0 0.855859375 0.051041666666666666 0.02578125 0.03125
0 0.1484324919871795 0.2104700854700855 0.02655248397435901 0.03285256410256411
0 0.289453125 0.709375 0.02578125 0.035416666666666666
2 0.984375 0.7203125 0.0296875 0.08854166666666667
