0 0.6060096153846153 0.44631410256410253 0.0363782051282052 0.04861111111111113
0 0.8256209935897436 0.41124465811965816 0.03986378205128212 0.05464743589743589
0 0.7855969551282052 0.5285523504273504 0.05580929487179489 0.07377136752136763
0 0.8015625 0.6328125 0.0359375 0.04479166666666667
0 0.8057692307692307 0.7877938034188035 0.05753205128205128 0.0547542735042736
0 0.493359375 0.25885416666666666 0.03984375 0.051041666666666666
0 0.3969951923076924 0.2537393162393162 0.027724358974358987 0.03846153846153853
0 0.4475260416666667 0.15089476495726498 0.04685496794871806 0.06252670940170943
0 0.4105969551282052 0.17447916666666666 0.040625 0.04895833333333333
3 0.7821514423076923 0.03725961538461543 0.04066506410256423 0.05742521367521368
3 0.9100360576923077 0.6906917735042735 0.065625 0.078125
3 0.9506410256410256 0.7527510683760684 0.07227564102564106 0.10080128205128211
3 0.9711838942307693 0.9148103632478632 0.058954326923076825 0.08918269230769234
3 0.6923778044871796 0.6206864316239317 0.05194310897435903 0.06845619658119659
3 0.5622095352564103 0.6883012820512822 0.03984375 0.05074786324786326
3 0.5304186698717949 0.7613915598290598 0.0673677884615386 0.0861912393162393
3 0.47170472756410253 0.6383279914529915 0.0956530448717948 0.12665598290598296
3 0.5676081730769231 0.5360576923076923 0.03305288461538458 0.045405982905982904
3 0.10320512820512821 0.25320512820512825 0.044391025641025685 0.058226495726495804
3 0.22305689102564105 0.2776442307692308 0.0911458333333333 0.11618589743589751
0 0.20552884615384617 0.38592414529914537 0.016025641025641014 0.02248931623931624
