1 0.7451221955128206 0.029647435897435917 0.06756810897435894 0.059294871794871834
1 0.6161858974358975 0.9340277777777779 0.050080128205128194 0.08012820512820511
1 0.7471654647435898 0.7624732905982906 0.03651842948717956 0.07088675213675207
2 0.24208733974358979 0.12186164529914531 0.11117788461538462 0.14997329059829062
2 0.5270032051282051 0.1652110042735043 0.11025641025641031 0.10333867521367525
1 0.519891826923077 0.0873931623931624 0.07039262820512819 0.06688034188034184
2 0.09691506410256412 0.8961939102564103 0.12508012820512823 0.15136217948717945
2 0.8781450320512821 0.4804620726495727 0.07103365384615383 0.089823717948718
2 0.50390625 0.7661458333333333 0.075 0.11770833333333333
1 0.801953125 0.5270833333333333 0.05390625 0.09791666666666667
2 0.4453826121794872 0.8125 0.06905048076923066 0.12553418803418795
