3 0.7648036858974359 0.10964209401709404 0.05532852564102573 0.07825854700854704
3 0.7588541666666668 0.24985309829059835 0.05120192307692299 0.06493055555555563
3 0.48515625 0.2171875 0.0296875 0.046875
3 0.48798076923076933 0.08800747863247867 0.0801282051282052 0.10817307692307691
3 0.5377904647435898 0.30034722222222227 0.1267427884615385 0.172275641025641
3 0.7669871794871794 0.5462339743589745 0.058974358974358945 0.07580128205128212
3 0.553515625 0.7125 0.09609375 0.12291666666666666
3 0.810907451923077 0.6732905982905983 0.04525240384615383 0.06741452991452992
0 0.5889122596153846 0.06614583333333336 0.018489583333333393 0.02636217948717953
0 0.3326822916666667 0.5764823717948719 0.03816105769230775 0.0526976495726494
0 0.15895432692307696 0.5459535256410256 0.0390625 0.05499465811965815
0 0.31118790064102564 0.45360576923076923 0.021053685897435948 0.03135683760683765
0 0.728515625 0.4625 0.05234375 0.06041666666666667
