2 0.6824118589743591 0.46629273504273505 0.10793269230769234 0.16623931623931623
2 0.8826322115384617 0.31749465811965816 0.11213942307692318 0.14332264957264965
2 0.69296875 0.11197916666666667 0.0671875 0.109375
2 0.5064002403846154 0.3095085470085471 0.0813501602564104 0.08985042735042743
2 0.4439503205128205 0.1704059829059829 0.06402243589743595 0.11164529914529918
2 0.3828125 0.31515758547008554 0.08413461538461546 0.08656517094017098
2 0.17021233974358976 0.5006677350427351 0.08665865384615387 0.10817307692307701
2 0.05754206730769233 0.5788728632478632 0.08563701923076925 0.1494123931623932
2 0.7786258012820513 0.23944978632478636 0.06774839743589745 0.07772435897435903
1 0.5501001602564103 0.10682425213675216 0.06806891025641022 0.08656517094017098
1 0.881610576923077 0.02564102564102566 0.06209935897435894 0.05128205128205132
1 0.10153245192307694 0.02497329059829062 0.05174278846153855 0.04994658119658124
0 0.2617988782051282 0.5816907051282052 0.0437099358974359 0.05029380341880341
0 0.24308894230769235 0.6131944444444445 0.03305288461538458 0.043376068376068486
0 0.17946714743589745 0.5972088675213676 0.04803685897435894 0.059321581196581145
0 0.08957331730769233 0.5419471153846154 0.02758413461538469 0.036298076923077
0 0.9512219551282051 0.17081997863247864 0.03104967948717956 0.04938568376068376
3 0.7308794070512821 0.17566773504273506 0.05707131410256423 0.07783119658119654
3 0.02964743589743592 0.47212873931623933 0.05929487179487184 0.09115918803418796
3 0.23059895833333335 0.23635149572649575 0.0440104166666667 0.05186965811965815
3 0.28766025641025644 0.024305555555555577 0.09214743589743586 0.048611111111111154
3 0.01796875 0.10052083333333334 0.0359375 0.078125
