2 0.7068309294871795 0.7453392094017095 0.07311698717948723 0.11140491452991448
2 0.7439002403846154 0.2046875 0.08311298076923083 0.13854166666666665
2 0.5821314102564104 0.10536858974358979 0.10817307692307691 0.11084401709401709
2 0.4709134615384616 0.24869123931623935 0.07820512820512829 0.13936965811965812
2 0.13207131410256415 0.280315170940171 0.12888621794871796 0.140224358974359
2 0.06851963141025644 0.9190438034188034 0.09172676282051287 0.10357905982905974
1 0.03268229166666669 0.2776308760683761 0.05494791666666662 0.08950320512820523
1 0.5766225961538463 0.702991452991453 0.0390625 0.05608974358974355
1 0.6943509615384615 0.4284588675213675 0.05817307692307683 0.09233440170940176
2 0.7243589743589745 0.8659188034188035 0.07211538461538466 0.08814102564102567
2 0.083984375 0.7390625 0.06484375 0.10104166666666667
1 0.3823116987179488 0.48959668803418804 0.057091346153846215 0.10093482905982908
1 0.35574919871794874 0.8205128205128206 0.05212339743589749 0.061431623931623845
1 0.2546073717948718 0.34720886752136754 0.03405448717948718 0.046501068376068426
1 0.4173377403846154 0.16165865384615385 0.04501201923076921 0.0837339743589744
3 0.7276041666666667 0.27401175213675216 0.038541666666666606 0.06469017094017099
