0 0.3606670673076923 0.24986645299145302 0.032271634615384626 0.041933760683760646
0 0.533984375 0.36041666666666666 0.03203125 0.03958333333333333
0 0.21079358552631575 0.412390350877193 0.035649671052631546 0.04144736842105263
0 0.27563733552631575 0.32584978070175435 0.026027960526315796 0.030317982456140355
0 0.23303865131578946 0.2347313596491228 0.020764802631578937 0.024287280701754396
0 0.27399259868421055 0.6068804824561405 0.024383223684210486 0.03404605263157888
0 0.51796875 0.671875 0.0265625 0.035416666666666666
0 0.8204975328947368 0.08168859649122805 0.025123355263157877 0.029605263157894735
0 0.4630756578947368 0.028344298245614033 0.024506578947368407 0.033223684210526315
0 0.9057860998650472 0.49566885964912283 0.019019905533063586 0.02839912280701752
0 0.9174136513157893 0.16710526315789473 0.018791118421052744 0.027631578947368438
0 0.07088815789473683 0.8489035087719298 0.024342105263157898 0.03684210526315776
0 0.13743832236842107 0.8900493421052631 0.024465460526315774 0.035690789473684245
1 0.7146792763157894 0.14089912280701752 0.036266447368421065 0.05153508771929826
1 0.20945723684210527 0.28700657894736836 0.06858552631578949 0.05317982456140348
1 0.096484375 0.3385416666666667 0.03203125 0.05416666666666667
1 0.319921875 0.5663651315789474 0.042722039473684206 0.05148026315789475
1 0.2799136513157895 0.7699287280701753 0.04173519736842106 0.07055921052631588
1 0.3363692434210526 0.7303728070175439 0.04453125 0.075
1 0.7065583881578947 0.7582517993702205 0.04740953947368416 0.05586482231219054
1 0.9806949013157894 0.35589364035087717 0.03704769736842106 0.07362938596491234
1 0.7886307565789473 0.19849232456140348 0.04115953947368407 0.06792763157894735
1 0.3329975328947368 0.4409265350877193 0.033018092105263144 0.05674342105263156
1 0.23523848684210522 0.6720394736842105 0.031167763157894733 0.07872807017543858
1 0.026212993421052634 0.963843201754386 0.04461348684210526 0.07023026315789475
1 0.24510690789473683 0.9348684210526315 0.037911184210526326 0.07763157894736837
1 0.55859375 0.9479166666666666 0.04375 0.06666666666666667
1 0.58046875 0.8927083333333333 0.046875 0.06041666666666667
1 0.8351973684210525 0.9627467105263158 0.05164473684210513 0.07242324561403517
1 0.8346217105263157 0.8863760964912281 0.028124999999999824 0.04742324561403504
2 0.42154605263157896 0.1659265350877193 0.06644736842105256 0.10455043859649121
2 0.0578125 0.2651315789473684 0.084375 0.09692982456140348
2 0.14214638157894738 0.6981633771929824 0.049588815789473675 0.07516447368421038
2 0.30532483552631573 0.9480811403508772 0.06533717105263155 0.06875
2 0.925390625 0.6859375 0.08984375 0.11354166666666667
2 0.6875 0.47552083333333334 0.05 0.08854166666666667
2 0.400390625 0.4041666666666667 0.06328125 0.09375
2 0.11558388157894736 0.525548245614035 0.04514802631578947 0.06951754385964909
2 0.20968338815789472 0.706578947368421 0.050945723684210534 0.07149122807017534
2 0.3953125 0.8557291666666667 0.0859375 0.14895833333333333
2 0.4826891447368421 0.8214089912280702 0.078125 0.10104166666666667
2 0.7253083881578947 0.21543311403508772 0.041159539473684156 0.09106359649122805
2 0.7634868421052632 0.3297149122807017 0.07302631578947372 0.09276315789473681
0 0.43207236842105257 0.3091008771929824 0.03881578947368416 0.04627192982456136
0 0.3109448802294197 0.0386435841205578 0.019557607962213154 0.027975989653621216
0 0.09973325742240217 0.1137061403508772 0.02750716936572194 0.029166666666666653
0 0.18321419534412958 0.10273279352226723 0.050638917004048635 0.07085020242914973
0 0.23965871710526315 0.33928179824561405 0.02726151315789469 0.036348684210526255
0 0.026459703947368417 0.4732730263157895 0.02767269736842105 0.03371710526315782
0 0.8475123355263158 0.026726973684210523 0.03194901315789469 0.03426535087719298
0 0.6232551029014844 0.1474232456140351 0.024871373144399377 0.03190789473684209
0 0.894140625 0.609375 0.03203125 0.04375
0 0.8591077302631579 0.7774671052631578 0.03507401315789451 0.048135964912280706
0 0.827549342105263 0.7381030701754386 0.04161184210526318 0.04857456140350891
0 0.7809795673076924 0.9359375 0.02710336538461533 0.03587072649572652
0 0.6007401315789473 0.42110745614035083 0.04029605263157894 0.048135964912280706
2 0.4052631578947368 0.9345668859649123 0.048026315789473625 0.06288377192982454
1 0.19453125 0.18072916666666666 0.0421875 0.057291666666666664
1 0.181640625 0.21354166666666666 0.05859375 0.06041666666666667
0 0.14954769736842105 0.2200657894736842 0.019490131578947367 0.03355263157894735
0 0.087109375 0.29375 0.03046875 0.0375
1 0.13760279605263157 0.4914747807017543 0.04551809210526314 0.039967105263157936
0 0.2744037828947369 0.6755756578947367 0.021916118421052566 0.028234649122806963
1 0.6682428728070174 0.6613247863247864 0.04509320175438587 0.07484255510571317
1 0.7024976804993253 0.9419773391812866 0.04479799257759796 0.06999269005847945
1 0.6339638157894736 0.9244243421052631 0.04128289473684212 0.061239035087719176
1 0.91953125 0.9701754385964912 0.0578125 0.04868421052631575
1 0.9185032894736842 0.9439418859649124 0.04950657894736832 0.03919956140350879
1 0.839453125 0.6682291666666667 0.03203125 0.06145833333333333
1 0.9886513157894736 0.14936951754385966 0.02335526315789487 0.06529605263157894
1 0.4859375 0.5833333333333334 0.0421875 0.05416666666666667
0 0.478125 0.28651315789473686 0.034375 0.03958333333333333
0 0.43322368421052626 0.4365679824561403 0.03651315789473682 0.05010964912280702
0 0.45988898026315794 0.38141447368421055 0.03046875 0.05416666666666667
0 0.469921875 0.4088541666666667 0.02890625 0.042708333333333334
2 0.6109575320512821 0.8154246794871796 0.05653044871794881 0.06359508547008552
2 0.5223684210526315 0.056880482456140344 0.0572368421052631 0.10334429824561403
2 0.649609375 0.0390625 0.04609375 0.065625
0 0.675 0.022395833333333334 0.034375 0.04479166666666667
0 0.601953125 0.010416666666666666 0.03203125 0.020833333333333332
0 0.61953125 0.03125 0.0296875 0.04583333333333333
3 0.8939144736842106 0.1882127192982456 0.02960526315789469 0.04243421052631578
3 0.48562911184210533 0.6999177631578948 0.028741776315789468 0.0365679824561403
0 0.22487664473684207 0.5191611842105263 0.023930921052631594 0.03185307017543852
0 0.5660978618421053 0.4922423245614035 0.03203125 0.034375
1 0.8969777960526315 0.029605263157894735 0.03573190789473699 0.05921052631578947
0 0.9214226973684209 0.03363486842105263 0.025575657894736814 0.03799342105263157
0 0.585546875 0.6348958333333333 0.02109375 0.028125
1 0.5747121710526315 0.620202850877193 0.0474506578947369 0.04248903508771929
0 0.6678865131578947 0.4337171052631579 0.029851973684210532 0.03826754385964908
0 0.643811677631579 0.5843103351327036 0.029810855263157875 0.03704172289698609
0 0.98828125 0.6755208333333333 0.021875 0.03229166666666667
0 0.987109375 0.44427083333333334 0.02421875 0.034375
0 0.8016447368421051 0.4165844298245614 0.02171052631578956 0.0308662280701754
0 0.7439761513157894 0.6126644736842105 0.023560855263157876 0.03344298245614041
0 0.5006784539473683 0.25304276315789476 0.011800986842105222 0.018037280701754366
1 0.8263569078947368 0.5216008771929824 0.0479440789473685 0.05767543859649127
0 0.9395163841093115 0.5702401034637876 0.03379617914979764 0.04373031938821417
0 0.26171875 0.9479166666666666 0.0234375 0.03125
3 0.438671875 0.778125 0.04453125 0.058333333333333334
2 0.5528166118421052 0.8629934210526315 0.05226151315789469 0.061513157894736874
1 0.4833470394736842 0.32541118421052634 0.036595394736842125 0.04435307017543858
0 0.5861636513157894 0.32478070175438595 0.023396381578947346 0.03245614035087717
0 0.07954358552631578 0.9709429824561403 0.036636513157894735 0.040570175438596576
