2 0.06567508012820515 0.20312500000000003 0.0954126602564103 0.1770833333333334
2 0.17590144230769234 0.3886351495726496 0.06694711538461533 0.09185363247863254
2 0.2469050480769231 0.12581463675213678 0.15486778846153842 0.17577457264957264
2 0.16095753205128208 0.6890491452991453 0.0891426282051282 0.16143162393162397
2 0.35526842948717957 0.7116720085470085 0.09114583333333344 0.11351495726495729
2 0.78984375 0.6776041666666667 0.0984375 0.11354166666666667
2 0.4581430288461538 0.5871394230769231 0.08171073717948732 0.1221955128205129
2 0.28114983974358976 0.7918002136752136 0.09915865384615383 0.13755341880341884
2 0.8794370993589744 0.5829727564102565 0.056430288461538504 0.06712072649572652
2 0.661328125 0.7414797008547009 0.06796875000000009 0.08060897435897434
1 0.9016426282051283 0.8432158119658121 0.09014423076923066 0.05341880341880341
1 0.34539262820512817 0.22303685897435901 0.03677884615384621 0.05980235042735046
2 0.8363681891025643 0.45814636752136756 0.050420673076923175 0.07654914529914526
2 0.2390625 0.3619791666666667 0.0890625 0.11354166666666667
1 0.9282552083333334 0.46113782051282054 0.054947916666666784 0.0964209401709402
0 0.879296875 0.6546875 0.04296875 0.051041666666666666
1 0.505078125 0.353125 0.05234375 0.09791666666666667
1 0.6891426282051283 0.5414797008547009 0.056410256410256474 0.07462606837606837
