0 0.8417236328125 0.3023193359375 0.035302734375 0.05437825520833333
0 0.9310916215945515 0.9769124348958333 0.038451522435897265 0.04806315104166667
0 0.7484381260016025 0.9728555271768163 0.020457732371794803 0.028410039396367517
0 0.7161865234375 0.6936129056490384 0.041015625 0.05629632411858978
0 0.3653645833333334 0.25622329059829063 0.04791666666666674 0.05619658119658126
0 0.3575689853766026 0.0763427734375 0.0343737479967948 0.04083658854166665
2 0.869921875 0.10520833333333333 0.08203125 0.075
2 0.88607177734375 0.19195149739583334 0.1028564453125 0.1204915364583333
2 0.84591064453125 0.7523030598958333 0.0916259765625 0.13097330729166667
2 0.730078125 0.49794108072916665 0.06328125 0.10421549479166667
2 0.8910888671875 0.030436197916666668 0.09140625 0.0625
2 0.23532652243589744 0.41067040598290594 0.05358573717948718 0.08384081196581199
2 0.6513909755608974 0.603377695980235 0.06440554887820511 0.0854988815438034
2 0.592578125 0.9713541666666666 0.06796875 0.05520833333333333
2 0.42989501953125 0.6373462122729701 0.0655029296874999 0.06954585670405986
2 0.066796875 0.609375 0.06484375 0.06666666666666667
2 0.03016357421875 0.8045132628872864 0.0605224609375 0.10142269297542725
2 0.8921875 0.5817708333333333 0.075 0.11979166666666667
2 0.93515625 0.634375 0.0875 0.12708333333333333
0 0.89140625 0.5296875 0.028125 0.03229166666666667
0 0.849609375 0.771875 0.02109375 0.03125
0 0.2718149038461538 0.2839476495726496 0.02267628205128207 0.032799145299145314
0 0.14517853565705127 0.6224861862313034 0.03312925681089744 0.0390804453792736
0 0.1492919921875 0.6592854817708333 0.02734375 0.03380533854166667
0 0.30482991536458337 0.984050522502671 0.026326497395833304 0.028159638755341967
0 0.25533447265625 0.8905843098958334 0.0252197265625 0.036702473958333336
1 0.632568359375 0.9173500517494658 0.03857421875 0.04938109308226497
1 0.4830078125 0.9036539713541667 0.067919921875 0.052880859375
0 0.6443509615384616 0.2279513888888889 0.04182692307692317 0.057986111111111134
2 0.7806640625 0.2456787109375 0.09404296875 0.13181966145833338
