0 0.10684094551282056 0.33573717948717957 0.031109775641025683 0.045405982905982904
0 0.036568509615384645 0.3323450854700855 0.033433493589743644 0.038835470085470135
0 0.15059094551282054 0.09740918803418805 0.025741185897435948 0.046634615384615434
0 0.5570913461538461 0.30168269230769235 0.026041666666666786 0.03605769230769228
0 0.9299278846153847 0.2416933760683761 0.0415865384615385 0.04118589743589748
0 0.8003305288461539 0.39230769230769236 0.022335737179487225 0.03108974358974361
0 0.6155448717948719 0.46117788461538467 0.029326923076923084 0.042922008547008575
0 0.503886217948718 0.501829594017094 0.01626602564102564 0.023050213675213687
0 0.8408954326923077 0.5487446581196581 0.03335336538461551 0.04139957264957269
0 0.6321013621794872 0.706517094017094 0.02626201923076934 0.033012820512820555
0 0.6036758814102564 0.771607905982906 0.025020032051282205 0.03103632478632482
0 0.38897235576923084 0.8535523504273504 0.023737980769230792 0.030074786324786374
0 0.27825520833333334 0.7473157051282051 0.018810096153846167 0.026201923076923112
0 0.9258213141025642 0.9638888888888888 0.027764423076923173 0.03910256410256411
0 0.05980568910256412 0.7218215811965812 0.039042467948717983 0.04246794871794878
1 0.7040865384615385 0.23923611111111112 0.030528846153846167 0.07013888888888893
0 0.780448717948718 0.27029914529914534 0.022035256410256387 0.021367521367521382
