1 0.1805188301282051 0.19739583333333333 0.04609375 0.059375
1 0.11701722756410257 0.7976629273504273 0.06684695512820515 0.07240918803418808
2 0.5866386217948719 0.2729700854700855 0.09314903846153841 0.093482905982906
3 0.229286858974359 0.7904380341880342 0.07067307692307692 0.0895299145299146
3 0.9296875 0.43072916666666666 0.053125 0.07604166666666666
1 0.7368790064102565 0.7069978632478633 0.05108173076923084 0.09348290598290596
0 0.22341746794871797 0.41213942307692314 0.0343349358974359 0.04484508547008552
0 0.8140625 0.028125 0.0390625 0.05625
1 0.766015625 0.09895833333333333 0.04765625 0.075
0 0.3356270032051282 0.5280982905982906 0.054306891025641055 0.06933760683760681
0 0.139453125 0.6515625 0.05234375 0.06145833333333333
0 0.652734375 0.22239583333333332 0.05859375 0.04895833333333333
1 0.657421875 0.17239583333333333 0.05078125 0.059375
1 0.842548076923077 0.3866586538461539 0.04607371794871788 0.050400641025641055
1 0.8953125 0.4088541666666667 0.0515625 0.09895833333333333
