0 0.33992387820512826 0.41176549145299146 0.04370993589743595 0.056276709401709486
0 0.2814102564102564 0.47505341880341884 0.05056089743589749 0.07660256410256418
0 0.07568108974358975 0.35707799145299146 0.04134615384615389 0.05347222222222226
0 0.06079727564102568 0.20953525641025644 0.045072115384615384 0.060096153846153834
0 0.315625 0.21354166666666666 0.05 0.058333333333333334
0 0.0501101762820513 0.6413461538461538 0.038401442307692366 0.05384615384615389
0 0.3328125 0.6932291666666667 0.0484375 0.059375
0 0.33828125 0.7401041666666667 0.04375 0.05520833333333333
0 0.4589543269230769 0.8644631410256411 0.03802083333333339 0.05365918803418796
0 0.3241686698717949 0.9563701923076924 0.04697516025641022 0.06482371794871801
0 0.384765625 0.9666666666666667 0.05078125 0.06458333333333334
0 0.018629807692307716 0.9515491452991452 0.03725961538461543 0.05106837606837603
3 0.5796173878205129 0.578792735042735 0.09517227564102573 0.12820512820512817
3 0.25078125 0.13489583333333333 0.078125 0.09479166666666666
3 0.207421875 0.14895833333333333 0.05390625 0.06875
3 0.27864583333333337 0.6923611111111112 0.0641025641025641 0.09070512820512834
3 0.02964743589743592 0.05420673076923079 0.05929487179487184 0.10633012820512826
0 0.26115785256410257 0.2526041666666667 0.034375 0.042708333333333334
3 0.55859375 0.10260416666666666 0.071875 0.09895833333333333
3 0.58984375 0.9791666666666666 0.05 0.03958333333333333
