1 0.6372195512820513 0.06566506410256413 0.04807692307692309 0.08341346153846159
0 0.61875 0.019270833333333334 0.0265625 0.030208333333333334
0 0.9442107371794872 0.36912393162393164 0.03104967948717956 0.045405982905982904
0 0.9739383012820513 0.5017116274928775 0.049439102564102555 0.06891470797720789
0 0.4759615384615385 0.3010149572649573 0.03605769230769233 0.05341880341880341
0 0.38484575320512826 0.2923344017094017 0.03800080128205137 0.05208333333333339
0 0.6051682692307694 0.6567975427350426 0.034054487179487135 0.04965277777777786
0 0.53046875 0.8453125 0.0390625 0.04895833333333333
0 0.47383814102564104 0.8817040598290599 0.034294871794871805 0.04492521367521363
0 0.48576722756410257 0.9245058760683762 0.0324719551282052 0.051095085470085524
0 0.3948217147435898 0.9000534188034187 0.04004407051282048 0.04155982905982907
0 0.230078125 0.6567708333333333 0.05078125 0.06145833333333333
1 0.5288261217948718 0.2278044871794872 0.05052083333333339 0.05293803418803419
1 0.19199810606060608 0.6818626974876975 0.043087121212121236 0.07163785288785292
2 0.7186298076923078 0.3117654914529915 0.12163461538461551 0.15478098290598297
2 0.6933092948717949 0.7931891025641027 0.09214743589743586 0.11362179487179477
2 0.41903409090909094 0.7452283249158249 0.0773358585858586 0.14253998316498315
2 0.3068063446969697 0.7195180976430976 0.0785748106060606 0.0901304713804714
3 0.4391805959302326 0.5970324612403102 0.01898619186046515 0.028851744186046465
3 0.44941860465116273 0.6144016472868217 0.01758720930232558 0.021196705426356623
3 0.4537063953488373 0.6420906007751939 0.01991279069767442 0.030014534883720974
1 0.419921875 0.6385416666666667 0.04765625 0.1
3 0.365234375 0.75625 0.03671875 0.041666666666666664
0 0.3370392628205129 0.7891292735042735 0.04467147435897432 0.05742521367521374
0 0.15783420138888887 0.9108217592592592 0.044140624999999975 0.060879629629629645
2 0.20303819444444438 0.8515625 0.07578125 0.08645833333333333
1 0.5025040064102565 0.6021634615384616 0.06710737179487172 0.08413461538461534
1 0.6046674679487181 0.8165064102564102 0.06310096153846159 0.06677350427350426
1 0.6848557692307693 0.6713808760683762 0.0509615384615385 0.06765491452991448
1 0.023637820512820533 0.46205929487179487 0.047275641025641066 0.06786858974358978
0 0.45703125 0.38177083333333334 0.04375 0.071875
0 0.5250500801282051 0.36554487179487183 0.03603766025641031 0.03557692307692299
0 0.4890625 0.39739583333333334 0.0546875 0.08020833333333334
