0 0.26230680174505416 0.2613453791837751 0.024366892963792484 0.03508110924474309
0 0.25685564989088927 0.3623025209128932 0.020309090289143496 0.02672474540825611
0 0.3130271592442645 0.34824139676113364 0.015393049932523573 0.02171896086369761
0 0.1644118394308943 0.5740049119241192 0.02813770325203253 0.03745765582655831
0 0.3061266447368421 0.6271929824561403 0.025904605263157875 0.03289473684210525
0 0.30096532830907835 0.744575103950104 0.013778802841302795 0.01892036267036256
0 0.24867234383524278 0.7666848517912348 0.016174815875613736 0.023220130932896883
0 0.2754903590425532 0.7794996817603201 0.01308178191489362 0.016798508819785476
0 0.146875 0.8770833333333333 0.0234375 0.03125
0 0.088671875 0.7677083333333333 0.01796875 0.027083333333333334
0 0.099609375 0.6817708333333333 0.02265625 0.030208333333333334
0 0.3228091261808367 0.5148223121907332 0.01803306342780022 0.024083445793972005
0 0.3232319078947368 0.41658442982456134 0.022121710526315796 0.02648026315789475
0 0.451171875 0.4125274122807017 0.01788651315789469 0.022532894736842064
0 0.39562088815789476 0.4303728070175438 0.03030427631578947 0.028508771929824542
0 0.46328125 0.45079495614035087 0.019161184210526195 0.023848684210526255
0 0.508006640411893 0.3630412915984725 0.026096648254227972 0.02746351609383524
0 0.6729995775812482 0.41126360128463235 0.02609783937302268 0.037121920237752744
0 0.7359414407313997 0.44960220505814774 0.028918400588482652 0.03761252977441506
0 0.7042940237226277 0.4118537104622871 0.01568202554744529 0.020270681265206748
0 0.6908514514502497 0.44205864227173775 0.014054396369573573 0.01916738698937118
0 0.7380021148591845 0.4136412795992714 0.02279384720470796 0.024800774134790458
0 0.7400135298444724 0.2914586836205689 0.019289880201765364 0.021783487459716967
0 0.7917205233291299 0.3054776166456495 0.02687316099201329 0.03442272663584151
0 0.8702291591074018 0.3816395541041767 0.025314087445573286 0.036249193678438964
0 0.6880492729973797 0.6306759428223844 0.026501818968744217 0.02970650851581501
0 0.7663123292349726 0.5436271805380412 0.017938866120218576 0.02488134019896305
0 0.788530993852459 0.5594831511839709 0.01200051229508201 0.020491803278688537
0 0.8648608265027322 0.818866689435337 0.018912226775956144 0.02654257741347905
0 0.8928748292349727 0.9711499054224464 0.031190232240437155 0.03959909625893244
0 0.9373676571038251 0.959633555765728 0.018195013661202353 0.02392505604595776
0 0.9515304815573771 0.8877903005464481 0.016961236338797824 0.02478369763205824
0 0.7809042008196722 0.8890966530054646 0.02118340163934427 0.02610997267759565
0 0.5093639184397164 0.9794954196217494 0.02814716312056733 0.03892582742316778
0 0.3725704718624008 0.7992927691398436 0.014389198119170166 0.023016116566648512
0 0.30703625021622555 0.8382546826695764 0.01854945078706107 0.02266321149299865
0 0.4292573380566802 0.052606275303643715 0.017307692307692156 0.023076923076923085
0 0.43348495330490716 0.02639744307577454 0.015565554383093528 0.021766517357222837
0 0.618822030141844 0.10900760365521005 0.01833998226950353 0.021346494817239506
0 0.8312520451570681 0.15320407940663175 0.01853321335078526 0.026052574171029706
0 0.7543939413008458 0.042293848167539304 0.015999421063229845 0.02208769633507852
0 0.8460339160457779 0.02786014341969841 0.020055859007920417 0.02477709535955612
0 0.5796274038461539 0.10603632478632483 0.027043269230769253 0.032051282051282055
0 0.48022203947368425 0.19961622807017543 0.015707236842105222 0.019627192982456108
0 0.3392955043859649 0.23136667791273055 0.01631030701754379 0.01972278452541604
0 0.2936883223684211 0.22470338506522716 0.012129934210526282 0.01769849302744033
0 0.4131511874766704 0.2152251366277122 0.009690532848077638 0.014289679463251688
3 0.6957295907027887 0.30338322337638035 0.017984249251356842 0.024316278308066628
3 0.8081075622635561 0.5505289337256551 0.032521214270702 0.04584384195039928
3 0.8459891564207649 0.5821977459016394 0.027625512295082012 0.033122723132969156
3 0.8936112534153006 0.5870730874316941 0.015202356557377072 0.021095173041894337
3 0.8423617131672971 0.5051890675353791 0.01780389606977728 0.020928786605016174
3 0.8164965584279109 0.6417150500910747 0.017450872215216507 0.023377732240437155
3 0.9278795252732241 0.7138613037690907 0.01838712431693974 0.023666281350707644
3 0.9827838678010471 0.632801592495637 0.016205824607330045 0.023445680628272333
3 0.8568455430327869 0.7689862249544627 0.01287141393442628 0.018277550091074582
3 0.9751515539617486 0.9018341915370606 0.019471482240437155 0.0245419994395404
3 0.7509515224358975 0.8306623931623932 0.03715945512820511 0.04700854700854696
3 0.7067007211538462 0.8379273504273504 0.03279246794871797 0.03482905982905985
3 0.6160326847704367 0.6763659481149683 0.03222984322508404 0.04132838745800681
3 0.6753083881578947 0.6651315789473684 0.012870065789473629 0.018421052631578998
3 0.5083280617408906 0.5192827822762033 0.02857413967611331 0.0403818038686459
3 0.5823285341653028 0.9210100700127296 0.037581406846699396 0.048494044371703994
3 0.5157912234042554 0.8210111788617885 0.01994680851063828 0.024644308943089516
3 0.32935931013233005 0.88844583438674 0.017699819451651954 0.021276179926283827
3 0.2558860133660666 0.6580713538825241 0.018369817239498064 0.023987315875613764
3 0.15444711538461542 0.5133547008547009 0.01602564102564106 0.02136752136752141
3 0.09548277243589745 0.604286858974359 0.02177483974358978 0.029139957264957418
3 0.1 0.7333333333333333 0.0171875 0.027083333333333334
3 0.32230776409107875 0.584033026937912 0.012500000000000044 0.017489035087719172
3 0.4233029173665547 0.3615611032149386 0.01930728583426653 0.025252498061848587
3 0.35771582796752516 0.11081365870349631 0.0368954717245241 0.056881454522831894
3 0.46267879671303874 0.2746428327877796 0.016464215084560863 0.02252284506273868
3 0.3396660973346829 0.3691907051282051 0.014746752699055277 0.028065958164642347
0 0.988671875 0.96875 0.01796875 0.029166666666666667
0 0.5994335565862308 0.7345909483542463 0.016669234345268968 0.01944103473358787
0 0.43118777277686854 0.7680913575195489 0.01517321331151109 0.021145890161847685
0 0.4079358552631579 0.6432889113810166 0.01883223684210522 0.02372919478182638
0 0.44609375 0.5982273391812866 0.0171875 0.022843567251461867
0 0.4512430414979757 0.663482624831309 0.02185602226720631 0.026104925775978196
0 0.47380756578947364 0.5967379385964912 0.014555921052631593 0.019243421052631503
0 0.6150287828947368 0.39600905308142154 0.016652960526315753 0.0237713675213674
0 0.4895633012820513 0.027469213900134952 0.01676155533063426 0.02181595816464237
0 0.9643733638743456 0.07517179319371729 0.026014397905759167 0.026139834205933726
1 0.34687616648002983 0.6098219562647754 0.034195362075401324 0.03243942080378245
0 0.169921875 0.8421875 0.01484375 0.023958333333333335
0 0.08828125 0.8645833333333334 0.015625 0.020833333333333332
0 0.3594777960526315 0.6392269736842106 0.018708881578947345 0.01869517543859634
0 0.6077919407894736 0.5315515350877192 0.010814144736842213 0.014857456140350915
0 0.5909745065789473 0.47817209289248763 0.015419407894736814 0.020629498425551004
3 0.6913849043715847 0.47495446265938074 0.017503415300546443 0.02219945355191252
3 0.6291529605263158 0.5488212719298244 0.02294407894736832 0.02955043859649121
0 0.7730831625683059 0.4441854508196722 0.018895150273224016 0.02453893442622957
0 0.760891196406053 0.30898749474569154 0.013073376418663418 0.018295502311895775
0 0.8929877968684321 0.22470707229928547 0.013887794241277618 0.018368186913268907
0 0.9179602117486338 0.23244250910746814 0.015172472677595649 0.02225068306010935
0 0.8018378586065573 0.2180299408014572 0.012615266393442504 0.015784380692167647
0 0.8495705170157068 0.12271571687474833 0.01543684554973801 0.021584273056786132
0 0.9896453697643978 0.09436354712041888 0.020112074607329868 0.025932591623036686
0 0.769567537568306 0.7938439207650274 0.021657274590163932 0.025358606557377074
0 0.8448813183060111 0.7129439890710382 0.016179986338797823 0.02436247723132977
0 0.4586846998789137 0.7050106671279479 0.0137789742259125 0.015961050567952502
0 0.3974459134615385 0.5139423076923078 0.028826121794871894 0.033547008547008636
1 0.28242460664335667 0.5102746212121212 0.047366695804195794 0.04573863636363633
0 0.8664339993169399 0.6874544626593807 0.031194501366120165 0.045742258652094726
