0 0.8420572916666668 0.22415865384615385 0.04304887820512828 0.06022970085470085
0 0.8565705128205128 0.3721688034188035 0.04206730769230784 0.05
0 0.8305288461538461 0.6550881410256412 0.038060897435897446 0.055742521367521294
0 0.7173477564102564 0.7936565170940172 0.04206730769230775 0.05371260683760681
0 0.7044170673076924 0.8771768162393163 0.037880608974359034 0.04692841880341885
0 0.7203525641025642 0.9453792735042738 0.04607371794871797 0.06276709401709404
0 0.7958633814102565 0.9653712606837607 0.04328926282051295 0.05467414529914526
0 0.5129507211538462 0.8490117521367521 0.04020432692307692 0.05251068376068382
0 0.290625 0.7885416666666667 0.0484375 0.06875
0 0.21517427884615384 0.7836271367521367 0.04933894230769229 0.06308760683760693
0 0.2578125 0.7661458333333333 0.0625 0.07395833333333333
0 0.307421875 0.21354166666666666 0.05234375 0.07083333333333333
3 0.79375 0.0670272435897436 0.09375 0.12604166666666666
3 0.3381109775641026 0.5324652777777777 0.08339342948717951 0.1086805555555556
3 0.1224659455128205 0.5675347222222222 0.07798477564102568 0.10798611111111119
3 0.44746594551282054 0.3165064102564103 0.04497195512820529 0.05448717948717956
3 0.3518930288461538 0.15515491452991453 0.06784855769230771 0.06885683760683756
3 0.5807091346153846 0.08106303418803422 0.04491185897435903 0.055288461538461585
3 0.976953125 0.15625 0.04453125 0.08333333333333333
1 0.9583934294871795 0.5876201923076924 0.056770833333333395 0.0651442307692309
