2 0.5025040064102565 0.5033386752136753 0.11919070512820511 0.18028846153846156
2 0.23443509615384617 0.5413595085470086 0.10845352564102564 0.13362713675213675
2 0.24095552884615384 0.7904647435897435 0.11344150641025644 0.1776175213675213
2 0.7157351762820513 0.5883012820512821 0.11139823717948723 0.13322649572649561
2 0.8886217948717949 0.3564369658119659 0.08413461538461534 0.1348824786324786
2 0.870673076923077 0.4920673076923077 0.07427884615384617 0.12836538461538455
2 0.241015625 0.3796875 0.10234375 0.159375
2 0.2773737980769231 0.2761217948717949 0.06556490384615384 0.08108974358974355
1 0.802313701923077 0.04166666666666669 0.06243990384615383 0.08333333333333338
1 0.4529747596153847 0.12960737179487183 0.0599959935897437 0.0818643162393162
1 0.4275040064102564 0.2202857905982906 0.056850961538461586 0.07331730769230772
1 0.23453525641025644 0.1436965811965812 0.06217948717948722 0.05822649572649577
0 0.7638822115384616 0.06553151709401711 0.040985576923076826 0.06231303418803423
0 0.17578125 0.403125 0.0484375 0.06875
0 0.494140625 0.5625 0.03828125 0.06041666666666667
