0 0.9606964111328125 0.190625 0.038385009765625 0.052343749999999974
0 0.9315460205078125 0.25616861979166666 0.033209228515625 0.044140625
0 0.9551483154296875 0.5637613932291666 0.033001708984375 0.044189453125
0 0.959573207757412 0.5258903829460471 0.018658760266426277 0.023089025774572627
0 0.9724334716796875 0.4572509765625 0.022320556640625 0.028434244791666667
0 0.8516031118539665 0.3994393112313034 0.018534498948317157 0.024526325454059795
0 0.8466339111328125 0.5119566306089743 0.037017822265625 0.04018930288461545
0 0.8769500732421875 0.5613638070913463 0.048406982421875 0.04817082331730767
0 0.8550035525590947 0.6072428385416667 0.03004416441306077 0.04674479166666667
0 0.7756519024188702 0.42535974225427353 0.03432851938100967 0.04755525507478626
0 0.7788299560546875 0.640185546875 0.031634521484375 0.040266927083333334
0 0.8164825439453125 0.6745918469551282 0.026519775390625 0.04062750400641022
0 0.9640452067057292 0.6483936798878206 0.03962198893229161 0.05396133814102555
0 0.9621056972405849 0.7891031901041666 0.03495608598758011 0.044352213541666664
0 0.9852813720703125 0.8750162760416667 0.030316162109375 0.04016927083333333
0 0.8473056108523638 0.9423510950854701 0.027129500951522445 0.03733557024572652
0 0.78532957419371 0.7846272786458334 0.02229739458133011 0.037027994791666664
0 0.6549346923828125 0.6660970052083334 0.034674072265625 0.038899739583333336
0 0.6182191506410256 0.5706864316239316 0.040004006410256567 0.058947649572649634
0 0.729296875 0.2791666666666667 0.02578125 0.03125
0 0.7340860220102163 0.11065392127403845 0.038724928635817245 0.04871168870192306
0 0.8616424560546875 0.07275390625 0.016156005859375 0.021972656249999986
0 0.6557491987179487 0.03783386752136755 0.02904647435897436 0.04025106837606842
0 0.6273788060897436 0.43016826923076923 0.021183894230769253 0.03149038461538467
0 0.541816907051282 0.33153044871794873 0.040064102564102554 0.043135683760683816
0 0.4076388628054888 0.19041382879273502 0.032439559545272445 0.0316072382478632
0 0.3686417799729568 0.22554524739583331 0.034139779897836633 0.037027994791666664
0 0.4047626201923077 0.3019097222222223 0.026712740384615418 0.037847222222222206
0 0.4820983104216747 0.26462527544070513 0.02268082056290055 0.030482522035256386
0 0.38834635416666663 0.3420806623931624 0.03350360576923075 0.03939636752136752
0 0.2819003374148638 0.3491459251469017 0.025737899389022444 0.04210528512286326
0 0.49480669070512817 0.6522435897435898 0.03492588141025639 0.04407051282051289
0 0.5820709228515625 0.8278645833333333 0.033917236328125 0.044140625
0 0.5310089111328125 0.8077067057291667 0.038995361328125 0.044580078125
0 0.5150054931640625 0.8524332682291667 0.035601806640625 0.04220377604166667
0 0.4385284423828125 0.9373209635416667 0.037188720703125 0.04658203125
0 0.20352172851562506 0.8451904296875 0.03479003906250002 0.04666341145833333
0 0.2137725830078125 0.9005777994791667 0.04114379882812504 0.044384765625
0 0.28531149839743597 0.6386084401709401 0.03624799679487185 0.045966880341880414
0 0.3877410888671875 0.9841471354166667 0.035614013671875 0.03323567708333333
0 0.2291351318359375 0.6731689453125 0.033612060546875044 0.053238932291666666
0 0.2009918212890625 0.6725911458333333 0.024237060546874977 0.03486328125
0 0.1584197998046875 0.6176920572916667 0.03893432617187502 0.053515625
0 0.09353332519531252 0.6155192057291666 0.03809204101562502 0.047281901041666664
0 0.3231019631410256 0.521073717948718 0.01675681089743599 0.0259615384615385
0 0.05121765136718751 0.2507405598958333 0.027508544921875024 0.036279296875
0 0.07531433105468752 0.27228190104166666 0.018988037109375022 0.0265625
0 0.123046875 0.023958333333333335 0.04765625 0.04791666666666667
0 0.1107086181640625 0.13545735677083334 0.035479736328125025 0.0625813802083333
0 0.6252554086538462 0.3770699786324787 0.034445112179487224 0.05221688034188035
0 0.5250250400641026 0.4221688034188034 0.046604567307692336 0.044818376068376096
0 0.427519030448718 0.49205395299145305 0.03328325320512811 0.038595085470085465
0 0.8777508857922676 0.8786376953125 0.04009149013421478 0.043505859375
0 0.5684173583984375 0.9292561848958333 0.016290283203125 0.022737630208333335
0 0.3142913818359375 0.9096450153579061 0.017108154296875046 0.02299512553418796
1 0.6737674028445513 0.12124732905982907 0.04230769230769242 0.0684027777777778
1 0.7053383069160658 0.24107530381944448 0.05044399163661852 0.06727430555555562
1 0.45455126640124205 0.7510825654380343 0.03566065079126588 0.06342731704059806
1 0.42878104967948716 0.7049946581196581 0.051792868589743614 0.04540598290598297
1 0.2622467041015625 0.8547238080929487 0.050396728515625044 0.051081730769230775
1 0.18586120605468753 0.5833260299813035 0.031658935546875044 0.05551590878739307
1 0.1573333740234375 0.19229496360844014 0.04598999023437502 0.050631426949786285
1 0.1340344551282051 0.09010416666666667 0.0484375 0.08229166666666667
1 0.365985576923077 0.07932692307692311 0.06971153846153859 0.08547008547008547
1 0.9499359130859375 0.04412434895833332 0.042816162109375 0.053190104166666655
1 0.789154052734375 0.877783203125 0.0518798828125 0.08264973958333334
2 0.34481811523437506 0.767333984375 0.069580078125 0.1171875
1 0.34296875 0.3104166666666667 0.04375 0.07083333333333333
3 0.6017878605769231 0.3254674145299145 0.038311298076922996 0.049919871794871895
3 0.5294220753205129 0.5192708333333333 0.05283453525641022 0.065625
3 0.4308944310897436 0.6130208333333333 0.024529246794871805 0.03303952991452993
3 0.549579326923077 0.04193376068376073 0.03104967948717947 0.040064102564102554
3 0.9381927490234375 0.17508138020833333 0.028912353515625 0.04029947916666664
3 0.058984375 0.1375 0.02109375 0.03333333333333333
0 0.27377303685897436 0.48297275641025644 0.035286458333333395 0.03939636752136752
0 0.07094421386718751 0.43031412760416665 0.036273193359375025 0.05066731770833333
0 0.3577056884765625 0.842138671875 0.034649658203125044 0.04407552083333333
0 0.5018780048076923 0.7664663461538462 0.0358072916666667 0.05082799145299136
0 0.4951385498046875 0.8106689453125 0.022320556640625 0.030517578125
0 0.7509014423076923 0.6109508547008548 0.025040064102564142 0.03226495726495718
0 0.19308166503906252 0.2524658203125 0.018438720703125043 0.02631835937499997
0 0.305078125 0.15989583333333332 0.02734375 0.036458333333333336
0 0.1599212646484375 0.32469075520833335 0.029217529296875024 0.03186848958333333
1 0.014480590820312514 0.18079594017094014 0.028961181640625028 0.051656817574786316
0 0.4415314503205129 0.5587740384615384 0.034304887820512775 0.04137286324786326
0 0.5480560302734375 0.7649739583333334 0.011614990234375 0.015299479166666666
0 0.23224244729066507 0.21898641993856838 0.023735320262419934 0.04038002470619657
0 0.217578125 0.5171875 0.01640625 0.030208333333333334
0 0.275390625 0.6859375 0.02421875 0.028125
3 0.08914489746093751 0.8277587890625 0.019403076171875023 0.025634765625
0 0.025106811523437512 0.7691162109375 0.01686401367187503 0.023291015625
1 0.5620783096704727 0.7207857572115385 0.03667101737780456 0.049964943910256444
0 0.6262670272435897 0.3130341880341881 0.020402644230769252 0.028044871794871837
0 0.9149871826171875 0.3519694010416667 0.022991943359375 0.032389322916666664
1 0.9831298828125 0.499951171875 0.03515625 0.052083333333333336
0 0.8931121826171875 0.464892578125 0.029510498046875 0.034407552083333334
0 0.2222991943359375 0.43475748697916666 0.021038818359375044 0.030387369791666667
0 0.2499786376953125 0.41204427083333334 0.015118408203125044 0.024544270833333333
