2 0.5638128322388993 0.4651243615801543 0.07537230300187599 0.07398569418386487
2 0.23302999084249088 0.43774801587301587 0.10908882783882778 0.12152777777777773
2 0.8749718650965139 0.4278265449438202 0.04429784284067999 0.09472144194756554
2 0.480859375 0.6145833333333334 0.08359375 0.10833333333333334
2 0.5024866615853659 0.3541793699186992 0.06209984756097571 0.060442073170731685
2 0.26865699404761906 0.08249007936507935 0.08917410714285716 0.08799603174603174
2 0.18851591117216118 0.15920138888888888 0.09246222527472528 0.08933531746031743
1 0.726360452586207 0.1382183908045977 0.03758081896551735 0.059770114942528735
1 0.938671875 0.5630208333333333 0.03671875 0.05520833333333333
1 0.48266494684177613 0.2781328173858662 0.04688477173233272 0.0787927350427351
1 0.2994977678571429 0.4363839285714286 0.0446056547619047 0.04985119047619045
1 0.425 0.4822916666666667 0.0375 0.07291666666666667
0 0.9826915922619047 0.5898561507936508 0.025130208333333393 0.030605158730158757
0 0.8983165922619047 0.5790178571428571 0.03305431547619051 0.04196428571428565
0 0.840941011235955 0.2402680243445693 0.024578651685393284 0.03678604868913856
0 0.875280841503268 0.1509361383442266 0.014144199346405272 0.019342320261437874
0 0.866015625 0.296875 0.03515625 0.03958333333333333
0 0.8219375720253529 0.35502196773264194 0.025195368769806947 0.033545808124459835
0 0.529296875 0.6307291666666667 0.04453125 0.053125
1 0.8167871965932008 0.4341227612119466 0.03601830344281183 0.09383312926150005
2 0.2923735119047619 0.3663194444444444 0.05647321428571432 0.08184523809523814
2 0.53984375 0.5463541666666667 0.0671875 0.090625
0 0.551953125 0.5369791666666667 0.03359375 0.040625
0 0.8962516622340425 0.082457890070922 0.039278590425531945 0.04785017730496454
1 0.946196056547619 0.5140128968253969 0.049758184523809666 0.06572420634920638
1 0.11197916666666666 0.07157738095238095 0.06696428571428571 0.0691468253968254
0 0.17267628205128208 0.3526404151404152 0.022206959706959673 0.02983821733821722
0 0.49368990384615385 0.15448717948717947 0.018629807692307664 0.029166666666666667
0 0.7275453868852745 0.6428835904783938 0.04743447875470359 0.06734729715769051
