0 0.8788430606617647 0.6031862745098039 0.02413832720588225 0.037193627450980433
0 0.9825367647058822 0.5291053921568628 0.028147977941176627 0.036764705882352956
0 0.06892260174418605 0.34949935400516796 0.032467296511627906 0.040665374677002576
1 0.865625 0.06354166666666666 0.0515625 0.04791666666666667
1 0.12220506298449614 0.10055158020274302 0.02690770348837208 0.06375472073146488
1 0.5276815878378378 0.6813954579579579 0.03354448198198199 0.048620495495495436
1 0.9341854319852942 0.6665441176470587 0.04213005514705888 0.03915441176470592
1 0.9644933363970587 0.7717830882352941 0.028825827205882427 0.056433823529411835
1 0.7634114583333333 0.03158386752136754 0.07213541666666679 0.052751068376068425
2 0.7168345332924837 0.4039947576252724 0.06552670547385615 0.07453363289760345
2 0.8268612132352942 0.7571537990196078 0.06606158088235299 0.13979779411764698
2 0.92646484375 0.9650888480392157 0.0748046875 0.06773897058823539
2 0.7403435202205882 0.7425704656862745 0.1009765625 0.0893075980392157
2 0.3730391001466583 0.6640221253229974 0.10048711502199877 0.09903908268733848
2 0.4569661458333334 0.8389467592592593 0.053949652777777767 0.07702546296296298
2 0.40261501736111105 0.8712094907407407 0.05761718749999996 0.10758101851851845
2 0.42312282986111105 0.9588252314814815 0.0706380208333333 0.08026620370370369
2 0.11328125 0.8520833333333333 0.0890625 0.11041666666666666
2 0.037890625 0.5505208333333333 0.07578125 0.103125
2 0.43015685562015504 0.04060885012919897 0.07476380813953484 0.08189599483204134
2 0.4146438953488373 0.15670623385012922 0.12071220930232558 0.11132913436692507
2 0.5069040697674418 0.1643249354005168 0.07146317829457365 0.08317183462532299
1 0.5510870881782945 0.19402454780361758 0.040025436046511674 0.033462532299741575
1 0.5702245213963965 0.6554595460845462 0.05451154279279278 0.08923105798105789
1 0.684765625 0.6979166666666666 0.04453125 0.08125
1 0.9936063878676471 0.7646292892156862 0.011224724264705976 0.04518995098039215
1 0.3364462209302325 0.09851017441860464 0.03335755813953489 0.07589631782945737
1 0.1678173449612403 0.24738372093023256 0.05438468992248062 0.06356589147286822
1 0.2652327056623932 0.9420283564814814 0.053301949786324784 0.11177662037037035
1 0.3016384548611111 0.7672453703703703 0.0759765625 0.05115740740740738
1 0.28359375 0.725 0.028125 0.052083333333333336
0 0.2777777777777778 0.6937065972222223 0.03146701388888888 0.03758680555555548
0 0.35234375 0.09010416666666667 0.0203125 0.036458333333333336
0 0.40304904513888884 0.7934027777777779 0.03157552083333335 0.036458333333333454
2 0.502220579954955 0.5455518018018017 0.049753659909909945 0.07443693693693684
2 0.3268017199612403 0.40553567879149277 0.04407097868217056 0.06748161399324187
2 0.17870033914728684 0.5068677325581395 0.05822432170542635 0.08834786821705425
1 0.7430789262820513 0.15032051282051284 0.06272035256410255 0.06185897435897432
1 0.6167605377906977 0.20150193798449614 0.06129481589147279 0.08149224806201548
2 0.12536337209302323 0.3316497093023256 0.08357558139534883 0.10704941860465116
1 0.04676482371794874 0.9604834401709401 0.04509214743589748 0.07694978632478626
1 0.13713965600775194 0.9734778746770025 0.047910610465116264 0.05257590439276486
