0 0.8932692307692308 0.7572516025641025 0.04278846153846168 0.05440705128205134
1 0.24380008012820512 0.2370058760683761 0.03964342948717951 0.047889957264957296
1 0.7302083333333333 0.06063034188034192 0.05841346153846168 0.08279914529914531
1 0.7003205128205129 0.13201121794871798 0.08012820512820511 0.06022970085470085
1 0.509375 0.6936431623931624 0.05336538461538467 0.08279914529914525
1 0.3327323717948718 0.6435630341880343 0.060096153846153876 0.06276709401709404
1 0.2826322115384616 0.031503739316239336 0.0541266025641026 0.06359508547008551
1 0.5916466346153847 0.26696047008547014 0.0631009615384615 0.07345085470085475
1 0.24859775641025647 0.373798076923077 0.07411858974358973 0.06276709401709397
0 0.3234375 0.8572916666666667 0.0484375 0.06458333333333334
0 0.234765625 0.18854166666666666 0.03203125 0.04791666666666667
2 0.9785857371794873 0.37764423076923076 0.04370993589743577 0.05507478632478637
1 0.6387219551282052 0.9734241452991452 0.057091346153846166 0.044070512820512775
0 0.734375 0.8973958333333333 0.046875 0.051041666666666666
1 0.36950120192307695 0.8645032051282051 0.06868990384615392 0.09898504273504281
