0 0.16796875 0.5307291666666667 0.053125 0.06145833333333333
0 0.09291940275171987 0.49536754742547423 0.03011647904940583 0.0422933604336043
0 0.049093549679487196 0.4671207264957265 0.03893229166666671 0.051068376068376095
0 0.01562500000000002 0.4578392094017094 0.03125000000000004 0.05723824786324781
0 0.6045803366687513 0.5605764887777082 0.031142510944340174 0.04184386074629979
0 0.832763671875 0.3907552083333333 0.02880859375 0.04140625
0 0.822998046875 0.05503472222222223 0.03662109375 0.04965277777777778
0 0.8381686373873874 0.019144144144144174 0.040864301801801874 0.03828828828828835
1 0.105859375 0.15208333333333332 0.04140625 0.052083333333333336
3 0.4676113360323887 0.3507295883940621 0.040106275303643725 0.05292678812415647
3 0.666796875 0.4668803418803419 0.05502804487179498 0.08226495726495729
3 0.648808092948718 0.5788595085470085 0.042928685897435946 0.058627136752136856
3 0.5637219551282051 0.7467815170940172 0.03281250000000009 0.0459668803418803
3 0.12396834935897438 0.8652510683760684 0.08098958333333335 0.10550213675213674
3 0.4587906504065041 0.8578167344173442 0.02372967479674797 0.033858401084010836
3 0.391015625 0.6401041666666667 0.03984375 0.053125
0 0.4125 0.6484375 0.0234375 0.028125
0 0.4026314053705441 0.6150641025641026 0.014096945356472722 0.017788461538461555
0 0.3853423905214636 0.11608851315663114 0.035143870642466046 0.048721850091232116
0 0.13834292763157893 0.23703399122807015 0.039925986842105264 0.047861842105263154
0 0.19629934210526317 0.2112390350877193 0.020230263157894713 0.028179824561403482
0 0.828369140625 0.3046875 0.02294921875 0.026041666666666668
3 0.827880859375 0.25533854166666664 0.06298828125 0.07526041666666666
3 0.567578125 0.015625 0.05859375 0.03125
3 0.03783346036585365 0.718872798102981 0.02341844512195122 0.028887195121951238
0 0.1748766447368421 0.32606907894736836 0.031003289473684203 0.03755482456140348
