0 0.13619791666666664 0.0302662037037037 0.01753472222222221 0.020486111111111108
0 0.40234375 0.07847222222222225 0.03104967948717947 0.03643162393162396
0 0.5347105368589744 0.0778044871794872 0.023227163461538504 0.028418803418803467
0 0.4130158253205128 0.23112980769230773 0.014212740384615419 0.018242521367521438
0 0.6601712740384615 0.3857371794871795 0.023707932692307664 0.03221153846153856
0 0.7793836805555555 0.44849537037037035 0.02404513888888893 0.04282407407407405
0 0.8991351916491045 0.2677562639035242 0.0250469243940989 0.034978339772860245
0 0.9668717893835617 0.3526683789954338 0.010712756849315141 0.01355593607305933
0 0.8070326808608058 0.6022073412698412 0.023812385531135405 0.0295596764346764
0 0.5319010416666667 0.7540509259259259 0.02126736111111107 0.02893518518518512
0 0.11675347222222224 0.6835069444444445 0.01996527777777779 0.028819444444444405
0 0.13324652777777776 0.7847222222222221 0.02690972222222223 0.03472222222222226
0 0.2357104700854701 0.9587962962962961 0.026842948717948678 0.03611111111111107
0 0.31523437500000007 0.22007211538461538 0.04701522435897436 0.057719017094017125
0 0.8447916666666668 0.8029736467236468 0.039583333333333394 0.05840455840455843
0 0.73203125 0.95 0.0359375 0.04583333333333333
1 0.44768129006410257 0.2198985042735043 0.04704527243589744 0.09412393162393169
1 0.36977664262820514 0.4423744658119658 0.0516125801282052 0.05782585470085468
1 0.2287326388888889 0.35457175925925927 0.04774305555555554 0.09178240740740744
1 0.2669020432692308 0.3489049145299145 0.025991586538461585 0.048450854700854744
1 0.16744791666666664 0.8508279914529915 0.04184027777777779 0.08769586894586893
1 0.3931857638888889 0.9757523148148147 0.043315972222222235 0.04641203703703702
1 0.685546875 0.6953125 0.06328125 0.07395833333333333
1 0.9319010416666668 0.6248263888888889 0.052864583333333395 0.06423611111111108
1 0.93125 0.7609375 0.04375 0.071875
1 0.9684595352564103 0.9502670940170941 0.06151842948717938 0.07970085470085474
1 0.608203125 0.9395833333333333 0.04765625 0.0625
1 0.805078125 0.1 0.03359375 0.06041666666666667
1 0.5 0.5517361111111112 0.05902777777777777 0.07013888888888893
1 0.6585069444444445 0.8059027777777777 0.07048611111111117 0.0826388888888888
0 0.28155381944444446 0.6792245370370371 0.03758680555555558 0.05590277777777774
0 0.398828125 0.6541666666666667 0.02578125 0.0375
0 0.35824652777777777 0.7176504629629629 0.030034722222222233 0.036921296296296306
0 0.5631510416666666 0.5538194444444444 0.02300347222222223 0.040509259259259287
2 0.8615885416666667 0.5975694444444444 0.06640625 0.09930555555555548
2 0.042881944444444445 0.4050035612535613 0.04965277777777778 0.0858262108262108
2 0.308984375 0.9510416666666667 0.07890625 0.07708333333333334
2 0.5671875 0.4171875 0.0765625 0.09895833333333333
2 0.646875 0.5734953703703703 0.062152777777777765 0.07523148148148143
2 0.6588975694444444 0.9493055555555555 0.05373263888888884 0.0930555555555556
1 0.5397235576923076 0.346875 0.0390625 0.06875
1 0.4572048611111111 0.9675347222222221 0.07517361111111116 0.053356481481481546
1 0.7385416666666667 0.8564814814814814 0.048958333333333305 0.07638888888888892
2 0.8048420329670328 0.5336023351648351 0.055940934065934124 0.05987866300366302
1 0.983984375 0.42083333333333334 0.03046875 0.07291666666666667
1 0.13318309294871797 0.11226851851851852 0.03571714743589738 0.06712962962962962
0 0.13090277777777776 0.8392939814814814 0.04131944444444444 0.059837962962962975
0 0.13046875 0.955787037037037 0.015104166666666674 0.01898148148148143
2 0.36171875 0.6041666666666666 0.0609375 0.10625
0 0.3671875 0.5890625 0.0375 0.03854166666666667
1 0.7379857772435898 0.397275641025641 0.028335336538461497 0.05587606837606843
0 0.8109375 0.1375 0.0375 0.04583333333333333
