0 0.46233100620567374 0.7777260638297873 0.029349512411347513 0.04295212765957442
0 0.24829557078559733 0.5137107314966357 0.03410478041462084 0.039067898708856144
0 0.17332732371794873 0.41995192307692314 0.026342147435897446 0.03990384615384623
0 0.4076961436170213 0.613497340425532 0.04220966312056742 0.0419178486997635
0 0.596484375 0.7630208333333334 0.02890625 0.028125
2 0.7262494459219859 0.10669326241134751 0.07886192375886525 0.11876477541371155
2 0.5842198581560284 0.10563852518639753 0.09031471631205674 0.08893662484088025
2 0.7101978058510638 0.5197098336061102 0.10653257978723411 0.12015480087288584
2 0.839206560283688 0.7754040507364975 0.06903812056737593 0.08305714675395516
2 0.6700135030864198 0.6904642489711935 0.05252700617283956 0.08717849794238682
1 0.3247515173213312 0.3394577423167849 0.08287728450627388 0.0506944444444444
1 0.8194453679078013 0.1423574172576832 0.04761192375886534 0.07846483451536643
1 0.7898326684397163 0.499822695035461 0.03148271276595738 0.055023640661938523
1 0.9760604200763776 0.8601970244589926 0.028043166939443687 0.05974779505364604
1 0.7354938113747954 0.8828309692671394 0.06480581696672116 0.055851063829787266
1 0.5936391843971631 0.7896682919621749 0.047096631205673846 0.039753250591016594
1 0.5463874113475178 0.37407284278959807 0.038541666666666606 0.05977393617021273
1 0.029338430851063822 0.07984264184397162 0.057568705673758866 0.08676861702127657
1 0.2129470115147199 0.8001973528015195 0.048450112773029505 0.05546949192782525
2 0.9092548076923077 0.377323717948718 0.1033653846153845 0.11714743589743595
