2 0.17297676282051289 0.2609508547008547 0.149238782051282 0.20032051282051289
2 0.32493990384615384 0.2075320512820513 0.11574519230769238 0.09081196581196581
2 0.15444711538461542 0.49799679487179493 0.11618589743589744 0.14289529914529914
2 0.684765625 0.17864583333333334 0.09140625 0.14270833333333333
2 0.6025841346153846 0.7618189102564102 0.08129006410256415 0.11738782051282055
2 0.5227163461538462 0.8965277777777778 0.09278846153846168 0.10170940170940182
2 0.31270032051282054 0.8862713675213675 0.0901442307692308 0.1142094017094017
2 0.04890825320512822 0.7137553418803418 0.08687900641025645 0.10165598290598285
2 0.056350160256410244 0.8203792735042735 0.084375 0.12291666666666666
1 0.618689903846154 0.483306623931624 0.053084935897435945 0.10016025641025639
1 0.5518930288461539 0.5190438034188034 0.05046073717948731 0.06073717948717956
1 0.7478966346153847 0.4098557692307693 0.03705929487179489 0.04941239316239319
1 0.9779747596153847 0.35157585470085473 0.04248798076923066 0.0644764957264958
1 0.9064803685897436 0.3510950854700855 0.036398237179487224 0.06276709401709404
1 0.9071514423076923 0.4639155982905983 0.03705929487179489 0.056143162393162464
1 0.33373397435897434 0.03596420940170943 0.060096153846153876 0.057345085470085516
1 0.5125200320512822 0.6816239316239316 0.057091346153846166 0.05608974358974355
1 0.709375 0.8630208333333333 0.040625 0.078125
1 0.729657451923077 0.7996928418803418 0.05150240384615383 0.06519764957264952
0 0.5330228365384616 0.7767895299145299 0.0420072115384615 0.0580662393162393
0 0.7089943910256411 0.9170005341880342 0.036738782051282115 0.05008012820512822
0 0.3191005608974359 0.26028311965811973 0.025260416666666695 0.03605769230769233
1 0.3988882211538462 0.8278579059829061 0.04196714743589754 0.07345085470085462
1 0.20460737179487182 0.6615651709401711 0.05793269230769234 0.04545940170940182
0 0.5482872596153847 0.16680021367521372 0.03563701923076925 0.052083333333333336
2 0.46640625 0.49114583333333334 0.10625 0.134375
1 0.4693008814102564 0.6190037393162394 0.07141426282051286 0.07240918803418796
3 0.20948517628205127 0.614823717948718 0.0361578525641026 0.045352564102564115
0 0.6365584935897436 0.5701121794871795 0.025360576923076916 0.03605769230769233
2 0.9290665064102566 0.04300213675213678 0.08938301282051295 0.08600427350427356
