0 0.5609207490605659 0.3353807471264368 0.028347079465075177 0.036494252873563164
0 0.6034555288461538 0.26294070512820517 0.033473557692307754 0.03870192307692306
0 0.49721537218169765 0.21815732758620687 0.027794471153846166 0.0410560344827586
0 0.5923076923076923 0.15380608974358978 0.03173076923076934 0.040678418803418825
0 0.33526862492182613 0.03182881227850739 0.04465583958724202 0.049655383573066474
0 0.380448717948718 0.3216479700854701 0.030769230769230792 0.04687500000000006
0 0.31019631410256415 0.6551816239316238 0.021033653846153834 0.03151709401709404
0 0.47735376602564106 0.5345219017094017 0.029266826923076916 0.032451923076922996
0 0.5357872596153846 0.6654780982905983 0.01748798076923075 0.02112713675213674
0 0.7050981570512821 0.8574919871794872 0.03050881410256414 0.04089209401709404
0 0.7645137392241379 0.7997729700854701 0.01582704741379315 0.025454059829059853
0 0.5744530272826767 0.8587965134459037 0.026144758442776705 0.04883651240358565
0 0.6806891025641026 0.5881410256410257 0.02724358974358978 0.048076923076923114
0 0.7862638758599124 0.43848694496560353 0.0382446060037525 0.04257218052949755
0 0.9752091150719199 0.2948317307692308 0.02366713570981869 0.026698327079424544
0 0.511036106045535 0.32433871205422926 0.032174582780725026 0.04600648393751842
0 0.60703125 0.49544604700854705 0.01630608974358978 0.022462606837606872
1 0.7715044070512821 0.5042601495726495 0.05194310897435912 0.060924145299145374
1 0.4295372596153847 0.042383260371065275 0.03675881410256414 0.06997863247863254
1 0.8326822916666667 0.17176816239316242 0.045773237179487045 0.028792735042735065
1 0.21370738636363637 0.6351641414141415 0.03821022727272723 0.05883838383838385
3 0.09885817307692313 0.5794604700854701 0.05108173076923076 0.07077991452991447
1 0.6242387820512821 0.9641159188034187 0.03597756410256414 0.06551816239316241
1 0.6335023969385499 0.7601095085470085 0.02461697336427937 0.050901672561155444
1 0.233984375 0.11875 0.04921875 0.04583333333333333
0 0.012109375 0.1875 0.02421875 0.03125
0 0.7853465544871795 0.7168269230769231 0.022255608974358944 0.03301282051282044
1 0.8321140654315198 0.023491244527829882 0.029115365071919898 0.04261778194705023
0 0.3302283653846154 0.4094818376068376 0.021033653846153834 0.03146367521367524
0 0.7670472756410256 0.7556356837606837 0.025280448717948722 0.03627136752136752
1 0.576171875 0.746875 0.03359375 0.058333333333333334
