3 0.8399238782051281 0.6553685897435898 0.06334134615384616 0.08456196581196593
3 0.828876201923077 0.877724358974359 0.07341746794871806 0.09925213675213675
3 0.3874699519230769 0.7360042735042734 0.045372596153846124 0.05950854700854708
3 0.4195512820512821 0.8354700854700855 0.05072115384615392 0.0662393162393163
3 0.42482972756410264 0.2952323717948718 0.07221554487179489 0.09970619658119666
3 0.3876402243589744 0.42946047008547006 0.024399038461538368 0.036912393162393246
3 0.3231470352564102 0.1670138888888889 0.05322516025641026 0.06768162393162397
3 0.2947315705128205 0.03930288461538464 0.04795673076923079 0.061351495726495765
3 0.10413661858974363 0.25503472222222223 0.07257612179487176 0.09196047008547013
3 0.04270833333333336 0.0714877136752137 0.027163461538461574 0.03437500000000006
0 0.29552283653846156 0.49409722222222224 0.03235176282051282 0.04385683760683765
0 0.9565104166666668 0.6965544871794871 0.04851762820512828 0.05293803418803419
0 0.8319711538461538 0.4809428418803419 0.03717948717948723 0.051469017094017154
1 0.521484375 0.8708333333333333 0.03359375 0.05416666666666667
1 0.8267728365384617 0.39489850427350426 0.06560496794871806 0.06063034188034191
3 0.8357772435897438 0.3320646367521368 0.015544871794871717 0.020699786324786373
0 0.1787059294871795 0.8089476495726496 0.014463141025641012 0.01960470085470085
0 0.616015625 0.09895833333333333 0.02890625 0.0375
