0 0.7573617788461539 0.701655982905983 0.034154647435897446 0.04540598290598297
0 0.6517427884615385 0.7163461538461539 0.02904647435897436 0.04273504273504282
0 0.7344551282051281 0.8323717948717949 0.03790064102564106 0.05106837606837615
0 0.3112880608974359 0.5388221153846154 0.03888221153846159 0.04521901709401703
0 0.08262746710526316 0.8524122807017543 0.0329358552631579 0.04078947368421038
0 0.266796875 0.5963541666666666 0.03671875 0.042708333333333334
0 0.851171875 0.23177083333333334 0.03671875 0.042708333333333334
1 0.9647636217948719 0.5320512820512822 0.0400240384615385 0.0667735042735042
1 0.9294270833333332 0.7472889957264958 0.04859775641025639 0.06097756410256423
1 0.9703325320512821 0.6957264957264957 0.036899038461538504 0.04925213675213674
0 0.4206129807692308 0.5516693376068377 0.04459134615384626 0.0595886752136753
3 0.1287760416666667 0.5052884615384615 0.05735176282051287 0.08290598290598297
3 0.517958733974359 0.1419738247863248 0.05622996794871797 0.0776976495726496
0 0.1203478196693657 0.8533365665766982 0.023284623819163318 0.03126546333783165
0 0.89609375 0.3020833333333333 0.053125 0.0625
0 0.901171875 0.2578125 0.04453125 0.051041666666666666
0 0.016125801282051305 0.337994123931624 0.03225160256410261 0.06060363247863242
0 0.7786057692307693 0.026308760683760705 0.0584134615384615 0.05261752136752141
