0 0.8093204941860466 0.08607073643410852 0.02997819767441854 0.03134689922480619
0 0.9451422275641026 0.47959401709401717 0.04721554487179489 0.06485042735042743
0 0.9550944301580204 0.3671409138342278 0.014593116428145337 0.020320885509838977
0 0.8645621366279069 0.49275678294573644 0.039625726744186095 0.050096899224806236
0 0.7691133720930232 0.5588299418604651 0.032231104651162745 0.044500968992248126
0 0.7039251173971378 0.5108281777976545 0.027217967352414975 0.039390156032597844
0 0.70703125 0.18802083333333333 0.0421875 0.053125
0 0.673482921511628 0.08181928294573644 0.04990915697674412 0.0655281007751938
0 0.5197970240757306 0.24068711488769629 0.020362347197376264 0.027346700457165578
0 0.5687681686046512 0.29131540697674413 0.028706395348837167 0.031468023255813965
0 0.44438031082289803 0.21878633720930232 0.02130478533094813 0.034811046511627926
0 0.5381813226744185 0.40656492248062015 0.030941133720930214 0.042781007751937966
0 0.5609375 0.42291666666666666 0.0203125 0.03333333333333333
0 0.573828125 0.5020833333333333 0.04140625 0.05416666666666667
0 0.48448401162790694 0.6504254869807196 0.021656976744186006 0.02666840588352232
0 0.5265079941860465 0.6334423449612403 0.048728197674418626 0.05578972868217065
0 0.4680437537268933 0.8169710296163785 0.04029330649970184 0.049681971774995046
0 0.29617550872093024 0.884641472868217 0.029742005813953476 0.040310077519379796
0 0.0997570531454979 0.7716585296163785 0.025594905336911167 0.03492906479825078
0 0.23092296511627905 0.58125 0.02852470930232558 0.036627906976744264
0 0.07417332848837208 0.6024345930232559 0.031340843023255835 0.040285852713178257
0 0.21483466569767443 0.4199929189028026 0.03253997093023253 0.042989713774597565
0 0.13416606104651163 0.14709302325581397 0.04035247093023255 0.06312984496124031
0 0.075 0.071875 0.0265625 0.03125
0 0.1846656976744186 0.08032945736434109 0.0429142441860465 0.05373062015503875
0 0.27554505813953484 0.1632388565891473 0.02285610465116279 0.03689437984496123
0 0.3234375 0.5119791666666667 0.0375 0.05520833333333333
0 0.37630813953488373 0.38173449612403104 0.04389534883720927 0.060174418604651156
0 0.133984375 0.3255208333333333 0.04140625 0.04479166666666667
1 0.8611010174418606 0.09915213178294573 0.058139534883721034 0.08512596899224806
1 0.5704226762820512 0.06996124031007751 0.04810813580799049 0.07204457364341085
1 0.33045966569767443 0.09229651162790699 0.04155159883720931 0.04893410852713177
1 0.29808321220930234 0.7416787790697675 0.04318677325581395 0.10700096899224801
1 0.3863190406976744 0.6543241279069768 0.08110465116279073 0.06853197674418597
1 0.36789607558139537 0.5386385658914729 0.07434593023255816 0.05644379844961236
1 0.29609375 0.50625 0.0390625 0.07083333333333333
1 0.4366369912790698 0.4598231589147287 0.04860101744186043 0.05297965116279073
1 0.7843568313953488 0.6574370155038759 0.037209302325581464 0.08062015503875972
1 0.8504269622093024 0.7340116279069768 0.03769985465116292 0.03149224806201557
1 0.19375 0.03125 0.053125 0.0625
1 0.03111979166666669 0.12339743589743592 0.055829326923076884 0.06944444444444446
1 0.22656249999999994 0.7612645348837209 0.06359011627906977 0.0641957364341085
1 0.38222155448717954 0.7951923076923078 0.04725560897435903 0.10961538461538455
1 0.6016489173375075 0.6969628925660901 0.06378065369707811 0.04987266448022266
1 0.68828125 0.13385416666666666 0.059375 0.06354166666666666
1 0.48357558139534884 0.48591327519379846 0.054651162790697684 0.039559108527131785
2 0.0405250726744186 0.44972141472868216 0.08257630813953486 0.10467538759689923
2 0.8679142441860466 0.8702761627906976 0.07994186046511623 0.09205426356589139
2 0.848346656976744 0.38121770025839796 0.06729651162790713 0.09625322997416023
2 0.296875 0.27447916666666666 0.0609375 0.08229166666666667
2 0.3909883720930233 0.23952277131782948 0.05723110465116279 0.078125
2 0.04812863372093022 0.8206758720930233 0.05981104651162787 0.09072189922480618
0 0.466796875 0.4119791666666667 0.06015625 0.065625
0 0.5123909883720931 0.9606468023255814 0.026998546511627985 0.031225775193798575
0 0.3231286337209302 0.9733163759689922 0.021257267441860427 0.030450581395348782
0 0.19364331768038162 0.9437984496124031 0.024959004174120468 0.03343023255813951
0 0.52109375 0.0125 0.05 0.025
1 0.758766351744186 0.45672238372093027 0.047510901162790733 0.07734980620155033
1 0.5869276889534885 0.40799418604651166 0.037808866279069785 0.05731589147286821
1 0.18167090600775193 0.4626270249453389 0.06374152131782951 0.06406218942556154
1 0.5586391715116279 0.8565984645199762 0.06077398255813957 0.07096004770423375
1 0.6965207122093023 0.9548570736434108 0.046021075581395274 0.07429748062015508
1 0.7249818313953489 0.9544573643410852 0.040588662790697685 0.061773255813953536
1 0.609375 0.5854166666666667 0.05 0.05416666666666667
1 0.6142896075581395 0.6332848837209303 0.045766715116279146 0.041569767441860486
0 0.5932867005813953 0.5509689922480621 0.02123909883720927 0.02514534883720927
0 0.2617641715116279 0.4378633720930233 0.023164970930232575 0.023013565891472906
0 0.2058957122093023 0.1940043604651163 0.01953125000000002 0.022601744186046525
0 0.053125 0.15989583333333332 0.01875 0.019791666666666666
0 0.069921875 0.15729166666666666 0.02109375 0.03125
0 0.069921875 0.09479166666666666 0.01796875 0.01875
0 0.606922238372093 0.22702277131782947 0.029614825581395367 0.0340843023255814
0 0.9332757994186046 0.1013687015503876 0.01626090116279073 0.02226259689922481
0 0.817232921511628 0.041400193798449614 0.016733284883720854 0.023449612403100777
1 0.9835301598837208 0.19867974806201552 0.03137718023255811 0.04110949612403102
1 0.6765625 0.5838541666666667 0.046875 0.078125
1 0.8132721656976745 0.5560198643410852 0.02970566860465116 0.05462693798449614
1 0.25 0.9770106589147287 0.046875 0.04389534883720927
0 0.5807321947674419 0.9790213178294574 0.008848110465116221 0.012790697674418539
3 0.661219113372093 0.6910368217054264 0.03911700581395357 0.04718992248062008
0 0.630859375 0.6739583333333333 0.01796875 0.022916666666666665
2 0.7421875 0.7453125 0.059375 0.08645833333333333
1 0.876953125 0.6796875 0.04453125 0.051041666666666666
0 0.8533430232558139 0.6956153100775194 0.030813953488372015 0.035852713178294596
1 0.9166696947674419 0.7842902131782946 0.05572311046511622 0.060586240310077484
0 0.9188000801282051 0.5197916666666667 0.02578125 0.03125
0 0.986328125 0.553125 0.02578125 0.035416666666666666
1 0.4995639534883721 0.3430838178294574 0.051744186046511584 0.06722383720930238
1 0.33246193910256416 0.15618322649572652 0.04461137820512824 0.05194978632478634
0 0.338671875 0.13072916666666667 0.03828125 0.030208333333333334
0 0.40722202034883725 0.34183624031007753 0.03203125 0.04791666666666667
0 0.8606468023255814 0.2071826550387597 0.014534883720930303 0.01925872093023253
