0 0.3172425881410256 0.32072649572649575 0.02847556089743599 0.03536324786324787
0 0.2770182291666667 0.35610309829059833 0.019781650641025727 0.02737713675213674
0 0.3676432291666667 0.4929887820512821 0.029837740384615376 0.0434027777777778
0 0.5557642227564102 0.20440705128205128 0.035206330128205024 0.04497863247863251
0 0.6859224759615385 0.28263888888888894 0.034304887820512775 0.04610042735042743
0 0.7119641426282051 0.13125000000000003 0.030298477564102554 0.056410256410256446
0 0.6665164262820513 0.07297008547008549 0.040064102564102554 0.05010683760683765
0 0.577128405448718 0.12230235042735044 0.034545272435897445 0.04358974358974364
0 0.5960286458333334 0.016960470085470112 0.028796073717948633 0.03258547008547013
0 0.8840895432692306 0.05773237179487182 0.03360376602564106 0.05387286324786329
0 0.9238431490384615 0.5590945512820513 0.041235977564102556 0.051415598290598295
0 0.8245042067307693 0.5823317307692307 0.022566105769230838 0.02897970085470097
0 0.7677133413461539 0.5848023504273505 0.02597155448717956 0.041399572649572745
0 0.7003756009615385 0.5732638888888888 0.030438701923076916 0.04043803418803418
0 0.8319160657051281 0.8156917735042735 0.02577123397435912 0.0483707264957264
0 0.8022886618589744 0.7362713675213676 0.037950721153846165 0.046955128205128226
0 0.7928635817307692 0.6977430555555555 0.03777043269230766 0.05360576923076922
0 0.6608824118589743 0.7033253205128206 0.03330328525641022 0.047409188034188074
0 0.6517427884615385 0.7468616452991453 0.028545673076923083 0.03779380341880341
0 0.7822566105769232 0.7856837606837608 0.034945913461538414 0.04027777777777774
0 0.7550831330128205 0.7630876068376068 0.02889623397435894 0.037393162393162406
0 0.7004557291666667 0.9834802350427351 0.029276842948717973 0.03346688034188029
0 0.5316756810897436 0.9490518162393163 0.03530649038461533 0.047409188034187956
0 0.5232522035256411 0.866252670940171 0.03412459935897436 0.04340277777777774
0 0.4352714342948718 0.7504006410256411 0.02128405448717956 0.03071581196581204
0 0.4479166666666667 0.6282051282051282 0.03956330128205128 0.05475427350427348
0 0.5709585336538462 0.5199919871794871 0.02685296474358978 0.038808760683760705
0 0.5438050881410257 0.4367654914529915 0.04009415064102573 0.05168269230769233
0 0.4883663862179487 0.27751068376068383 0.03378405448717956 0.04700854700854702
0 0.2739032451923077 0.11184561965811968 0.024068509615384582 0.025774572649572686
0 0.3145783253205129 0.08433493589743594 0.01577524038461542 0.02337072649572649
0 0.21161358173076925 0.0858173076923077 0.03140024038461542 0.048450854700854744
0 0.07744891826923081 0.3273904914529915 0.030298477564102554 0.03672542735042731
0 0.08502103365384617 0.43708600427350425 0.016155849358974406 0.02299679487179495
0 0.10624499198717952 0.5407318376068377 0.029797676282051266 0.04139957264957263
0 0.19504707532051285 0.6009882478632479 0.016456330128205153 0.02238247863247859
0 0.0717497996794872 0.8607638888888888 0.03568709935897439 0.04236111111111107
0 0.051026642628205145 0.8828392094017095 0.023046875000000043 0.026255341880341967
0 0.3249949919871795 0.8467548076923077 0.021985176282051367 0.03699252136752141
0 0.2925430689102565 0.5918135683760684 0.04181690705128207 0.040731837606837594
3 0.8048026842948719 0.4182024572649573 0.021905048076923173 0.034054487179487225
3 0.7124048477564102 0.20974893162393163 0.039433092948717975 0.04631410256410259
3 0.3842998798076923 0.8594951923076923 0.03158052884615392 0.047569444444444525
3 0.15890925480769233 0.46456997863247856 0.02262620192307694 0.02812500000000006
3 0.17637720352564107 0.1920806623931624 0.02374799679487183 0.033573717948718
0 0.8640675080128204 0.5263888888888889 0.01455328525641022 0.020673076923076947
0 0.6449368990384615 0.43352029914529916 0.013110977564102556 0.018108974358974392
0 0.6278595753205127 0.4341880341880342 0.011207932692307753 0.01810897435897445
0 0.3266276041666667 0.622142094017094 0.03174078525641035 0.04818376068376071
0 0.28336838942307696 0.007278311965811988 0.012950721153846078 0.014556623931623975
1 0.7730518830128206 0.44866452991452993 0.04634415064102555 0.042574786324786375
1 0.720537860576923 0.49654113247863246 0.03819110576923066 0.04917200854700852
1 0.42979266826923085 0.22672275641025644 0.04376001602564097 0.05643696581196585
1 0.4235026041666667 0.15845352564102566 0.05834334935897432 0.05542200854700856
1 0.3402994791666667 0.24439102564102566 0.04345953525641035 0.0678418803418804
1 0.19063000801282054 0.3232772435897436 0.028295272435897488 0.05253739316239313
1 0.1330378605769231 0.7697649572649573 0.05483774038461538 0.048076923076923114
1 0.5085136217948718 0.6756143162393163 0.03555689102564106 0.058760683760683816
1 0.6758163060897436 0.8605769230769231 0.03949318910256405 0.04674145299145304
3 0.7686798878205128 0.6459001068376068 0.05108173076923075 0.0674412393162393
1 0.4753555689102564 0.8867521367521367 0.035767227564102555 0.05982905982905985
1 0.8868689903846153 0.6368990384615384 0.04106570512820511 0.046714743589743674
0 0.9040514823717949 0.6158520299145299 0.016716746794871895 0.022035256410256446
0 0.41971654647435896 0.29405715811965816 0.037870592948717974 0.03394764957264963
0 0.7104216746794872 0.35348557692307686 0.03037860576923066 0.03528311965811977
0 0.728515625 0.051041666666666666 0.03046875 0.03125
0 0.9499949919871795 0.11927083333333337 0.020983573717948723 0.029620726495726536
0 0.8346604567307692 0.391519764957265 0.03330328525641022 0.05403311965811965
0 0.8510767227564102 0.35723824786324787 0.029517227564102556 0.04246794871794878
0 0.9884765625 0.46037660256410257 0.013131009615384492 0.019150641025641058
0 0.7202974759615385 0.5345219017094017 0.021644631410256476 0.028445512820512893
1 0.5996744791666666 0.48557692307692313 0.03652844551282053 0.059561965811965815
0 0.24883313301282053 0.6890892094017095 0.04109575320512828 0.04783653846153856
0 0.5210887419871795 0.8179353632478633 0.019421073717948722 0.02652243589743589
0 0.418359375 0.34375 0.02421875 0.025
0 0.2399589342948718 0.9798344017094017 0.01477363782051282 0.024572649572649635
0 0.13032351762820515 0.6387286324786324 0.019701522435897467 0.02836538461538467
