1 0.8586738782051281 0.2636217948717949 0.04827724358974361 0.07211538461538464
2 0.6006610576923077 0.6631810897435898 0.07912660256410256 0.13405448717948712
2 0.15394631410256415 0.6268696581196581 0.10917467948717947 0.09882478632478638
2 0.16947115384615388 0.2553685897435898 0.09014423076923075 0.15176282051282047
2 0.6891927083333333 0.2633680555555556 0.087920673076923 0.11701388888888888
1 0.5992487980769232 0.5167735042735042 0.07193509615384626 0.07895299145299142
2 0.6294571314102564 0.9455528846153847 0.06360176282051286 0.08181089743589745
2 0.31953125 0.7145833333333333 0.08125 0.13125
0 0.9076822916666668 0.30045405982905987 0.06804887820512828 0.06789529914529915
2 0.20625 0.359375 0.071875 0.12708333333333333
