2 0.9155148237179487 0.6066506410256411 0.10446714743589744 0.1633012820512821
2 0.8203024839743591 0.44918536324786323 0.07970753205128193 0.07759081196581198
2 0.814032451923077 0.1327590811965812 0.10711137820512828 0.17091346153846157
2 0.21106770833333335 0.10368589743589744 0.06905048076923084 0.1088675213675214
2 0.2328125 0.24375 0.115625 0.125
2 0.07565104166666668 0.07398504273504276 0.07946714743589747 0.08279914529914535
2 0.49397035256410254 0.5035657051282052 0.08617788461538467 0.09970619658119666
2 0.9369190705128204 0.9611511752136752 0.09571314102564106 0.07561431623931618
2 0.8947616185897436 0.45631677350427347 0.059835737179487224 0.09270833333333339
2 0.7795172275641026 0.35446047008547005 0.06997195512820512 0.08808760683760687
2 0.729296875 0.56875 0.07578125 0.11041666666666666
2 0.23540665064102564 0.45416666666666666 0.10050080128205133 0.09166666666666673
1 0.9389423076923077 0.832051282051282 0.0716346153846155 0.11923076923076922
1 0.7234475160256411 0.3349893162393163 0.072295673076923 0.1133547008547008
1 0.666796875 0.3880208333333333 0.07265625 0.07604166666666666
1 0.43225160256410255 0.11617254273504277 0.05737179487179498 0.09724893162393164
1 0.48147035256410264 0.13974358974358977 0.0390625 0.07948717948717952
1 0.144140625 0.7651041666666667 0.04453125 0.046875
1 0.5269330929487179 0.9376335470085471 0.05030048076923084 0.07558760683760682
1 0.286328125 0.8713541666666667 0.06015625 0.06979166666666667
0 0.384735576923077 0.8522836538461538 0.0322115384615385 0.045966880341880414
0 0.292958733974359 0.9314903846153847 0.03547676282051282 0.04780982905982908
0 0.37988782051282055 0.3717280982905983 0.029887820512820573 0.04553952991452999
0 0.5422576121794872 0.21665331196581197 0.045693108974359034 0.06455662393162397
0 0.6599058493589743 0.06294070512820517 0.02473958333333339 0.032772435897435934
0 0.775 0.7442708333333333 0.0453125 0.059375
0 0.6477363782051283 0.45659722222222227 0.03906250000000009 0.04674145299145298
1 0.670703125 0.5472355769230769 0.04296875 0.051041666666666666
2 0.75859375 0.8793936965811966 0.1078125 0.17337072649572652
2 0.2746895032051282 0.6876869658119659 0.10406650641025643 0.0920405982905983
1 0.01796875 0.7776041666666667 0.0359375 0.08229166666666667
0 0.11117788461538465 0.8403178418803419 0.04647435897435899 0.05654380341880352
2 0.7578125 0.6838541666666667 0.084375 0.13229166666666667
2 0.646844951923077 0.7454059829059829 0.09537259615384608 0.08344017094017092
2 0.6794370993589745 0.9751736111111112 0.08643830128205118 0.04756944444444441
2 0.18381410256410258 0.42301014957264965 0.06674679487179484 0.08106303418803412
