0 0.6066806891025641 0.48442841880341886 0.04304887820512828 0.060523504273504315
0 0.78984375 0.6859375 0.04375 0.059375
0 0.9243641678537513 0.7323045267489711 0.04151086182336172 0.06265432098765432
0 0.7762369791666667 0.6432024572649573 0.03095953525641022 0.040678418803418735
0 0.7584234775641026 0.5934428418803418 0.03515625 0.042708333333333334
0 0.7434895833333334 0.08589743589743591 0.03385416666666678 0.0509615384615385
1 0.8300280448717949 0.24747596153846155 0.08313301282051277 0.08036858974358978
1 0.30234375 0.10885416666666667 0.053125 0.06979166666666667
2 0.7450570913461538 0.532051282051282 0.07428886217948713 0.09748931623931618
2 0.5133914262820513 0.3096955128205129 0.05134214743589753 0.08413461538461534
2 0.19864783653846158 0.2953125 0.08239182692307687 0.09687500000000006
1 0.265234375 0.7364583333333333 0.04921875 0.06875
1 0.05234375 0.775 0.05625 0.05
1 0.600380608974359 0.016292735042735065 0.047636217948717974 0.03258547008547013
1 0.7264923878205128 0.9798477564102565 0.04232772435897427 0.03822115384615377
1 0.23160056089743594 0.3958466880341881 0.040004006410256435 0.0774305555555556
1 0.409375 0.41770833333333335 0.0484375 0.058333333333333334
0 0.098046875 0.2453125 0.04609375 0.059375
0 0.068359375 0.7010416666666667 0.03359375 0.04583333333333333
0 0.2962874745934959 0.6837694783197832 0.018451473577235776 0.024568089430894228
0 0.0296875 0.8286458333333333 0.0328125 0.03854166666666667
0 0.962890625 0.6072916666666667 0.02890625 0.03958333333333333
0 0.987109375 0.2421875 0.02421875 0.04479166666666667
0 0.544140625 0.8505208333333333 0.02734375 0.042708333333333334
