0 0.5572810683139535 0.4630784448916716 0.04777434593023262 0.058581482309679994
0 0.496484375 0.671875 0.03671875 0.04583333333333333
0 0.3640625 0.5994791666666667 0.0359375 0.057291666666666664
0 0.16073764534883722 0.11368095930232558 0.031904069767441846 0.04456153100775193
0 0.06925767274150268 0.19642544350029817 0.016826224284436496 0.02321015951103158
0 0.007935138081395348 0.3286337209302326 0.015924781976744184 0.030111434108527155
0 0.04404069767441861 0.5997819767441861 0.03515625 0.04479166666666667
0 0.08767260174418605 0.7545542635658915 0.03090479651162791 0.047141472868216995
0 0.28615785256410253 0.9818509615384615 0.041065705128205156 0.03421474358974355
0 0.8148030465766503 0.7457725268230587 0.02808450968357885 0.03445967448627011
0 0.8886053856382979 0.5780769799054374 0.018999335106383165 0.028538711583924226
0 0.934393039749299 0.9100712913711585 0.02347409492000647 0.02518202966078403
0 0.9547828207467426 0.874751609832866 0.027661829436747352 0.028597555528066348
0 0.9530931405141843 0.23712434369673976 0.02422796315767801 0.02962728159876849
0 0.7802643531976745 0.02721656976744186 0.02967841569767442 0.04186046511627907
0 0.4763452069935691 0.2567095992387391 0.032488444533762005 0.04110920452359353
1 0.9202710730042885 0.04577723830337014 0.03676307624113484 0.07370715130023643
1 0.640231604609929 0.14352098108747044 0.04921320921985819 0.049541962174940876
1 0.671556405141844 0.4959935897435897 0.06967531028368797 0.07745726495726485
1 0.9435240570960047 0.7244005483819469 0.03836976371496732 0.07978417455393595
1 0.7260416666666667 0.0355902777777778 0.04270833333333339 0.06076388888888894
1 0.609375 0.10994925213675216 0.06249999999999991 0.08031517094017099
1 0.20787609011627906 0.096875 0.04765625 0.075
1 0.2843149038461538 0.828886217948718 0.04675480769230771 0.05681089743589744
1 0.6984901374113475 0.725705526004728 0.054593306737588776 0.05686317966903071
2 0.6849448479268958 0.6573212174940899 0.08944097790507363 0.08119089834515367
2 0.19690225290697674 0.7675434183064997 0.06949491279069767 0.07707401610017897
1 0.11308139534883721 0.7852894864341086 0.05272529069767442 0.06641230620155045
1 0.08461119186046513 0.8544028585271318 0.05198037790697675 0.06142199612403113
1 0.49790665064102574 0.9538461538461539 0.04425080128205137 0.06185897435897445
2 0.7815355632842336 0.3428302304964539 0.05583401527550471 0.07497783687943252
0 0.8819010416666668 0.29209515366430255 0.03573249113475167 0.047901891252955055
0 0.8694564494680851 0.3545249704491725 0.037350398936170315 0.04863327423167843
0 0.841796875 0.3578125 0.03046875 0.046875
0 0.6530446586879433 0.21680333924349882 0.029127881205673844 0.033000886524822685
0 0.8321493459302325 0.9330244670542636 0.029469476744186273 0.03802083333333333
0 0.8617142078488372 0.9882146317829457 0.02030341569767451 0.021487403100775165
0 0.301171875 0.29375 0.02578125 0.03333333333333333
0 0.73419492464539 0.1300531914893617 0.02307734929078018 0.030673758865248205
3 0.6358693677325581 0.98578003875969 0.029587572674418628 0.02873062015503886
3 0.08344385901162792 0.6771136143410853 0.03024164244186046 0.03809350775193797
