3 0.853515625 0.7036458333333333 0.05390625 0.06979166666666667
3 0.783954326923077 0.6539529914529915 0.07311698717948723 0.09273504273504282
3 0.599969951923077 0.3300747863247864 0.07449919871794881 0.09679487179487184
3 0.5225360576923078 0.29703525641025647 0.04907852564102564 0.07206196581196588
3 0.4387119391025641 0.1821581196581197 0.06448317307692317 0.08547008547008543
3 0.26726762820512817 0.16754807692307694 0.03477564102564101 0.0479166666666667
3 0.16870993589743594 0.10174946581196581 0.07564102564102568 0.10472756410256409
3 0.07734375000000002 0.6687366452991452 0.06005608974358982 0.08987713675213686
3 0.29289863782051284 0.8368990384615385 0.039603365384615376 0.05536858974358978
3 0.4314603365384616 0.9234107905982907 0.07926682692307688 0.1147168803418803
3 0.511328125 0.9479166666666666 0.07265625 0.10208333333333333
3 0.7088341346153847 0.9545673076923077 0.05909455128205128 0.08178418803418808
3 0.63671875 0.9166666666666666 0.0734375 0.10208333333333333
3 0.5454727564102564 0.761832264957265 0.07331730769230775 0.09332264957264963
0 0.18060897435897436 0.7195779914529915 0.04583333333333339 0.06298076923076934
0 0.2916666666666667 0.7276976495726496 0.026041666666666696 0.03605769230769233
0 0.42847556089743594 0.6582131410256411 0.04288862179487189 0.052163461538461554
0 0.37543068910256416 0.1700721153846154 0.040805288461538455 0.0482104700854701
0 0.1625 0.4765625 0.025 0.030208333333333334
3 0.06375200320512822 0.25454059829059833 0.05719150641025644 0.07158119658119665
3 0.022255608974359 0.20476762820512823 0.032011217948717995 0.04254807692307689
3 0.148828125 0.596875 0.05859375 0.07291666666666667
3 0.13203125 0.5526041666666667 0.0453125 0.05520833333333333
3 0.189453125 0.5192708333333333 0.06953125 0.084375
