0 0.6765625 0.31204594017094023 0.0484375 0.07083333333333333
0 0.09904847756410255 0.7067708333333333 0.03984375 0.046875
0 0.60546875 0.21614583333333334 0.04375 0.059375
0 0.845703125 0.2359375 0.04921875 0.07395833333333333
0 0.8206029647435897 0.20084134615384616 0.03223157051282044 0.05873397435897433
1 0.04886818910256412 0.4908787393162394 0.058914262820512875 0.07967414529914538
1 0.432391826923077 0.5594284188034189 0.057091346153846166 0.10817307692307689
1 0.458203125 0.534375 0.10859375 0.08333333333333333
1 0.4381009615384615 0.24412393162393162 0.05368589743589754 0.06036324786324793
1 0.6282952724358974 0.37956730769230773 0.05190304487179489 0.08862179487179489
0 0.20271434294871798 0.8149706196581197 0.06372195512820515 0.07518696581196581
0 0.598046875 0.26979166666666665 0.04296875 0.052083333333333336
1 0.526201923076923 0.4785790598290599 0.059775641025641056 0.12297008547008552
0 0.7178485576923077 0.670940170940171 0.04507211538461542 0.056089743589743675
1 0.18383413461538464 0.1609107905982906 0.02936698717948718 0.04249465811965815
0 0.711708733974359 0.056530448717948746 0.05534855769230775 0.07764423076923083
1 0.601161858974359 0.9725026709401711 0.06610576923076916 0.052911324786324695
