0 0.41164863782051286 0.4530048076923077 0.03848157051282062 0.0485844017094017
0 0.7293870192307692 0.08262553418803421 0.03802083333333339 0.04949252136752141
0 0.4466245993589745 0.06201923076923078 0.046654647435897444 0.07200854700854707
0 0.7844350961538462 0.23293269230769234 0.03409455128205145 0.04001068376068379
3 0.7539463141025642 0.5408787393162394 0.04899839743589762 0.06514423076923077
3 0.7200220352564103 0.6554620726495728 0.03872195512820511 0.04698183760683759
3 0.41264022435897446 0.8684695512820514 0.05653044871794881 0.07235576923076922
3 0.507421875 0.78125 0.09765625 0.125
3 0.6676782852564103 0.9544604700854701 0.07401842948717956 0.08899572649572653
3 0.3516726762820513 0.678031517094017 0.05827323717948727 0.07395833333333345
3 0.202734375 0.6109375 0.03359375 0.04479166666666667
3 0.201953125 0.6052083333333333 0.08515625 0.10833333333333334
3 0.12692307692307697 0.20152243589743588 0.07107371794871797 0.08947649572649571
0 0.22609174679487182 0.7157986111111112 0.04312900641025639 0.05451388888888893
0 0.6135016025641026 0.8645833333333334 0.0453125 0.052083333333333336
1 0.5619290865384615 0.5388087606837607 0.04441105769230776 0.07462606837606837
1 0.44602363782051285 0.556343482905983 0.04385016025641022 0.07160790598290596
1 0.151953125 0.290625 0.06953125 0.06666666666666667
