0 0.7420547294275492 0.09484322202345459 0.032787343470483066 0.04892789703836216
0 0.5608706488521169 0.7295058139534883 0.03178341159809186 0.04064922480620155
0 0.40490109757006554 0.39919468048101764 0.03303937462731073 0.03494397237129802
0 0.42368790064102574 0.8142361111111112 0.03643830128205137 0.06597222222222227
1 0.8282852564102565 0.37855235042735047 0.05657051282051295 0.061271367521367574
1 0.5555889423076923 0.3344017094017095 0.03705929487179489 0.06677350427350431
1 0.1892928685897436 0.6796207264957265 0.05250400641025643 0.0707799145299146
1 0.8635817307692306 0.9026442307692307 0.05809294871794872 0.05475427350427348
2 0.9697916666666668 0.9520165598290599 0.054166666666666606 0.08138354700854696
3 0.8834635416666667 0.05126869658119661 0.03776041666666661 0.05611645299145304
0 0.9051482371794872 0.920579594017094 0.0190304487179489 0.029567307692307785
