0 0.23818108974358979 0.45456730769230774 0.028846153846153876 0.037446581196581265
0 0.19866786858974358 0.4597622863247864 0.04176682692307696 0.056436965811965875
0 0.17910657051282053 0.5959535256410257 0.04483173076923084 0.05649038461538467
0 0.3167568108974359 0.5326522435897436 0.031951121794871806 0.04153311965811982
0 0.6587540064102565 0.6996527777777779 0.0390625 0.052083333333333336
3 0.5882411858974359 0.28145032051282054 0.1119791666666667 0.1459668803418804
3 0.524609375 0.20416666666666666 0.07578125 0.11041666666666666
3 0.23691907051282052 0.23625801282051287 0.056770833333333305 0.06808226495726502
3 0.0621794871794872 0.10964209401709407 0.07187499999999995 0.10069444444444446
3 0.8449919871794872 0.8516693376068376 0.0572115384615385 0.07123397435897445
3 0.7577524038461538 0.7486378205128205 0.037379807692307664 0.04759615384615389
3 0.7967548076923078 0.7136752136752137 0.0415064102564104 0.05341880341880341
3 0.6017227564102564 0.640224358974359 0.03717948717948714 0.05074786324786326
3 0.33017828525641024 0.29758279914529917 0.10526842948717956 0.14041132478632487
3 0.12521033653846156 0.5559428418803418 0.09176682692307689 0.10980235042735048
3 0.01328125 0.6072916666666667 0.0265625 0.08958333333333333
3 0.7944711538461539 0.9404647435897435 0.03605769230769233 0.048557692307692336
0 0.36227964743589747 0.7151308760683761 0.029046474358974318 0.04249465811965827
0 0.7120592948717949 0.9600694444444445 0.03060897435897445 0.04139957264957263
0 0.4197315705128206 0.07126068376068379 0.02632211538461542 0.034829059829059886
1 0.7939503205128206 0.5974893162393163 0.055128205128205286 0.10149572649572652
1 0.3556590544871795 0.07634882478632482 0.08235176282051282 0.0834134615384616
3 0.06171875 0.21302083333333333 0.11875 0.14895833333333333
