2 0.949365234375 0.5893229166666667 0.08720703125 0.09739583333333333
2 0.51328125 0.8791666666666667 0.0890625 0.058333333333333334
1 0.5627191005608975 0.467578125 0.04936648637820511 0.09348958333333333
1 0.81015625 0.51796875 0.03671875 0.06354166666666666
1 0.836083984375 0.7341145833333333 0.04814453125 0.06822916666666666
1 0.49011780335022526 0.09140625 0.06129029420045047 0.0515625
1 0.6110289977477478 0.1075262762762763 0.05876970720720713 0.05671921921921926
1 0.3435296474358974 0.47402510683760685 0.05 0.07604166666666666
1 0.298583984375 0.5865885416666666 0.04638671875 0.06640625
1 0.43874574318910253 0.7073717948717949 0.0551257011217948 0.05400641025641022
1 0.20339226973684213 0.16258223684210524 0.0364720394736842 0.05202850877192982
2 0.11179261818910258 0.5551282051282052 0.043016326121794846 0.06682692307692299
1 0.264599609375 0.8442708333333333 0.04990234375 0.05625
1 0.7418308949491601 0.4363924808429119 0.05908246297524311 0.07070162835249043
1 0.69921875 0.33645833333333336 0.046875 0.09375
1 0.7150760135135135 0.06935529279279282 0.04797297297297298 0.05087274774774768
1 0.8857985276442308 0.240234375 0.057729867788461675 0.06380208333333333
0 0.6823724856321839 0.3371767241379311 0.03213002873563218 0.0368534482758621
0 0.7553233449381079 0.2857698754789272 0.031199574491600223 0.040289750957854406
0 0.7310036599099099 0.12070664414414418 0.032784346846846814 0.03974286786786793
0 0.383203125 0.340625 0.03359375 0.041666666666666664
0 0.390584935897436 0.4105769230769231 0.038541666666666696 0.05064102564102567
0 0.2699318910256411 0.2494257478632479 0.05548878205128207 0.0551014957264958
0 0.09389771533613446 0.047045693277310896 0.03344931722689075 0.045159313725490244
0 0.319091796875 0.7415364583333334 0.04052734375 0.048177083333333336
0 0.043359375 0.765625 0.02890625 0.035416666666666666
0 0.502099609375 0.7342447916666667 0.02998046875 0.047135416666666666
0 0.956494140625 0.8983072916666667 0.02138671875 0.03411458333333333
0 0.728466796875 0.7014322916666667 0.03037109375 0.04244791666666667
1 0.6619991987179488 0.45514155982905985 0.06862980769230775 0.07903311965811971
0 0.16938733552631577 0.28456688596491225 0.020600328947368407 0.026260964912280707
3 0.009375 0.0953125 0.01875 0.03854166666666667
3 0.11669839810924372 0.0883534663865546 0.02592568277310925 0.03066351540616242
