1 0.3998397435897436 0.3183760683760684 0.06810897435897441 0.1308760683760684
1 0.9679587339743592 0.5547542735042735 0.06252003205128194 0.12553418803418795
1 0.6963141025641026 0.3450854700854702 0.060096153846153834 0.11217948717948717
2 0.5490785256410258 0.3564636752136752 0.09214743589743586 0.11623931623931619
2 0.38531650641025644 0.12072649572649577 0.09915865384615392 0.11752136752136752
2 0.5144731570512822 0.3946581196581197 0.05699118589743586 0.0851495726495727
2 0.7047275641025641 0.049679487179487204 0.07491987179487172 0.09935897435897441
2 0.8153245192307693 0.21688034188034191 0.1025240384615385 0.13621794871794876
0 0.7854366987179487 0.39696848290598297 0.052123397435897445 0.07518696581196588
0 0.7655048076923077 0.1654113247863248 0.05024038461538458 0.07334401709401704
0 0.12644230769230771 0.22804487179487182 0.05600961538461542 0.07307692307692305
0 0.8024839743589745 0.8712606837606838 0.040064102564102554 0.0587606837606837
1 0.17880608974358975 0.7534989316239317 0.07948717948717951 0.09300213675213674
1 0.06346153846153849 0.49435096153846153 0.07379807692307697 0.10088141025641022
1 0.104296875 0.5833333333333334 0.08515625 0.12083333333333333
1 0.026141826923076945 0.1634615384615385 0.05228365384615389 0.10950854700854698
3 0.744921875 0.375 0.03515625 0.05416666666666667
1 0.49198717948717957 0.7711004273504274 0.06610576923076925 0.0854700854700854
