2 0.7855739966798696 0.24897132709632713 0.10980639853215282 0.10942914067914075
2 0.8921403556034484 0.2876975574712644 0.07307381465517224 0.12826867816091952
2 0.9331925675675675 0.5589949324324324 0.08830236486486491 0.13826013513513516
2 0.835546875 0.390625 0.10234375 0.15208333333333332
2 0.8740918227785144 0.8310865200412614 0.09839501823607417 0.11189305187150005
2 0.10821368243243243 0.14748029279279282 0.08361486486486487 0.1470439189189189
2 0.026446368243243257 0.21824324324324323 0.052892736486486513 0.14065315315315316
2 0.3706110858454609 0.516786858974359 0.06668669871794881 0.11065705128205133
2 0.2847184806034483 0.42142600574712646 0.07118803879310343 0.08710488505747123
2 0.26427128232758623 0.3139008620689655 0.07073006465517243 0.10553160919540232
2 0.20070716594827584 0.2804777298850575 0.06480334051724138 0.10513649425287364
2 0.08838227370689655 0.4486530172413793 0.07363954741379311 0.0973060344827586
2 0.18076508620689655 0.7788972701149426 0.08418642241379311 0.12137212643678161
2 0.18195716594827588 0.8761135057471264 0.061597521551724155 0.07033045977011494
2 0.644147359913793 0.8761314655172414 0.1070447198275862 0.11648706896551721
2 0.6640625 0.484375 0.08125 0.1125
0 0.8689073206786031 0.6589292292956086 0.037373936229001 0.04133694370763337
0 0.33412580818965515 0.38254310344827586 0.040126616379310365 0.04633620689655172
0 0.10242387820512822 0.31056356837606836 0.045953525641025686 0.058360042735042764
0 0.44038927801724137 0.6639906609195402 0.02560614224137936 0.036602011494252906
1 0.7586274245689656 0.7060704022988505 0.04645743534482758 0.07636494252873559
1 0.9863597972972972 0.614695945945946 0.025717905405405438 0.04977477477477474
1 0.9858319256756758 0.6648789414414414 0.026773648648648597 0.061007882882882926
1 0.5293911637931035 0.16079382183908045 0.0828125 0.06145833333333333
1 0.4970167785698497 0.22410201149425285 0.062056186450044314 0.07945402298850572
1 0.23957981418918922 0.18154560810810813 0.051034628378378424 0.09017454954954957
1 0.016466864224137925 0.4645294540229885 0.03293372844827585 0.0727370689655172
1 0.07577451508620689 0.978430316091954 0.06248653017241379 0.03811063218390807
