0 0.1241686698717949 0.17809829059829063 0.04052483974358978 0.04797008547008543
0 0.1436698717948718 0.22409188034188035 0.043589743589743615 0.05235042735042737
1 0.7207832532051281 0.4352297008547009 0.07125400641025639 0.10283119658119659
1 0.6748798076923077 0.7758814102564102 0.046875 0.07857905982905997
1 0.5215344551282052 0.7450587606837609 0.053084935897435945 0.09214743589743589
1 0.606620592948718 0.09802350427350431 0.04717548076923084 0.07211538461538461
2 0.07993790064102564 0.31567841880341885 0.08090945512820519 0.08018162393162397
2 0.5588441506410258 0.6375534188034189 0.06860977564102563 0.06944444444444452
3 0.20377604166666669 0.10786591880341882 0.07161458333333334 0.08448183760683765
1 0.756620592948718 0.26228632478632485 0.05767227564102573 0.08012820512820513
1 0.9694611378205128 0.5587206196581197 0.05951522435897427 0.06952457264957275
