1 0.7545172275641026 0.5489583333333333 0.07221554487179489 0.05416666666666667
1 0.6350260416666667 0.5527777777777778 0.04453125000000009 0.055555555555555594
1 0.3669921875 0.417578125 0.06571180555555559 0.08498263888888893
1 0.3671248998397436 0.2816461894586894 0.053911258012820526 0.07328169515669518
1 0.030543035523504274 0.28589075854700857 0.06152677617521368 0.09435096153846155
1 0.033637152777777776 0.5338541666666666 0.06727430555555555 0.0824652777777778
1 0.16730951340326344 0.7711429195804196 0.0403809731934732 0.07955759518259514
1 0.49869791666666663 0.8088274572649572 0.07135416666666669 0.062900641025641
1 0.4806941105769231 0.3398904914529915 0.05413661858974361 0.07983440170940176
0 0.8039701672965762 0.15334176300578034 0.0213949255224545 0.03158718689788055
0 0.7758354407514452 0.31543834296724477 0.02798952312138727 0.03253853564547213
0 0.724824719551282 0.32211538461538464 0.04363982371794872 0.06597222222222227
0 0.9605516975308641 0.6626800411522633 0.02893518518518512 0.03729423868312753
0 0.89541015625 0.97978515625 0.034375 0.038346354166666666
0 0.8202307412790699 0.917890019379845 0.018937742248061974 0.0246850775193798
0 0.720703125 0.6533787393162395 0.02109375 0.030742521367521293
0 0.5700921474358974 0.746875 0.035857371794871716 0.046527777777777855
0 0.6463541666666667 0.8626736111111112 0.040625 0.048263888888888926
0 0.2881510416666667 0.779381555944056 0.05182291666666665 0.06345911033411025
0 0.23196280715811968 0.41797320156695156 0.042801816239316184 0.05525730056980057
0 0.35401475694444445 0.49833622685185186 0.049348958333333304 0.07248263888888892
0 0.17631850600600604 0.18811467717717717 0.027289789789789843 0.033868243243243217
0 0.20845298423423425 0.22386918168168168 0.016511824324324388 0.02335773273273271
0 0.4217898637820513 0.28096955128205126 0.020703125 0.0374198717948719
0 0.5402093349358974 0.22055288461538464 0.04428084935897436 0.054086538461538505
0 0.5694360977564102 0.16304754273504277 0.04291866987179489 0.060924145299145346
3 0.698046875 0.5109375 0.02421875 0.028125
1 0.7055939503205129 0.03336004273504276 0.05305488782051278 0.06255341880341884
1 0.6552634214743589 0.04568643162393164 0.035526842948717975 0.0726228632478633
0 0.5510416666666667 0.846875 0.020833333333333304 0.024305555555555476
1 0.5196614583333334 0.9258680555555555 0.038802083333333307 0.053819444444444406
1 0.1734375 0.3187210648148148 0.040494791666666675 0.045428240740740713
0 0.5315104166666667 0.6376736111111111 0.024479166666666698 0.030208333333333334
