1 0.7521133814102564 0.39399038461538466 0.046654647435897444 0.07313034188034191
1 0.3510917467948718 0.553084935897436 0.05875400641025639 0.05408653846153856
1 0.55078125 0.5625 0.06875 0.07083333333333333
1 0.52578125 0.5135416666666667 0.05 0.0625
2 0.2505909455128205 0.5942040598290599 0.062119391025641055 0.09492521367521363
0 0.12890625000000006 0.202857905982906 0.03305288461538458 0.041399572649572655
0 0.9859875801282051 0.615050747863248 0.02646233974358978 0.053018162393162406
1 0.35326522435897434 0.35431356837606837 0.06310096153846154 0.08571047008547013
1 0.20302483974358979 0.30512820512820515 0.06310096153846154 0.08525641025641034
0 0.06364182692307693 0.4257211538461539 0.04539262820512825 0.06842948717948728
