1 0.24318910256410256 0.3311298076923077 0.06891025641025643 0.07598824786324793
0 0.4342147435897436 0.36778846153846156 0.039423076923077005 0.045405982905982904
0 0.5256610576923076 0.6034588675213676 0.03882211538461542 0.04933226495726496
0 0.5029847756410257 0.7453659188034187 0.03409455128205137 0.048798076923077006
0 0.5267227564102563 0.7073985042735044 0.034695512820512864 0.0435363247863247
0 0.2147636217948718 0.43701923076923077 0.057652243589743614 0.06987179487179494
0 0.243359375 0.6742788461538463 0.04052483974358978 0.05475427350427348
0 0.055288461538461585 0.6989850427350428 0.03605769230769231 0.050747863247863144
0 0.013621794871794896 0.8962740384615384 0.027243589743589793 0.048798076923077006
3 0.1401943108974359 0.08326655982905985 0.0725761217948718 0.09361645299145303
3 0.5390625 0.9625 0.065625 0.07291666666666667
0 0.17071314102564106 0.4001068376068376 0.06658653846153842 0.059294871794871716
0 0.22525040064102564 0.26123130341880346 0.035436698717948675 0.03795405982905979
0 0.14812700320512823 0.7265758547008547 0.04068509615384617 0.04898504273504282
0 0.15325520833333334 0.6877804487179486 0.03844150641025643 0.03902243589743589
3 0.04226762820512824 0.26963141025641035 0.05608974358974358 0.06543803418803425
1 0.08666866987179489 0.04784989316239319 0.042728365384615365 0.046928418803418866
1 0.6612580128205129 0.7176415598290597 0.053125 0.046875
1 0.736328125 0.7947916666666667 0.04609375 0.04791666666666667
