1 0.12247596153846156 0.4384214743589744 0.06995192307692313 0.08309294871794878
2 0.860576923076923 0.7520032051282051 0.09415064102564105 0.11832264957264964
2 0.4265124198717949 0.8295405982905983 0.1389623397435898 0.17158119658119658
2 0.2110376602564103 0.7450587606837608 0.14322916666666666 0.20699786324786326
2 0.7048277243589745 0.13007478632478636 0.15524839743589744 0.125534188034188
2 0.4674479166666668 0.30949519230769235 0.07311698717948714 0.10857371794871801
0 0.6078125 0.7598958333333333 0.0375 0.065625
0 0.5859375 0.7833333333333333 0.0359375 0.052083333333333336
0 0.558984375 0.7552083333333334 0.03515625 0.05
1 0.6078125 0.5520833333333334 0.046875 0.06666666666666667
3 0.568729967948718 0.6423878205128205 0.031290064102564054 0.04439102564102555
3 0.015124198717948739 0.549599358974359 0.030248397435897478 0.04503205128205134
1 0.5158854166666667 0.26619925213675216 0.0723958333333334 0.08031517094017099
1 0.8370492788461539 0.6227964743589745 0.043088942307692335 0.07732371794871788
1 0.85703125 0.6447916666666667 0.071875 0.08958333333333333
0 0.09140625 0.4119791666666667 0.0375 0.034375
