2 0.6661658653846154 0.21611912393162397 0.08233173076923084 0.1240117521367521
2 0.9562299679487178 0.22355769230769235 0.08513621794871806 0.10950854700854705
2 0.8529747596153847 0.3955261752136752 0.12938701923076934 0.11813568376068381
2 0.7527544070512822 0.47576121794871795 0.09144631410256424 0.12860576923076922
2 0.821514423076923 0.264957264957265 0.09815705128205128 0.1575854700854701
2 0.6079827724358975 0.08050213675213677 0.09252804487179489 0.1151709401709402
2 0.3990284455128206 0.1823717948717949 0.06772836538461542 0.09839743589743592
2 0.49375 0.7420272435897436 0.1421875 0.20104166666666667
2 0.5787259615384615 0.5871527777777779 0.08693910256410264 0.08616452991452993
2 0.1848157051282051 0.6677083333333333 0.0859375 0.10833333333333334
2 0.05625 0.7203125 0.096875 0.14270833333333333
2 0.27079326923076924 0.5979700854700855 0.09983974358974361 0.14594017094017092
2 0.17502003205128208 0.46168536324786325 0.08120993589743586 0.13704594017094016
2 0.4292467948717949 0.6198584401709402 0.084375 0.103125
2 0.194140625 0.8088541666666667 0.09921875 0.13229166666666667
2 0.26136818910256415 0.8552083333333333 0.10867387820512824 0.12291666666666666
1 0.8745993589743591 0.04941239316239319 0.04607371794871806 0.057158119658119705
1 0.52734375 0.042708333333333334 0.0578125 0.058333333333333334
0 0.6361879006410256 0.8006143162393163 0.07017227564102572 0.09321581196581204
0 0.478125 0.19791666666666666 0.0375 0.0625
0 0.21015625 0.8953125 0.0328125 0.03854166666666667
0 0.570292467948718 0.8384615384615385 0.03441506410256405 0.05224358974358978
0 0.6579527243589743 0.34646100427350424 0.030649038461538502 0.042654914529914656
2 0.54765625 0.3828125 0.0765625 0.12604166666666666
2 0.3487580128205129 0.4102564102564103 0.07612179487179485 0.0913461538461539
2 0.2542668269230769 0.372142094017094 0.09146634615384612 0.09011752136752141
0 0.46448317307692316 0.018295940170940193 0.030969551282051366 0.036591880341880385
1 0.316796875 0.11197916666666667 0.09453125 0.07395833333333333
2 0.086328125 0.1921875 0.08984375 0.08229166666666667
2 0.47381810897435894 0.4049813034188034 0.08986378205128202 0.09121260683760687
1 0.6554186698717949 0.665985576923077 0.05390625 0.059375
