0 0.774609375 0.378125 0.02734375 0.0375
0 0.8577091942148762 0.6167984477643568 0.023915289256198412 0.02638933036660305
1 0.9079744257478634 0.6865651709401709 0.03391092414529897 0.05021367521367518
1 0.8950449645051919 0.7537195601116056 0.02796275694002972 0.0659079872148053
1 0.9016980888429753 0.8924457644628099 0.04952221074380159 0.07552513774104691
1 0.6736979166666666 0.725 0.025520833333333305 0.05
1 0.620703125 0.8067708333333333 0.025260416666666695 0.05034722222222214
1 0.65625 0.6098958333333333 0.0484375 0.034375
1 0.650390625 0.6413194444444446 0.07317708333333339 0.05902777777777774
1 0.3712184175531915 0.4587765957446808 0.04047539893617018 0.08421985815602835
1 0.09523769946808511 0.508344414893617 0.038912898936170205 0.04372783687943264
1 0.8723657852564102 0.044057158119658144 0.05254407051282062 0.06519764957264962
1 0.8461838942307693 0.45735398860398857 0.03679887820512828 0.03792735042735049
1 0.7666666666666666 0.8024305555555556 0.0458333333333333 0.06875
2 0.8886217948717949 0.25627670940170943 0.07411858974358979 0.057425213675213714
2 0.7709334935897436 0.15787927350427353 0.07512019230769225 0.06992521367521372
2 0.09517227564102566 0.22512019230769234 0.06846955128205132 0.06899038461538463
2 0.28177360372340426 0.4033466312056737 0.05989029255319149 0.09747340425531915
2 0.6632712339743589 0.4686298076923077 0.07810496794871798 0.08149038461538455
2 0.62265625 0.5026041666666666 0.0671875 0.084375
2 0.26938207515002727 0.28578775686488456 0.0696135092744135 0.11058260592835072
0 0.9824130178533588 0.8589020669986579 0.02409772992159347 0.03460633432224339
1 0.7851061698717949 0.34961716524216524 0.04677483974358978 0.045067663817663826
1 0.7372395833333334 0.7114583333333333 0.03281249999999991 0.05902777777777774
