0 0.45995592948717956 0.038782051282051304 0.046033653846153835 0.05972222222222227
0 0.8842125661928651 0.46372282608695653 0.05188736761426967 0.06440217391304343
0 0.8445112179487179 0.7624198717948718 0.04214743589743595 0.0547542735042736
0 0.48614130434782615 0.6265735321441842 0.036209239130434855 0.042142790784095156
0 0.31535456730769235 0.5758279914529915 0.03475560897435899 0.03798076923076934
0 0.2588141025641026 0.5940327712746192 0.04928755574136012 0.06193445745076183
0 0.4251019021739131 0.5126132246376811 0.032608695652173926 0.04361413043478256
0 0.40802001953125 0.33461100260416665 0.0311279296875 0.04513346354166667
0 0.1143629807692308 0.1595219017094017 0.038100961538461584 0.05862713675213677
0 0.1491677989130435 0.7907835144927536 0.049490489130434835 0.062454710144927476
0 0.3092726623467113 0.7882019927536231 0.02819380574136012 0.042708333333333216
0 0.47562099358974363 0.8979700854700855 0.032732371794871803 0.04540598290598297
0 0.024541440217391332 0.7534873188405797 0.04738451086956528 0.0691123188405797
0 0.06484375 0.9510416666666667 0.0390625 0.06666666666666667
0 0.6622896634615385 0.7633413461538462 0.030108173076922994 0.037900641025640995
0 0.8185096153846153 0.9258413461538463 0.024038461538461498 0.04575320512820511
1 0.9321915064102564 0.7256944444444445 0.04907852564102555 0.0694444444444444
1 0.9215044070512821 0.8904780982905983 0.05843349358974361 0.04970619658119659
1 0.6641025641025641 0.13336004273504276 0.07644230769230775 0.06821581196581199
1 0.36486378205128206 0.17430555555555557 0.07027243589743586 0.06111111111111113
0 0.74974365234375 0.24730631510416667 0.0263916015625 0.032568359374999974
1 0.7342552431716834 0.6099817679301375 0.06647592670011146 0.06853284095131922
2 0.4009615384615385 0.9698317307692308 0.101923076923077 0.05825320512820511
0 0.48096955128205127 0.9831864316239316 0.040064102564102644 0.031543803418803404
1 0.4151655692586399 0.6683197463768116 0.04140625 0.059375
0 0.6862780448717949 0.04560630341880342 0.0578125 0.08020833333333334
0 0.3536658653846154 0.08059561965811968 0.0739182692307692 0.0882745726495727
0 0.14566131897993315 0.35898597175771096 0.07858225334448163 0.09724544778892596
0 0.14972956730769232 0.9546073717948718 0.05550881410256414 0.06786858974358966
