0 0.5967568889443889 0.36683680902430904 0.03213557276057273 0.03607746420246419
0 0.8500200320512821 0.3932558760683761 0.02495993589743577 0.03223824786324781
0 0.753956941793893 0.6328602099236641 0.022262643129771043 0.036442430025445324
0 0.6647636217948719 0.8612446581196581 0.027043269230769253 0.036057692307692214
0 0.11979504870129869 0.5225649350649351 0.030296266233766224 0.04794372294372291
0 0.7514022435897436 0.4606036324786325 0.028044871794871806 0.03071581196581198
0 0.6266456117021276 0.11763076241134751 0.02496675531914887 0.03512854609929079
3 0.5384080762987014 0.32194194694194694 0.021621347402597378 0.031170218670218592
0 0.6926230905619203 0.23577127659574468 0.02266605291871242 0.03820921985815602
0 0.027954727564102562 0.02974859065284597 0.02221554487179488 0.029155300963811602
0 0.8386927480916032 0.7415212941214849 0.024546755725190827 0.03222458732954922
0 0.9335436698717949 0.031116452991453013 0.01572516025641022 0.021100427350427307
3 0.37820629285927254 0.4444428915722521 0.02283886776982702 0.030445612204333075
3 0.3860737645348837 0.48537660256410253 0.013789970930232575 0.018830128205128163
3 0.2745753670989863 0.2731610887497516 0.01298589370900416 0.016904566686543335
3 0.9564202724358974 0.19074519230769232 0.02065304487179489 0.02823183760683762
1 0.8683930002289377 0.5802426739926739 0.04167382097069598 0.06967338217338212
1 0.634789821016998 0.5423329011812158 0.05293638360702975 0.036588879285508406
1 0.7238581730769231 0.936030982905983 0.05308493589743586 0.04941239316239319
1 0.19350961538461542 0.8939636752136751 0.04206730769230767 0.056089743589743675
0 0.8444856451172938 0.3147134706310239 0.03310317785051833 0.046548236042916774
0 0.417962246087246 0.335232128982129 0.018377455877455783 0.026234876234876244
0 0.5750801282051283 0.7796875 0.027964743589743525 0.03854166666666667
3 0.6366356382978723 0.03108377659574468 0.01828457446808507 0.02870124113475177
