0 0.297265625 0.2989583333333333 0.05546875 0.07083333333333333
0 0.27300681089743595 0.41132478632478636 0.03531650641025643 0.051816239316239354
0 0.511328125 0.76875 0.04296875 0.06875
0 0.8920172275641025 0.4797542735042735 0.03828125 0.05416666666666667
1 0.3635016025641026 0.5340411324786325 0.04262820512820516 0.08683226495726497
1 0.24208733974358979 0.48552350427350427 0.06310096153846154 0.0850427350427351
1 0.387109375 0.28541666666666665 0.07109375 0.06875
1 0.39741586538461543 0.1875934829059829 0.06694711538461551 0.06658653846153847
1 0.3860476762820514 0.1043402777777778 0.06564503205128198 0.07940705128205122
1 0.655428685897436 0.2727430555555556 0.04571314102564106 0.06722756410256417
1 0.43626802884615384 0.6213541666666667 0.05134214743589753 0.06979166666666667
2 0.6854066506410257 0.1761485042735043 0.051862980769230835 0.052083333333333336
2 0.9557291666666667 0.859909188034188 0.07011217948717938 0.12152777777777786
2 0.5027243589743591 0.48322649572649573 0.08068910256410255 0.07628205128205133
2 0.021133814102564125 0.0840945512820513 0.04226762820512825 0.07860576923076928
1 0.9795873397435898 0.24634081196581198 0.04170673076923066 0.10133547008547016
1 0.33454527243589743 0.1549813034188034 0.06015625 0.10729166666666666
