2 0.8362580128205128 0.25510149572649576 0.10160256410256405 0.1051816239316239
2 0.6469416182170542 0.2759640230570463 0.07845203488372095 0.10214172132776783
2 0.51484375 0.2851744186046511 0.05921753875968996 0.12894056847545218
2 0.3273097420989863 0.17028827519379847 0.06727974060822897 0.1031734496124031
2 0.038671875 0.31614583333333335 0.07578125 0.109375
2 0.37916246639784945 0.3459061379928316 0.0598874327956989 0.11889560931899647
2 0.5840344551282051 0.4542200854700855 0.05829326923076925 0.11559829059829063
2 0.85546875 0.5756810897435898 0.08794070512820529 0.12641559829059829
2 0.962109375 0.619551282051282 0.07421875 0.1358974358974359
2 0.286318108974359 0.6601629273504274 0.11686698717948722 0.12037927350427348
2 0.39819711538461544 0.5389957264957265 0.0848557692307692 0.1196581196581197
2 0.36290064102564107 0.9117654914529915 0.10392628205128211 0.1006143162393163
2 0.4733173076923077 0.5812900641025641 0.06538461538461542 0.11450320512820505
2 0.12244591346153848 0.5581330128205129 0.10406650641025643 0.05467414529914526
2 0.06484375 0.7921875 0.065625 0.059375
2 0.11926172785547787 0.951486013986014 0.048408362470862464 0.08566433566433555
2 0.689453125 0.5432291666666667 0.06171875 0.078125
2 0.9750105574324325 0.7969977188727189 0.04841638513513509 0.12390996765996766
2 0.83203125 0.9239583333333333 0.06911057692307683 0.11875
1 0.42257845110316056 0.17443723911747172 0.03662604353011316 0.0774821109123434
1 0.4909669424567681 0.1765491452991453 0.0500428592725104 0.07532051282051283
1 0.8694210737179487 0.9118856837606837 0.040404647435897445 0.06789529914529915
1 0.721854967948718 0.7383814102564102 0.06109775641025639 0.05742521367521374
1 0.283583733974359 0.8560897435897435 0.05622996794871797 0.07115384615384611
1 0.6717516447368421 0.6474232456140352 0.04794407894736841 0.05932017543859646
1 0.7533854166666667 0.5194845085470086 0.06414262820512828 0.06519764957264963
1 0.25111468672456577 0.481884994485801 0.038765250206782384 0.08215295009649844
0 0.5737971451997615 0.22319525193798448 0.03457625223613583 0.04456556847545219
0 0.5390625000000001 0.031957799145299164 0.03605769230769233 0.049332264957265
0 0.21332131410256414 0.4653311965811966 0.029607371794871763 0.040170940170940146
0 0.38802729528535984 0.4668346774193548 0.0371174524400331 0.046796594982078804
0 0.46498914392059554 0.3720390706560968 0.044484077750206644 0.055429027146587845
0 0.02649238782051284 0.12437232905982908 0.029547275641025682 0.0366720085470085
0 0.01875 0.6515625 0.028125 0.03854166666666667
0 0.33725961538461535 0.8538327991452992 0.02700320512820511 0.03191773504273503
0 0.5480980094466936 0.7429922964462438 0.03209345479082311 0.03751968061178594
0 0.5596217105263157 0.7827850877192982 0.035361842105263094 0.03530701754385947
0 0.6146792763157893 0.796354869545659 0.022286184210526284 0.03229026090868186
0 0.6208881578947368 0.8340502699055331 0.023026315789473627 0.027074898785424985
0 0.5934194711538462 0.8574786324786324 0.036598557692307666 0.0392094017094017
0 0.6170641447368421 0.6935032894736842 0.03149671052631575 0.0461074561403508
0 0.6006610576923077 0.6333923751686911 0.02811867408906874 0.0380398110661267
0 0.8808745343901594 0.7355274745899746 0.030058363652113583 0.04696306883806886
0 0.91328125 0.6833333333333333 0.03125 0.0375
0 0.7754707532051283 0.9511752136752137 0.032111378205128105 0.04583333333333333
0 0.902734375 0.662598536036036 0.02421875 0.03521959459459462
0 0.700390625 0.47239583333333335 0.04453125 0.040625
0 0.7662789676966292 0.18808520599250936 0.0315045646067416 0.04283707865168539
1 0.7171875 0.4375 0.053125 0.05
0 0.5578725961538462 0.9508146367521367 0.028485576923077006 0.03854166666666667
0 0.27595880681818186 0.9165246212121211 0.02904829545454546 0.043844696969697
0 0.12890625 0.8385416666666666 0.03125 0.04375
1 0.14539262820512822 0.3518563034188034 0.05016025641025643 0.0932959401709402
2 0.021875 0.5234375 0.04375 0.08229166666666667
3 0.7216346153846154 0.8604433760683762 0.028605769230769164 0.029113247863247812
0 0.3605216733870968 0.4087869623655914 0.03051915322580645 0.044657258064516134
