3 0.21750085851648354 0.6770318223443224 0.04193280677655675 0.0576427045177045
3 0.21767113095238094 0.733573717948718 0.03489583333333335 0.04475732600732592
3 0.17443743322649574 0.8396167200854701 0.054170005341880434 0.07597489316239318
3 0.13191105769230774 0.6649572649572649 0.07111378205128206 0.08408119658119659
3 0.0693108974358975 0.670272435897436 0.028044871794871785 0.03872863247863248
3 0.059855769230769254 0.9495325854700855 0.050961538461538516 0.06781517094017092
3 0.1829927884615385 0.9627403846153847 0.025040064102564052 0.03605769230769233
3 0.3267227564102565 0.9377804487179486 0.10817307692307691 0.12235576923076923
3 0.38828125 0.978125 0.0359375 0.041666666666666664
3 0.3638888888888889 0.7627166429249763 0.043055555555555534 0.0640728869895535
3 0.4625 0.7473958333333334 0.0484375 0.065625
3 0.452662037037037 0.8059220679012346 0.049537037037037025 0.06716820987654314
3 0.568287037037037 0.7711612654320987 0.10300925925925926 0.1320601851851851
3 0.6777054398148148 0.7531457739791072 0.08093171296296298 0.11099240265906912
3 0.7360821759259258 0.8880015432098766 0.041724537037037025 0.05424382716049377
3 0.6896133814102564 0.9745058760683761 0.08952323717948732 0.04890491452991448
3 0.8675580929487179 0.963969017094017 0.06215945512820529 0.07323717948717944
3 0.5276241987179487 0.606116452991453 0.09899839743589753 0.12943376068376058
3 0.4705929487179487 0.5491319444444446 0.09943910256410246 0.13298611111111108
3 0.6088641826923077 0.5527510683760684 0.028665865384615418 0.03872863247863248
3 0.6642628205128206 0.5841346153846153 0.030048076923076917 0.0427350427350427
3 0.7495022504757612 0.32734875801282054 0.018878799829727556 0.02710586939102561
3 0.8124332264957266 0.3018904320987655 0.07509793447293482 0.09452160493827165
3 0.7506221064814815 0.38555021367521375 0.046209490740740655 0.06531932573599229
3 0.10997091697080293 0.32404957420924574 0.05583371350364967 0.0742244525547445
3 0.17261904761904762 0.5275049603174603 0.029761904761904767 0.03625992063492056
3 0.9176682692307694 0.5641025641025641 0.08413461538461534 0.09882478632478632
3 0.9296875 0.8572916666666667 0.0609375 0.08541666666666667
3 0.8251007080078125 0.5300211588541667 0.036138916015625 0.04620768229166667
3 0.8821113782051283 0.12940705128205135 0.04507211538461533 0.06810897435897435
3 0.4350992244525547 0.368088503649635 0.061370894160583944 0.08651155717761559
3 0.3222202238910724 0.3149067705408946 0.039638019371139824 0.05449302826127636
3 0.133203125 0.7885416666666667 0.03984375 0.052083333333333336
3 0.3109688640510949 0.07289005474452553 0.05757869525547443 0.0823220802919708
3 0.6536834716796875 0.19827473958333333 0.068304443359375 0.09238281249999997
1 0.5690905448717949 0.279553952991453 0.06806891025641022 0.10130876068376064
1 0.620096451196915 0.15271809895833333 0.0799364921374198 0.08831380208333335
0 0.35605858262108264 0.8364939458689459 0.0263087606837606 0.038431861348527954
0 0.8790509259259259 0.03192515432098765 0.03587962962962958 0.05034722222222222
0 0.6737521440554888 0.4454598190438034 0.019622176732772445 0.025258747329059854
0 0.35015111770072993 0.40452022506082724 0.0316776916058394 0.04406173965936736
3 0.07350673486337264 0.14770620827874476 0.023835070419240146 0.03001337419676835
3 0.07821514423076925 0.3296474358974359 0.06388221153846149 0.08429487179487184
3 0.2270647321428571 0.5501240079365081 0.033221726190476183 0.04756944444444441
3 0.5902166122045273 0.4542914496527778 0.03532605293469544 0.04177517361111107
3 0.8378038194444443 0.6248456790123456 0.03388310185185173 0.04506172839506171
3 0.8602297008547009 0.3608929843304843 0.023753561253561272 0.02975724121557454
3 0.78828125 0.5578125 0.0203125 0.030208333333333334
3 0.7853565705128205 0.5743856837606837 0.06991185897435895 0.08627136752136752
3 0.8947315705128205 0.8614049145299146 0.05428685897435894 0.08114316239316241
0 0.821484375 0.7015625 0.02734375 0.036458333333333336
