1 0.17933407738095236 0.2949156746031746 0.04914434523809526 0.058085317460317455
1 0.10825892857142856 0.06547619047619047 0.0587797619047619 0.0496031746031746
1 0.33549107142857143 0.16614583333333333 0.04776785714285712 0.08229166666666667
1 0.4079985119047619 0.2619047619047619 0.041145833333333395 0.08134920634920635
1 0.9017485119047617 0.12487408424908425 0.050669642857142885 0.059271978021978
1 0.037760416666666664 0.5679315476190477 0.05245535714285714 0.05262896825396825
1 0.7646949404761905 0.940749007936508 0.04501488095238093 0.06691468253968248
2 0.7478794642857143 0.5900049603174603 0.046354166666666696 0.06800595238095243
2 0.8115556318681317 0.6103670634920634 0.0792696886446885 0.06696428571428564
2 0.8304286858974358 0.3762057387057387 0.04776213369963376 0.0789377289377289
1 0.08733258928571427 0.498859126984127 0.047061011904761904 0.051884920634920624
1 0.14914434523809522 0.37916666666666665 0.04694940476190475 0.07103174603174599
1 0.5051367902930404 0.20982142857142855 0.03734546703296697 0.058531746031746046
1 0.7454613095238095 0.7080471611721612 0.02842261904761898 0.04620726495726497
2 0.7414434523809523 0.7837053571428572 0.060267857142857116 0.055505952380952434
0 0.7898065476190476 0.17991071428571428 0.027529761904761862 0.037003968253968275
0 0.9204055059523808 0.2851686507936508 0.019308035714285764 0.02688492063492056
0 0.7661801739926739 0.32834630647130647 0.03311584249084252 0.04172008547008546
0 0.9125 0.3859375 0.0375 0.051041666666666666
0 0.8955729166666668 0.4100446428571428 0.014360119047619158 0.020486111111111132
0 0.914504635989011 0.4365079365079365 0.03110977564102555 0.04761904761904763
0 0.9352106227106226 0.5087568681318682 0.03708791208791222 0.043307387057387105
0 0.9584935897435898 0.5500629578754579 0.035393772893772636 0.044715354090354015
0 0.89375 0.020833333333333332 0.01875 0.0375
0 0.8778645833333332 0.017881944444444443 0.017633928571428648 0.033680555555555554
0 0.6185782967032967 0.11800022893772893 0.017307692307692246 0.023920177045177037
0 0.5646563072344322 0.39061546092796096 0.0165207188644688 0.02234050671550669
0 0.5061741643772895 0.48104586385836384 0.029318337912087867 0.04386065323565316
0 0.29055059523809523 0.6274801587301586 0.027529761904761908 0.03472222222222226
0 0.4187457074175825 0.7332284035409036 0.0285800137362636 0.03155906593406594
0 0.23278674450549453 0.5237065018315018 0.025497939560439508 0.03592032967032968
0 0.10809151785714284 0.3957837301587302 0.032328869047619044 0.04176587301587299
0 0.012109375 0.165625 0.02421875 0.04583333333333333
0 0.4355096726190476 0.5899782509157508 0.03374255952380949 0.04821810134310134
0 0.6927798763736264 0.659035409035409 0.04152358058608048 0.05097680097680086
0 0.5045386904761905 0.8062996031746031 0.02812499999999991 0.03819444444444429
0 0.42877031822344314 0.8217242826617828 0.0308522206959708 0.04305937118437117
0 0.2294084821428571 0.8937996031746032 0.024813988095238094 0.03184523809523796
0 0.1551768543956044 0.9327113858363859 0.018515338827838755 0.025450244200244162
0 0.09122023809523809 0.7709821428571428 0.013988095238095234 0.021527777777777857
0 0.6775812728937728 0.5107028388278388 0.024301739926739875 0.03414987789987786
0 0.47849702380952375 0.343328373015873 0.03705357142857144 0.04945436507936503
0 0.282011217948718 0.4222947191697191 0.035679945054945025 0.044299450549450545
0 0.3314875228937729 0.5078830891330892 0.027501144688644664 0.0358211233211233
0 0.14105425824175827 0.5410752442002441 0.012763278388278398 0.01667429792429799
0 0.6862909226190477 0.9266617063492063 0.030691964285714322 0.037549603174603166
0 0.8893973214285715 0.920064484126984 0.035193452380952374 0.04677579365079367
0 0.45094866071428574 0.08293650793650793 0.014769345238095167 0.018650793650793657
3 0.7329613095238094 0.8205605158730158 0.04032738095238102 0.04737103174603175
3 0.9712368360805861 0.816613247863248 0.03919986263736277 0.05584554334554343
3 0.29886389652014655 0.10783730158730158 0.03969207875457879 0.05099206349206349
3 0.34263392857142855 0.2331349206349206 0.024553571428571442 0.03373015873015873
1 0.32788175366300365 0.8789072039072039 0.033739697802197856 0.041788766788766786
1 0.12466517857142856 0.2860863095238095 0.03504464285714286 0.042410714285714295
0 0.139453125 0.31145833333333334 0.03984375 0.052083333333333336
0 0.25181719322344326 0.3647607600732601 0.04249656593406592 0.062145146520146535
1 0.21588541666666666 0.2967700702075702 0.03995535714285712 0.06717414529914531
1 0.24254092261904764 0.02628968253968254 0.04460565476190479 0.05257936507936508
2 0.8816964285714285 0.32775297619047616 0.04613095238095237 0.06820436507936514
0 0.6854982257326008 0.1808264652014652 0.04567021520146515 0.05302960927960928
0 0.678125 0.06866224053724056 0.01875 0.02140567765567761
0 0.8256138392857142 0.06711309523809522 0.01543898809523796 0.0185515873015873
0 0.8011532738095237 0.7312748015873016 0.015252976190476098 0.019593253968254013
2 0.8366815476190477 0.8437748015873016 0.05282738095238102 0.06453373015873017
2 0.8400297619047619 0.9102678571428572 0.055059523809523725 0.10803571428571423
1 0.48835565476190473 0.9761656746031746 0.04516369047619051 0.045585317460317513
0 0.49367559523809523 0.8693700396825397 0.04241071428571432 0.03834325396825401
0 0.4948102678571429 0.8997767857142857 0.03716517857142856 0.045684523809523724
0 0.9753348214285715 0.8715773809523809 0.019568452380952374 0.022718253968254012
0 0.9433035714285716 0.8582837301587302 0.03839285714285712 0.04593253968253966
0 0.030487351190476193 0.6419146825396825 0.031212797619047616 0.05367063492063492
0 0.017857142857142856 0.7011656746031746 0.037202380952380945 0.05004960317460316
0 0.37464657738095236 0.11431051587301587 0.021540178571428557 0.03129960317460316
