2 0.4993189102564103 0.3824519230769231 0.09551282051282062 0.11223290598290601
2 0.569921875 0.2890625 0.08359375 0.128125
2 0.42697315705128214 0.5916666666666667 0.09397035256410265 0.11047008547008552
0 0.36321113782051284 0.2711805555555556 0.05923477564102568 0.07569444444444452
0 0.6697415865384616 0.6899305555555555 0.06316105769230766 0.06618589743589745
1 0.4168669871794872 0.3775106837606838 0.060096153846153876 0.06068376068376077
1 0.6037560096153847 0.5337606837606839 0.08094951923076925 0.14497863247863244
0 0.6716846955128205 0.590357905982906 0.07129407051282062 0.08637820512820511
2 0.944140625 0.12447916666666667 0.11015625 0.08645833333333333
3 0.915625 0.15885416666666666 0.0453125 0.065625
1 0.587109375 0.1515625 0.07265625 0.10104166666666667
1 0.635546875 0.3140625 0.06796875 0.09479166666666666
