0 0.8961338141025642 0.3911591880341881 0.047075320512820616 0.06543803418803419
0 0.850390625 0.209375 0.03671875 0.05416666666666667
0 0.740625 0.7916666666666666 0.0515625 0.07083333333333333
0 0.3747996794871795 0.6868723290598291 0.05809294871794881 0.0776442307692309
0 0.057421875 0.32708333333333334 0.04609375 0.06875
1 0.46317107371794874 0.9347355769230768 0.06764823717948723 0.12694978632478626
1 0.618359375 0.15885416666666666 0.07265625 0.11770833333333333
1 0.403515625 0.3927083333333333 0.05546875 0.11875
1 0.3137019230769231 0.44383012820512824 0.07411858974358969 0.09898504273504276
2 0.6930789262820513 0.15240384615384617 0.07858573717948714 0.1289529914529915
1 0.8801081730769231 0.5026709401709402 0.07712339743589744 0.09882478632478625
2 0.9061498397435898 0.6742788461538463 0.04707532051282044 0.07879273504273504
0 0.6998597756410257 0.018963675213675237 0.047155448717948634 0.03792735042735047
0 0.733203125 0.8380208333333333 0.03984375 0.042708333333333334
0 0.7390625 0.8807291666666667 0.034375 0.046875
0 0.9561798878205128 0.7972355769230769 0.03295272435897427 0.05761217948717944
0 0.67265625 0.5802083333333333 0.03125 0.04375
1 0.5818609775641026 0.9573584401709402 0.07109375 0.08645833333333333
0 0.238671875 0.23020833333333332 0.03984375 0.04583333333333333
0 0.21011618589743591 0.2670806623931624 0.06726762820512819 0.09457799145299148
0 0.250390625 0.6411458333333333 0.05234375 0.059375
