1 0.247265625 0.09375 0.05234375 0.04375
1 0.50234375 0.1296875 0.0359375 0.042708333333333334
1 0.4828125 0.15833333333333333 0.0328125 0.06458333333333334
1 0.4375 0.17074938949938948 0.07291666666666678 0.0573107448107448
0 0.477734375 0.1453125 0.01640625 0.021875
0 0.35900297619047616 0.14580853174603176 0.027529761904761953 0.03566468253968256
0 0.3743489583333333 0.17395833333333333 0.01320684523809521 0.021130952380952372
0 0.346875 0.09662698412698413 0.017559523809523813 0.02698412698412698
0 0.3585751488095238 0.0183531746031746 0.028162202380952416 0.0367063492063492
0 0.17966746794871796 0.20714476495726497 0.03169070512820511 0.04885149572649577
0 0.3135745764652015 0.24558150183150182 0.03058894230769229 0.044551282051282025
0 0.6436383928571429 0.13670634920634922 0.026711309523809578 0.04325396825396826
0 0.8872395833333332 0.2779017857142857 0.026116071428571353 0.03348214285714282
0 0.8650111607142857 0.29536210317460315 0.01871279761904763 0.024355158730158758
0 0.7647321428571429 0.4134176587301587 0.03452380952380958 0.05014880952380949
0 0.928515625 0.13700396825396824 0.01796875 0.025992063492063504
0 0.8057291666666668 0.11398809523809522 0.018005952380952372 0.022023809523809536
0 0.5703869047619048 0.06644345238095238 0.03482142857142847 0.04370039682539682
0 0.3139322916666666 0.43298611111111107 0.03582589285714284 0.0465277777777778
0 0.2453311011904762 0.5766121031746032 0.03165922619047619 0.04122023809523796
0 0.13820684523809523 0.44627976190476193 0.042038690476190466 0.05327380952380955
0 0.18173363095238096 0.4739583333333333 0.027157738095238092 0.03125
0 0.09596354166666667 0.6436755952380951 0.037239583333333326 0.04399801587301593
0 0.051171875 0.6348958333333333 0.04296875 0.05520833333333333
0 0.3501488095238095 0.610639880952381 0.037797619047619024 0.05252976190476192
0 0.4086094894688645 0.775761217948718 0.039923878205128105 0.05562042124542129
0 0.320703125 0.8005208333333333 0.02890625 0.03229166666666667
0 0.35078125 0.8307291666666666 0.0421875 0.059375
0 0.318359375 0.834375 0.03515625 0.04375
0 0.22217261904761906 0.9223710317460317 0.030654761904761907 0.05109126984126983
0 0.08638392857142856 0.9687996031746031 0.035565476190476175 0.05843253968253966
0 0.074609375 0.9145833333333333 0.04765625 0.04583333333333333
0 0.6955357142857143 0.9309027777777777 0.021130952380952285 0.033035714285714356
0 0.4936011904761905 0.8845982142857144 0.037797619047619066 0.04627976190476192
0 0.7762090773809524 0.7563492063492063 0.03686755952380949 0.05476190476190475
0 0.659375 0.6817708333333333 0.0390625 0.06145833333333333
0 0.9667596726190476 0.629439484126984 0.03374255952380949 0.046676587301587344
0 0.9234561011904763 0.6503472222222222 0.02213541666666661 0.032638888888888926
0 0.98671875 0.48333333333333334 0.025 0.06458333333333334
0 0.44580328525641033 0.3426682692307692 0.04228766025641022 0.055582264957265023
0 0.8535714285714284 0.23645833333333333 0.03541666666666661 0.05625
0 0.8828125 0.128125 0.0359375 0.058333333333333334
0 0.9062313988095237 0.15706845238095238 0.026822916666666606 0.037053571428571415
0 0.7544456845238094 0.580109126984127 0.04021577380952381 0.052083333333333454
2 0.198828125 0.0359375 0.06796875 0.071875
2 0.04942908653846156 0.4031917735042735 0.053786057692307744 0.09479166666666673
2 0.24659455128205127 0.35977564102564114 0.06209935897435899 0.05608974358974361
2 0.48251488095238093 0.8217204670329669 0.06324404761904763 0.0958218864468865
2 0.5933407738095238 0.6339285714285715 0.09144345238095238 0.07936507936507944
2 0.7703683035714286 0.6553075396825396 0.07533482142857136 0.06855158730158735
2 0.9137648809523811 0.7336061507936509 0.07127976190476186 0.09429563492063492
1 0.084765625 0.23831463675213674 0.04609375 0.06770833333333333
1 0.374589342948718 0.38930288461538465 0.044491185897435906 0.0825053418803419
1 0.11181175595238094 0.5119791666666667 0.044233630952380955 0.05739087301587299
1 0.14892113095238096 0.6575644841269841 0.03846726190476191 0.07177579365079367
1 0.3141927083333333 0.6428323412698412 0.0472098214285714 0.07743055555555547
1 0.35 0.5067708333333333 0.0375 0.06145833333333333
1 0.3012648809523809 0.8965525793650794 0.04479166666666665 0.09578373015873005
1 0.2551339285714286 0.930704365079365 0.04776785714285712 0.0552579365079365
1 0.5255208333333334 0.9293402777777777 0.05401785714285721 0.07296626984126983
1 0.6484002976190476 0.6081349206349207 0.049925595238095165 0.07936507936507944
1 0.704389880952381 0.4680059523809524 0.04508928571428576 0.07192460317460317
1 0.8867745535714284 0.543328373015873 0.06573660714285712 0.06810515873015864
1 0.8688058035714284 0.6170386904761905 0.04118303571428559 0.04955357142857141
1 0.8878534226190478 0.6791914682539683 0.0480282738095239 0.06473214285714282
1 0.7158110119047618 0.689236111111111 0.040252976190476186 0.05902777777777786
2 0.44365699404761905 0.034895833333333334 0.05316220238095237 0.0710813492063492
2 0.1989955357142857 0.5045386904761905 0.0573660714285714 0.044494047619047565
1 0.23785342261904763 0.4570684523809524 0.08976934523809521 0.06205357142857141
1 0.06966002747252746 0.859693605006105 0.039617673992673984 0.050736416361416306
1 0.06759672619047619 0.7173115079365079 0.050818452380952374 0.05545634920634915
1 0.3794642857142857 0.9497157356532356 0.0535714285714286 0.06088598901098905
1 0.5621995192307693 0.855971459096459 0.03780334249084234 0.04599358974358978
2 0.6546875 0.0375 0.05625 0.075
1 0.9092261904761905 0.02380952380952381 0.061011904761904746 0.04761904761904762
1 0.7797805059523809 0.06448412698412699 0.035751488095238135 0.037698412698412696
1 0.6876674107142857 0.1760168650793651 0.04579613095238093 0.0626488095238095
1 0.6615127060439561 0.8602392399267399 0.04155792124542117 0.05928342490842482
3 0.9062313988095237 0.7993055555555555 0.025334821428571352 0.03630952380952372
3 0.7260602678571428 0.7695188492063492 0.0419270833333333 0.052232142857142706
3 0.21626602564102565 0.14242788461538464 0.04663461538461542 0.06343482905982907
1 0.6069196428571428 0.1505456349206349 0.036160714285714324 0.06001984126984127
3 0.5476004464285713 0.3373759920634921 0.02831101190476195 0.035565476190476154
0 0.11826636904761904 0.780898962148962 0.019419642857142837 0.027487789987789904
0 0.848046875 0.159375 0.01640625 0.025
0 0.60546875 0.7328125 0.0328125 0.03854166666666667
0 0.5732328869047618 0.9771577380952381 0.02168898809523805 0.031795634920634794
1 0.43671875 0.9763640873015873 0.0265625 0.042708333333333334
1 0.25141369047619044 0.6856894841269842 0.05044642857142856 0.06711309523809525
0 0.4356684981684982 0.5179811507936507 0.012591575091575002 0.017609126984126946
0 0.18125 0.1265625 0.0265625 0.036458333333333336
0 0.8354910714285714 0.7094494047619048 0.016517857142857296 0.02157738095238102
0 0.23074776785714285 0.978125 0.04296875 0.04156746031746034
2 0.76796875 0.1421875 0.0578125 0.090625
