0 0.6693597955486542 0.2876749382863514 0.03695975672877845 0.04949915724372254
0 0.3924293154761904 0.5773046398046399 0.036569940476190464 0.04777167277167263
0 0.1060997596153846 0.6330128205128206 0.04020432692307692 0.04967948717948711
0 0.731640625 0.8833333333333333 0.04296875 0.05
1 0.39921016483516486 0.08715277777777777 0.05734890109890114 0.06180555555555555
1 0.21053685897435903 0.3368456196581197 0.08213141025641027 0.09660790598290601
1 0.0314019097222222 0.4574363425925926 0.040928819444444396 0.06487268518518512
1 0.7179315476190476 0.1204861111111111 0.057886904761904834 0.07847222222222221
1 0.6235119047619048 0.9256200396825397 0.06547619047619051 0.06750992063492069
1 0.2907924107142857 0.7678819444444446 0.0612723214285714 0.06939484126984125
2 0.5230797847985349 0.22460317460317464 0.08553685897435895 0.09871794871794876
0 0.27866300366300367 0.7123511904761906 0.029052197802197855 0.0377976190476191
1 0.5984375 0.9786458333333333 0.05 0.040625
