0 0.21237980769230766 0.8234642094017095 0.03237179487179494 0.04484508547008552
3 0.6026642628205129 0.5834668803418804 0.08313301282051277 0.11618589743589738
3 0.20115184294871796 0.19708867521367524 0.07886618589743591 0.09834401709401712
3 0.1366786858974359 0.783440170940171 0.0796073717948718 0.09145299145299136
3 0.5931690705128205 0.18675213675213673 0.07808493589743595 0.09764957264957272
3 0.029377003205128226 0.6224759615384615 0.03980368589743595 0.0568643162393163
3 0.7806590544871794 0.8175080128205129 0.031630608974358945 0.04206730769230767
0 0.6743189102564103 0.1462873931623932 0.05 0.06639957264957269
0 0.7447516025641026 0.6383814102564104 0.0578125 0.09166666666666666
0 0.15 0.16145833333333334 0.0609375 0.075
