1 0.5507186498397436 0.3772953392094017 0.031375200320512775 0.05530515491452987
1 0.642249177631579 0.15644188596491226 0.02882401315789469 0.08952850877192979
1 0.39337993421052625 0.5827850877192982 0.026562499999999913 0.069078947368421
1 0.5592590249662618 0.6170504385964911 0.02950826585695001 0.056469298245614044
1 0.35668174342105263 0.5938048245614034 0.03490953947368425 0.05603070175438596
1 0.45413240131578947 0.8231359649122807 0.030057565789473627 0.06535087719298242
1 0.6581620065789473 0.649671052631579 0.03976151315789469 0.05482456140350879
1 0.8947162828947368 0.5910087719298244 0.019777960526315752 0.04605263157894737
1 0.15635920698924732 0.3305891577060932 0.046740591397849494 0.06664426523297493
1 0.2470947265625 0.3844401041666667 0.02265625 0.04895833333333333
1 0.10674453116922564 0.21498463401657705 0.04180327637122622 0.06263825884856633
1 0.5274481275303644 0.7226298920377868 0.06434716599190278 0.07667004048582982
2 0.8033511513157894 0.3406432748538012 0.06435032894736832 0.06323099415204668
2 0.8000801282051281 0.1000548245614035 0.08405026990553299 0.08826754385964912
2 0.5206019104251013 0.8653803981106613 0.04843433704453428 0.07954622132253704
2 0.9798725328947369 0.5608278508771929 0.03869243421052637 0.09873903508771929
0 0.6441611842105263 0.6916392543859649 0.024177631578947256 0.02680921052631575
0 0.5575863486842104 0.6672971491228071 0.01969572368421053 0.027247807017543715
0 0.9518914473684209 0.14317434210526317 0.02631578947368407 0.03601973684210525
