0 0.930438701923077 0.1778044871794872 0.034555288461538505 0.043429487179487226
0 0.9147235576923076 0.6705528846153846 0.036177884615384494 0.05152243589743589
1 0.8505608974358975 0.27897970085470086 0.05208333333333339 0.0707799145299146
1 0.48046875 0.2494123931623932 0.05308493589743586 0.06848290598290609
1 0.11584535256410258 0.3864850427350428 0.06919070512820516 0.09615384615384617
1 0.08671875 0.4317708333333333 0.0421875 0.10104166666666667
1 0.4083533653846154 0.17080662393162396 0.05508814102564101 0.09748931623931623
1 0.34475160256410253 0.9512686965811966 0.06810897435897431 0.07454594017094014
1 0.25944511217948724 0.5903712606837607 0.0704527243589744 0.07032585470085474
1 0.9729667467948719 0.6906650641025641 0.05250400641025639 0.07540064102564112
