0 0.215234375 0.5317708333333333 0.01796875 0.023958333333333335
0 0.03157051282051284 0.5569711538461539 0.019391025641025683 0.022275641025641117
0 0.4984375 0.16145833333333334 0.01875 0.025
0 0.689453125 0.3416666666666667 0.02265625 0.027083333333333334
0 0.751953125 0.5286458333333334 0.01796875 0.03229166666666667
0 0.54609375 0.9864583333333333 0.0265625 0.025
0 0.821875 0.8692708333333333 0.0234375 0.034375
0 0.69140625 0.6291666666666667 0.028125 0.035416666666666666
0 0.40775240384615385 0.444244123931624 0.03425480769230775 0.04473824786324793
0 0.5588741987179487 0.4557558760683761 0.036498397435897535 0.051095085470085524
0 0.29765625 0.14166666666666666 0.0390625 0.05625
0 0.86640625 0.2635416666666667 0.0453125 0.05416666666666667
0 0.95078125 0.013541666666666667 0.0375 0.027083333333333334
1 0.241015625 0.1765625 0.04921875 0.053125
1 0.31875 0.1859375 0.0421875 0.03854166666666667
1 0.040234375 0.203125 0.03984375 0.0625
1 0.56953125 0.828125 0.0734375 0.05416666666666667
1 0.3985877403846154 0.9567307692307693 0.07061298076923084 0.08012820512820511
1 0.8060797275641025 0.6328125 0.06640625 0.06979166666666667
2 0.8237079326923077 0.8029647435897437 0.06328125 0.08125
2 0.660546875 0.6697916666666667 0.06171875 0.07083333333333333
2 0.6109875801282051 0.7896233974358975 0.09853766025641031 0.11450320512820511
2 0.630859375 0.8963541666666667 0.07265625 0.096875
2 0.34815705128205127 0.35777243589743596 0.0713141025641026 0.07612179487179489
2 0.16145833333333337 0.5808627136752136 0.06810897435897431 0.06797542735042737
2 0.47855568910256413 0.2874065170940171 0.06492387820512828 0.06893696581196579
2 0.585546875 0.0859375 0.08203125 0.06979166666666667
2 0.951953125 0.3463541666666667 0.07265625 0.09270833333333334
3 0.973828125 0.6322916666666667 0.05078125 0.07083333333333333
3 0.96875 0.225 0.0375 0.03958333333333333
0 0.733984375 0.69375 0.03515625 0.052083333333333336
1 0.07265625 0.023958333333333335 0.0484375 0.04791666666666667
2 0.07634214743589747 0.23946314102564106 0.062059294871794936 0.06434294871794878
0 0.404296875 0.8323717948717949 0.03916266025641031 0.056410256410256446
1 0.5578125 0.5505208333333333 0.040625 0.078125
1 0.7234375 0.23229166666666667 0.0546875 0.0625
