0 0.20687634698275864 0.0129310344827586 0.029997306034482762 0.0258620689655172
0 0.11691136853448278 0.005890804597701129 0.02331627155172413 0.01329022988505743
0 0.38863146551724137 0.042708333333333334 0.026562499999999867 0.03125
0 0.4265252062875068 0.1961436170212766 0.02339019026186584 0.029550827423167874
0 0.36771664450354613 0.281035756501182 0.021326462765957465 0.030422576832151313
0 0.07039341449620935 0.2358525413711584 0.03308285185864514 0.041740543735224615
0 0.09164201974810467 0.32523627924512927 0.012748761922230368 0.01811491195891417
0 0.050514623838346775 0.37908693038232655 0.02241933388359011 0.027139378006032486
0 0.44127828663793106 0.41916307471264364 0.0197871767241379 0.028771551724137902
0 0.44743399784482757 0.5416846264367815 0.02229256465517242 0.029777298850574733
0 0.569209884751773 0.5181589834515367 0.018184840425531944 0.023817966903073303
0 0.459765625 0.3145833333333333 0.04453125 0.06041666666666667
0 0.6585521941489362 0.1783651004728132 0.018666888297872396 0.022997931442080392
0 0.6269448138297873 0.188423463356974 0.028690159574468056 0.03834219858156027
0 0.6992852393617022 0.08479240543735225 0.036934840425531947 0.046875
0 0.7053717863475177 0.01773049645390071 0.02697805851063837 0.03546099290780142
0 0.872190824468085 0.32587544326241136 0.028003102836879457 0.03709367612293146
0 0.8442652073104199 0.42732701400254586 0.021527209492635 0.02781642116748504
0 0.7208533653846154 0.47825854700854703 0.0390625 0.06485042735042737
0 0.8367048980496452 0.6633200354609929 0.032895611702127604 0.05373817966903071
0 0.907776484929078 0.7924460697399527 0.02498337765957448 0.036709515366430405
0 0.7503158244680851 0.981711731678487 0.03243572695035457 0.03375443262411342
0 0.5339428191489362 0.908100620567376 0.031848404255319186 0.03811317966903071
0 0.34895608836206893 0.6726652298850574 0.03740571120689658 0.04978448275862076
0 0.4442281788793103 0.6279454022988505 0.02248114224137927 0.035057471264367854
0 0.25007812499999993 0.45479166666666665 0.03046875 0.0375
0 0.11781914893617021 0.4586995343197196 0.026861702127659592 0.03413757438656564
0 0.036374578636162704 0.6713182471264367 0.03756873065870905 0.045294540229885175
0 0.15028716526045488 0.6932624113475179 0.026220882245047684 0.03014184397163113
0 0.1654296875 0.9714080459770115 0.01518049568965516 0.02162356321839075
0 0.4015098625886525 0.9668809101654846 0.023542774822695022 0.032904846335697374
0 0.3945811170212766 0.8952201536643026 0.018550531914893576 0.025458037825059184
0 0.4805186170212766 0.7412123226950355 0.0359375 0.051041666666666666
0 0.5054742907801419 0.7198212174940899 0.03282358156028371 0.04380910165484633
0 0.3615968528368795 0.22319370567375887 0.011402925531914887 0.01682180851063831
1 0.8532247340425533 0.2867279846335697 0.04598847517730498 0.05779403073286051
1 0.9235176282051281 0.352991452991453 0.04839743589743595 0.048290598290598355
1 0.8027984775641027 0.3565865384615384 0.04809695512820529 0.08983974358974353
1 0.5670581440943808 0.2117981678486998 0.055932470676486726 0.07211879432624115
1 0.6292331560283688 0.042933658392434994 0.055695921985815654 0.08626625295508275
1 0.33179086538461544 0.13959668803418804 0.045953525641025686 0.07443910256410262
1 0.14895608836206894 0.5044360632183909 0.040045797413793084 0.06296695402298849
1 0.22218805407801417 0.7064827127659574 0.05718639184397165 0.0608820921985816
1 0.29296875 0.6578125 0.0734375 0.09895833333333333
1 0.20332346501283935 0.9375057318415261 0.056580440663976564 0.06428451332844212
1 0.7081227836879432 0.7544843380614659 0.07437943262411348 0.06313534278959819
1 0.9104609929078015 0.5872340425531914 0.0540780141843971 0.05410756501182033
1 0.9190820205946537 0.703082662756865 0.04559039143480614 0.05142923713402432
1 0.8775958554964539 0.9743240248226951 0.05262078900709213 0.0492686170212765
1 0.520128375613748 0.03519048917985088 0.04451718494271688 0.055948808874340804
1 0.416015625 0.49583333333333335 0.04296875 0.07916666666666666
1 0.4751549030172414 0.6375359195402299 0.035546875 0.058979885057471294
1 0.32915544181034484 0.7608836206896553 0.046026400862068995 0.06192528735632183
1 0.019497575431034475 0.08635057471264365 0.037648168103448267 0.0658045977011494
1 0.8020432692307693 0.14101938988907076 0.0414143480632843 0.05853450627386796
1 0.9767813608156029 0.9734005614657212 0.04487477836879421 0.0511155437352245
0 0.837109375 0.8689827127659574 0.044786125886524884 0.05504580378250582
0 0.6125581781914893 0.821767878250591 0.03751662234042552 0.0411421394799054
0 0.5942891605291871 0.8610372340425533 0.04080997681396612 0.04949763593380621
1 0.5141635237068967 0.3942169540229885 0.03834859913793105 0.058908045977011506
1 0.4140625 0.8755208333333333 0.0453125 0.06145833333333333
1 0.637109375 0.9291666666666667 0.04921875 0.058333333333333334
2 0.2275641025641026 0.19739583333333333 0.05608974358974361 0.07369123931623932
2 0.8411735372340425 0.7658318557919621 0.10610593971631203 0.10175827423167867
2 0.12050551976338957 0.9531377374256135 0.05107309626436781 0.07707925735713701
1 0.85078125 0.3651041666666667 0.0390625 0.046875
1 0.35871010638297873 0.3809893922719491 0.04432624113475177 0.05497523844460748
2 0.023906249999999928 0.5672916666666666 0.0453125 0.11875000000000017
0 0.02315492021276595 0.5108451536643026 0.020378989361702137 0.026566193853427934
0 0.3880201168531426 0.41699783973261595 0.04144360250061143 0.04735774843074925
0 0.6271875 0.30499999999999994 0.030624999999999947 0.04499999999999999
0 0.7821309840425532 0.26196439125295506 0.010738031914893576 0.015654550827423168
0 0.16358432112068966 0.16864224137931033 0.025606142241379314 0.03771551724137933
0 0.13349124556737588 0.19016696217494092 0.03770500886524823 0.04049940898345152
0 0.13149919181034483 0.23078304597701152 0.03859105603448276 0.044540229885057445
0 0.71875 0.34010416666666665 0.0234375 0.023958333333333335
0 0.787630421440262 0.6593073740680124 0.04641468903436987 0.05531687579559919
1 0.6080091976950355 0.5109448877068558 0.04606050531914896 0.07222960992907813
1 0.0171875 0.9572916666666667 0.034375 0.04791666666666667
1 0.13253636853448275 0.7666307471264368 0.06615032327586205 0.0647988505747127
1 0.15311850391293716 0.3491162774109399 0.04438355955001223 0.050330663568924724
1 0.227734375 0.3776041666666667 0.04765625 0.065625
2 0.949609375 0.5135416666666667 0.09921875 0.12708333333333333
0 0.9554909131205672 0.592575354609929 0.032214095744680725 0.05007387706855795
0 0.9838347739361701 0.6118092494089834 0.028008643617021357 0.035985520094562774
3 0.8796073717948719 0.4746260683760684 0.03205128205128212 0.048076923076923114
1 0.88671875 0.159375 0.05625 0.06666666666666667
0 0.9067181959219859 0.030862145390070924 0.032086657801418464 0.04465868794326242
0 0.2597992995689655 0.02101293103448274 0.04290140086206895 0.04202586206896548
1 0.19331504875886524 0.3091792257683215 0.028817597517730498 0.02955821513002365
2 0.30498297643066763 0.8864254707752508 0.055925004585473205 0.06407434580582046
2 0.561184064716312 0.6627364066193854 0.06768062943262416 0.08286052009456266
2 0.6660524924986362 0.6043809101654847 0.07791274549918166 0.06561761229314438
2 0.9386912677304965 0.13892866884888164 0.06011746453900706 0.06509138025095473
0 0.9537788120567375 0.012374408983451537 0.02883421985815602 0.024748817966903074
1 0.49750664893617025 0.2774907937806874 0.03546099290780145 0.07108678850700129
0 0.23821254432624106 0.4332417257683215 0.047949911347517735 0.03815011820330974
0 0.3199246453900709 0.35368646572104023 0.0166223404255319 0.02253250591016549
0 0.8761857269503546 0.06030954491725769 0.013918439716312037 0.019008569739952737
0 0.9927111037234042 0.09728501773049646 0.013015292553191494 0.028346631205673756
1 0.8583721187943262 0.7051381501182034 0.0452016843971629 0.03764036643026003
0 0.45386234997272235 0.8117944739952719 0.030175941080196545 0.04233894799054383
1 0.4802869073275862 0.5097521551724138 0.02528286637931032 0.03257902298850569
1 0.5692015735815603 0.7231124408983453 0.0300365691489362 0.04092050827423167
2 0.35170393318965515 0.4886135057471265 0.07315463362068964 0.07306034482758618
1 0.2390625 0.6541666666666667 0.04375 0.06666666666666667
0 0.6710078679078014 0.1479942375886525 0.034203235815602896 0.04776152482269502
