0 0.07918669871794876 0.3287660256410257 0.05637019230769236 0.07537393162393169
0 0.1650641025641026 0.40451388888888895 0.048878205128205156 0.06276709401709404
0 0.2658153044871795 0.26940438034188036 0.04368990384615388 0.060550213675213745
0 0.2304286858974359 0.7095486111111112 0.046354166666666696 0.06167200854700863
0 0.03826121794871799 0.5327857905982907 0.060096153846153855 0.07598824786324793
0 0.6623798076923076 0.1284855769230769 0.0515625 0.06354166666666662
0 0.325 0.06302083333333333 0.059375 0.071875
0 0.312109375 0.4578125 0.05234375 0.071875
3 0.476953125 0.25677083333333334 0.09609375 0.121875
3 0.5884515224358975 0.1057959401709402 0.05346554487179489 0.06992521367521372
3 0.20805288461538463 0.8822649572649575 0.0790865384615385 0.103525641025641
3 0.1203125 0.8339877136752136 0.0703125 0.096875
3 0.045703125 0.9645833333333333 0.06328125 0.06875
1 0.4299078525641026 0.05502136752136755 0.0660657051282052 0.1100427350427351
1 0.126953125 0.04010416666666667 0.06171875 0.08020833333333334
0 0.01762820512820515 0.05825320512820516 0.0352564102564103 0.05817307692307697
0 0.33125 0.2635416666666667 0.040625 0.05416666666666667
1 0.075390625 0.6776041666666667 0.07578125 0.09270833333333334
