0 0.8762972608024692 0.5570216049382715 0.039265046296296194 0.04284979423868324
0 0.554296875 0.6333333333333333 0.04453125 0.04791666666666667
1 0.62109375 0.31927083333333334 0.0671875 0.03854166666666667
1 0.7314091435185185 0.48729028173472616 0.04140625 0.06458333333333334
1 0.7203125 0.5703125 0.0453125 0.06145833333333333
1 0.6823866334283002 0.6813499129471352 0.037425807217473926 0.07711498892054441
1 0.8239872685185187 0.5835638255777145 0.06479552469135808 0.0900739949351061
1 0.55180362654321 0.49361496913580244 0.04589120370370372 0.09507458847736625
1 0.6067756558641976 0.5862975823045268 0.03432677469135807 0.08460648148148155
1 0.5860770089285714 0.6885664682539683 0.07059151785714288 0.06879960317460317
1 0.2685867537313433 0.6500906923714759 0.04188432835820901 0.03253005804311779
1 0.9638744212962962 0.27447273662551447 0.03943865740740744 0.06268004115226335
1 0.6374744034900285 0.12367244381133272 0.0655218720322888 0.0607826843937955
1 0.38888258250237423 0.09336172443811336 0.053446254748338085 0.05606501266223491
1 0.08932874689054726 0.8378057628524046 0.05602845149253731 0.11522595356550577
1 0.06621260683760688 0.5733474794238683 0.0371349715099716 0.038490226337448634
1 0.5234375 0.384375 0.034375 0.03125
1 0.49453125 0.9713541666666666 0.0390625 0.05520833333333333
1 0.3956377965939534 0.6349063974996809 0.04742154611557581 0.06704458476846528
1 0.9790123456790123 0.02366255144032923 0.03885030864197532 0.04732510288065846
2 0.8816695601851852 0.4112332818930041 0.04781057098765427 0.04121656378600823
2 0.12983886988667773 0.5206815075855291 0.04995177469135812 0.08366769547325106
2 0.24945584577114427 0.7710561774461027 0.07392723880597019 0.09953358208955229
2 0.509375 0.4 0.078125 0.10208333333333333
2 0.54296875 0.3484375 0.0703125 0.071875
2 0.790379050925926 0.23753215020576132 0.07607060185185191 0.09798096707818929
3 0.27951221955128214 0.3741319444444444 0.035827323717948764 0.04473824786324799
3 0.6461226851851851 0.3586098251028807 0.05401234567901243 0.06673096707818929
0 0.289453125 0.8416666666666667 0.04921875 0.06458333333333334
0 0.18984375 0.018229166666666668 0.0375 0.036458333333333336
1 0.157421875 0.016666666666666666 0.04296875 0.03333333333333333
1 0.8493730709876545 0.010159465020576137 0.04874614197530871 0.020318930041152275
0 0.6834234775641026 0.08987713675213675 0.03203125 0.0375
0 0.0328125 0.7072916666666667 0.0328125 0.027083333333333334
0 0.8795226744896713 0.10964035060913499 0.020812324287984473 0.023087285580409903
3 0.428125 0.7947916666666667 0.028125 0.041666666666666664
3 0.39441105769230766 0.7844417735042735 0.028125 0.034375
0 0.728515625 0.25364583333333335 0.04453125 0.046875
