2 0.5155548878205127 0.5032184829059829 0.09008413461538459 0.11776175213675213
2 0.6356997282608695 0.8504981884057972 0.06827445652173916 0.09474637681159415
2 0.2524286684782609 0.5335597826086956 0.08923233695652177 0.14211956521739127
2 0.3219751602564103 0.9564770299145299 0.13770032051282058 0.08496260683760681
2 0.1317508012820513 0.765090811965812 0.10749198717948719 0.16960470085470086
2 0.7679987980769231 0.48458867521367527 0.08599759615384617 0.09337606837606836
2 0.7432477678571429 0.6046626984126984 0.08493303571428568 0.12599206349206352
2 0.8839504076086957 0.0979393115942029 0.1288383152173914 0.10076992753623189
2 0.8506623641304347 0.16850090579710145 0.10180027173913038 0.0932518115942029
2 0.89140625 0.2630208333333333 0.0734375 0.096875
0 0.88984375 0.20989583333333334 0.025 0.026041666666666668
0 0.8992357336956521 0.5172327898550725 0.0422214673913043 0.06154891304347825
0 0.3554286858974359 0.4900106837606838 0.03273237179487185 0.0440170940170941
2 0.511545138888889 0.9093501984126984 0.06371527777777777 0.12921626984126983
2 0.3778044871794872 0.37881944444444443 0.07411858974358979 0.09278846153846161
2 0.2545272435897436 0.27553418803418805 0.09030448717948722 0.11506410256410261
2 0.20953525641025644 0.11717414529914533 0.07712339743589744 0.10459401709401712
1 0.9408902069397993 0.4030344202898551 0.03769073996655532 0.07481884057971015
1 0.3323217147435898 0.7880876068376068 0.04589342948717952 0.09674145299145293
1 0.9505095108695653 0.21761775362318841 0.061956521739130466 0.067481884057971
1 0.015625 0.044270833333333336 0.03125 0.08854166666666667
