0 0.5289446721311475 0.4985889992293681 0.021772540983606526 0.02655834033907798
0 0.5259465965216478 0.5434496286955304 0.02136500367801597 0.027342545887627877
0 0.49563268442622943 0.5431540738405493 0.022438524590163933 0.0330566064172622
0 0.2763157894736842 0.594756522717049 0.027138157894736857 0.030881691408007228
0 0.31532399207152495 0.5094045209176788 0.02395727901484479 0.029436572199730015
0 0.14282852564102563 0.7676492914979758 0.021908738191632905 0.031587381916329114
0 0.13774671052631576 0.8530427631578946 0.021381578947368408 0.02966008771929817
0 0.18776726973684207 0.8921600877192983 0.01344572368421051 0.017214912280701593
0 0.059087171052631574 0.8296326754385965 0.025740131578947355 0.04029605263157888
0 0.06966198549257759 0.4860569894287 0.017748397435897435 0.02240356500224916
0 0.015981886808367075 0.4633596210076473 0.015733594804318483 0.020649179037336887
0 0.021761133603238888 0.5536732456140352 0.017332995951416956 0.03519736842105262
0 0.07607066042510122 0.4488606331533963 0.014799468623481781 0.022234874044084543
0 0.15731328019568153 0.38408330521817363 0.01761028171390011 0.024596547458389514
0 0.1387166835357625 0.31929683985605034 0.013685053981106554 0.021494039586144768
0 0.07692676703778678 0.32617099640125957 0.010620150134952756 0.01542116509221767
0 0.11043828019568151 0.19636611560953668 0.015965544871794846 0.01845197930724245
0 0.18258054993252362 0.28190016306792626 0.018062584345479072 0.022822480881691417
0 0.20086506831983808 0.24512272267206475 0.013565915991902822 0.017429993252361668
0 0.18821957236842105 0.06992872807017543 0.022409539473684202 0.0300986842105263
0 0.09407894736842105 0.09882127192982455 0.025657894736842102 0.034813596491228053
0 0.0667067307692308 0.10381030701754385 0.02119180161943316 0.032510964912280706
0 0.17422085863697706 0.01840840080971662 0.01586749325236163 0.019104251012145704
0 0.4130550986842104 0.06943530701754387 0.02586348684210522 0.03656798245614034
0 0.46065672288776804 0.11505184251085893 0.013625078814627933 0.02006708000560454
0 0.5563396516393443 0.18050629641305874 0.022054303278688535 0.033454620288636626
0 0.4592341188524591 0.22362446581196582 0.01711065573770485 0.02150106837606834
0 0.38945706573139977 0.30192725962921174 0.02474877837326601 0.032245207517532806
0 0.4434621710526315 0.2943938371569951 0.019325657894736902 0.02415092217723789
0 0.3204975328947368 0.3513410931174089 0.016817434210526328 0.023195006747638244
0 0.7385917467948719 0.06463675213675218 0.021614583333333305 0.02938034188034188
0 0.6369775246952502 0.05511988580636123 0.0183092948717948 0.026372250245201016
0 0.5738665471311475 0.01643613387978142 0.027984118852459085 0.03287226775956284
0 0.88359375 0.04895833333333333 0.03125 0.041666666666666664
0 0.909765625 0.11041666666666666 0.02578125 0.0375
0 0.9025358606557375 0.28379439890710384 0.02126024590163933 0.027527322404371606
0 0.8844677383093525 0.3885866306954436 0.029625674460431562 0.03967326139088723
0 0.8969167852193654 0.3612110311750599 0.027209595028894817 0.035971223021582746
0 0.8977920410361497 0.7356730331371726 0.017300139239176105 0.02540939820652923
0 0.9136283627574612 0.80956634440241 0.01892667612442196 0.025334524309934162
0 0.964030481557377 0.893613387978142 0.029546618852458906 0.03995901639344256
0 0.7473360655737704 0.7773309426229509 0.02364241803278695 0.02918374316939894
0 0.6464883157313996 0.5365778688524591 0.01593730296342999 0.022301912568305937
0 0.5732384930643128 0.5308646840409136 0.018994325346784358 0.02433620568866459
0 0.4618088942307693 0.8234642094017095 0.026302083333333302 0.036832264957264965
0 0.4309210526315789 0.8289044928025191 0.030427631578947255 0.04175241790373375
0 0.6543430143968054 0.5914037323104946 0.030325241698192597 0.0449930818270983
0 0.41581794028340086 0.6914023841655421 0.03267332995951411 0.04153733693207364
0 0.23324424342105265 0.9871436403508772 0.017886513157894735 0.02362938596491233
0 0.32925575657894735 0.9793037280701753 0.017064144736842125 0.021107456140351033
0 0.2723552420715249 0.4015547683310841 0.01532241059379218 0.021451866846603686
0 0.2925164473684211 0.3974640125955915 0.012828947368421018 0.01976495726495724
3 0.9047976762820513 0.2260149572649573 0.026342147435897446 0.0396367521367521
3 0.94375 0.10677083333333333 0.0390625 0.046875
3 0.923828125 0.03958333333333333 0.02578125 0.035416666666666666
3 0.885546875 0.08854166666666667 0.03203125 0.0375
3 0.8079026442307693 0.07118055555555558 0.0392427884615385 0.045138888888888846
3 0.9634349385245902 0.6523891778758582 0.040983606557377074 0.0493883109149504
3 0.640521391603615 0.6503809373686422 0.01634451187473731 0.021813261874737342
3 0.4550397028688525 0.49707991803278695 0.017174692622950793 0.017622950819672134
3 0.4481813524590164 0.5212773224043716 0.018084016393442683 0.023872950819672074
3 0.42722039473684215 0.44654605263157887 0.028782894736842035 0.03673245614035085
3 0.3389923878205129 0.35560897435897443 0.025540865384615464 0.03771367521367524
3 0.03168174342105263 0.6099506578947369 0.03203125 0.040625
3 0.06710526315789474 0.6483004385964912 0.02861842105263158 0.04002192982456142
3 0.03447779605263158 0.8111293859649124 0.02948190789473685 0.03892543859649121
3 0.16924342105263157 0.6936080184435447 0.01776315789473686 0.023968173639226247
3 0.02832479335357625 0.032648026315789475 0.014074097503373812 0.01913377192982455
3 0.5134605532786886 0.006830601092896175 0.03160860655737707 0.01366120218579235
3 0.6861552254098361 0.6435706967213115 0.011526639344262258 0.014088114754098295
0 0.769031762295082 0.23678278688524587 0.014190573770491799 0.021653005464480894
0 0.7641265368852459 0.2767076502732241 0.012474385245901675 0.015232240437158436
0 0.7385193358554014 0.32036942167577415 0.013099647961328297 0.01841416211293255
0 0.747297643442623 0.35587431693989074 0.016675204918032805 0.01997950819672128
0 0.7293899747793191 0.3764317990752417 0.008945460277427486 0.01216372425388812
0 0.6435066598360656 0.4478825136612022 0.009093237704917989 0.013558743169398943
0 0.6314100922131148 0.42838968579234976 0.008977971311475397 0.010638661202185772
0 0.4061150472334683 0.4718496963562753 0.012605431848852877 0.01573043184885285
1 0.0756578947368421 0.587719298245614 0.01891447368421052 0.04057017543859646
3 0.3821957236842105 0.038693488529014865 0.03166118421052633 0.041202766531713945
3 0.31108141447368426 0.7134573211875843 0.011883223684210487 0.016067813765182137
3 0.20372121710526314 0.8347313596491228 0.012787828947368407 0.017050438596491208
3 0.5589819120428752 0.572920169539022 0.02509457755359392 0.03243834944654627
3 0.7269659323770492 0.5028603142076503 0.013153176229508113 0.017161885245901645
0 0.7387871413934427 0.6807718579234973 0.013050717213114727 0.017622950819672075
0 0.7819864241803278 0.6893698770491803 0.010053790983606526 0.014702868852459142
0 0.3827993210188934 0.7621359086819613 0.018940831646423684 0.023973796671164987
0 0.4255123987854251 0.21247469635627528 0.00999493927125501 0.01474358974358972
0 0.7763020833333334 0.11012286324786326 0.031770833333333214 0.045245726495726536
0 0.8317278136822196 0.20715001926579796 0.027758511979823375 0.03395815818971552
0 0.9478547643442623 0.24038592896174862 0.01899334016393439 0.024692622950819663
0 0.9800845286885245 0.20069159836065573 0.019851434426229452 0.026383196721311494
0 0.7962017917192098 0.25310792349726774 0.013641498528793594 0.01974043715846996
0 0.8289165944199244 0.7062826204988091 0.0160909914880202 0.017591862827518647
3 0.8742446931483817 0.8267315135911448 0.02149012189995787 0.02942631708000564
3 0.47835717475830186 0.5869817938209333 0.007040773434215985 0.011145701975619933
3 0.4673027663934426 0.2947916666666667 0.017622950819672134 0.024316939890710345
