2 0.20471754807692308 0.10511485042735044 0.07974759615384616 0.08731303418803421
2 0.054296875 0.315625 0.09296875 0.16875
2 0.23763020833333334 0.6542467948717949 0.09405048076923075 0.092147435897436
2 0.5169971955128205 0.2806757478632479 0.08006810897435894 0.11156517094017092
2 0.2871594551282052 0.38469551282051284 0.05508814102564101 0.08637820512820522
2 0.3481320112179488 0.327056623931624 0.053335336538461495 0.08146367521367524
1 0.5264423076923077 0.5469017094017095 0.02924679487179489 0.06912393162393175
1 0.7997295673076923 0.8720085470085471 0.06961137820512811 0.08664529914529903
1 0.6293319310897436 0.3350694444444445 0.043820112179487225 0.052083333333333336
1 0.12204527243589744 0.1484508547008547 0.04877804487179489 0.05940170940170943
1 0.50078125 0.3796875 0.0453125 0.034375
1 0.8066986386138615 0.28570994118642634 0.06652227722772289 0.06554381399678429
1 0.9199419070512821 0.21842948717948724 0.06556490384615384 0.06634615384615386
1 0.728225556930693 0.10963283828382837 0.05020111386138613 0.05259900990099009
0 0.5411769943019944 0.6908485675846787 0.034351258309591605 0.04268558088002526
0 0.6070045405982907 0.8854067742956632 0.03579801756885086 0.04451566951566951
0 0.9083429783950617 0.9186387108262107 0.027256944444444643 0.03978019151630256
0 0.833533653846154 0.6161858974358976 0.02604166666666661 0.03472222222222226
0 0.2730118189102565 0.13344017094017097 0.030799278846153876 0.04145299145299141
0 0.6182291666666667 0.18977029914529914 0.021955128205128283 0.038194444444444496
0 0.5722461879601421 0.20997305259372087 0.02800143596090381 0.03962485190826775
0 0.6784455128205129 0.22370459401709403 0.024358974358974272 0.029674145299145256
0 0.6729813245747651 0.2644261180925785 0.02772435897435912 0.035176282051282086
0 0.6608600493462807 0.5021938732334772 0.027135099327240297 0.03480367267495978
0 0.9651542467948719 0.34087873931623935 0.03687900641025639 0.03699252136752129
0 0.8060250856816452 0.41502707963104 0.033894230769230836 0.04700854700854696
1 0.962890625 0.3875 0.05078125 0.04375
2 0.802444306930693 0.5014148049420327 0.050278465346534684 0.0776159346703901
1 0.4729016426282051 0.3495592948717949 0.03544671474358978 0.07171474358974356
0 0.4995943509615385 0.4172275641025641 0.03636818910256414 0.05202991452991454
1 0.8807091346153847 0.8554220085470086 0.07391826923076934 0.07248931623931618
2 0.325 0.17239583333333333 0.059375 0.065625
2 0.41154847756410257 0.03031517094017096 0.05346554487179485 0.06063034188034192
1 0.6413001543209876 0.7537887780943336 0.04436728395061733 0.04283396644507746
1 0.2546875 0.021354166666666667 0.046875 0.042708333333333334
1 0.154296875 0.03958333333333333 0.03984375 0.03125
1 0.1234375 0.06197916666666667 0.0296875 0.053125
1 0.35962039262820517 0.24917200854700858 0.029857772435897444 0.03824786324786329
2 0.9803674768518519 0.961670524691358 0.03770254629629619 0.07457561728395064
