1 0.6089978111319574 0.2947535569105691 0.07392510944340218 0.0573424796747967
1 0.2234375 0.4244791666666667 0.028125 0.053125
1 0.46028328252032524 0.586280487804878 0.046150914634146376 0.04508807588075878
1 0.5506639892120075 0.7212991192411925 0.043235029706066186 0.06573509485094853
1 0.8493031773211568 0.5823899670218163 0.04792142313546428 0.08059043632673758
2 0.5830348069105691 0.8169292005420055 0.05580538617886175 0.0994749322493225
2 0.19651173025220844 0.9381717289719627 0.0954183203175009 0.06948987538940811
2 0.04771583686440678 0.38465748587570625 0.05949417372881356 0.07973163841807912
2 0.323026842948718 0.23394764957264957 0.0694911858974359 0.11960470085470082
2 0.21816092188179054 0.18825035310734464 0.06688328444154719 0.08183262711864409
2 0.44810721544715443 0.42465637413223445 0.05907012195121952 0.09902736013661505
2 0.7166542077079424 0.2868140243902439 0.06948630003126954 0.0884654471544715
2 0.4556099649181423 0.7314814814814814 0.05676787504176408 0.08101851851851857
0 0.44642403455284557 0.0816946138211382 0.020515752032520228 0.031224593495934937
1 0.8114572356866876 0.42000900070249386 0.06201703547593933 0.064376975763962
1 0.3012813960280374 0.9692026869158877 0.05524970794392518 0.059511292834890976
1 0.8921875 0.06875 0.0453125 0.07083333333333333
2 0.8312792056074766 0.9535922897196262 0.0500584112149534 0.08864875389408103
2 0.45045268691588786 0.970176207165109 0.050905373831775694 0.057564252336448615
1 0.6497152453271028 0.744315723433714 0.059944509345794386 0.06923892350294215
2 0.9506510416666668 0.7842592592592593 0.04453125 0.0625
0 0.368359375 0.84375 0.02421875 0.029166666666666667
