2 0.48161496350364963 0.3323144768856448 0.1211678832116787 0.11110097323600972
2 0.6859927398989899 0.40165193602693605 0.09041982323232318 0.11938131313131314
2 0.82193023989899 0.5499599358974359 0.10934464840714853 0.16183226495726497
2 0.9247869318181818 0.13065551346801346 0.09802714646464636 0.13010311447811448
2 0.6358783143939395 0.8344591750841751 0.1108191287878788 0.17691498316498316
2 0.7254106570512822 0.6480101495726497 0.06800881410256424 0.08859508547008552
2 0.948828125 0.3541666666666667 0.08359375 0.15416666666666667
2 0.870580808080808 0.36614583333333334 0.07133838383838391 0.10104166666666667
1 0.12615131578947367 0.3906524122807017 0.05279605263157894 0.07505482456140349
1 0.5391993613138686 0.5105497262773723 0.06986770072992705 0.10268400243309005
1 0.30373334176788125 0.20858004385964912 0.04713857962213219 0.07845394736842107
0 0.938778409090909 0.4105271464646465 0.03532196969696973 0.056470959595959574
0 0.7001578282828282 0.5262731481481481 0.059595959595959515 0.07329545454545468
0 0.40775240384615385 0.3646107456140351 0.03096533400809722 0.04161184210526313
0 0.17879015183417557 0.8108093143677084 0.033386849616320456 0.04352735666604275
0 0.20086348684210525 0.5872532894736843 0.04235197368421053 0.05575657894736838
0 0.0629111842105263 0.02302631578947368 0.03289473684210526 0.039473684210526314
0 0.2368215460526316 0.03286732456140351 0.030468749999999954 0.034046052631578935
0 0.1083264802631579 0.4625 0.04888980263157895 0.06732456140350873
1 0.15518092105263157 0.4678453947368421 0.05394736842105261 0.07308114035087711
1 0.3084703947368421 0.5324680892937471 0.05625 0.078125
0 0.34568886861313863 0.9629067822384428 0.05862226277372264 0.07210310218978104
2 0.4249971487226277 0.9482778284671532 0.0929801551094891 0.10367244525547457
2 0.43843807025547443 0.6416210462287104 0.05593635948905114 0.08342457420924584
1 0.5133097627737226 0.7138001824817517 0.0828695255474452 0.10156630170316312
1 0.47908588047445255 0.8194419099756691 0.039547217153284644 0.0612378345498783
0 0.4333542427007299 0.7502585158150851 0.021521441605839443 0.027767639902676323
2 0.37109375 0.08122258771929824 0.07442434210526319 0.1061951754385965
2 0.1146998355263158 0.07332785087719298 0.06665296052631578 0.09676535087719298
3 0.5477389370437956 0.3831204379562044 0.02541628649635035 0.0351581508515815
3 0.9790404040404042 0.3055923821548821 0.029419191919191866 0.04089856902356903
3 0.39913651315789467 0.3033168859649122 0.0194901315789473 0.028234649122807022
