0 0.23607772435897437 0.09942574786324788 0.023036858974358986 0.031917735042735096
0 0.36609971302921884 0.42533479924468304 0.037431984197972626 0.05851843569866831
0 0.02452924679487182 0.2727564102564103 0.03948317307692313 0.05117521367521374
0 0.7778645833333333 0.789730235042735 0.031209935897435946 0.04019764957264951
0 0.8180989583333332 0.9114850427350428 0.03287259615384617 0.05309829059829063
1 0.5734875801282051 0.6428952991452993 0.060837339743589694 0.0961538461538461
1 0.07932692307692313 0.9646233974358974 0.052083333333333315 0.05365918803418808
1 0.15995592948717952 0.7757745726495726 0.05508814102564097 0.05475427350427348
1 0.17147435897435903 0.5487580128205128 0.060096153846153834 0.07876602564102567
1 0.4756587283840192 0.22149703090836814 0.05033635211687537 0.06993204631286029
2 0.30703125 0.5609375 0.1109375 0.178125
2 0.6041783132081098 0.11202761627906978 0.07209209153249851 0.12594476744186045
2 0.6706029647435898 0.14033119658119658 0.11151842948717956 0.11933760683760679
2 0.9385116185897436 0.2307959401709402 0.10178285256410255 0.11639957264957275
2 0.6537459935897437 0.6342147435897435 0.08112980769230767 0.10817307692307701
2 0.72109375 0.5578125 0.05625 0.10104166666666667
1 0.7678107443820225 0.6667310393258428 0.0602352528089888 0.12018960674157302
1 0.5229106104651163 0.31596414728682176 0.0631904069767442 0.10329457364341087
1 0.34475160256410253 0.9153311965811965 0.06810897435897431 0.09348290598290596
3 0.753505608974359 0.47773771367521367 0.04987980769230784 0.060550213675213745
3 0.14847126188418322 0.4286828963795256 0.09982713915298187 0.13514357053682885
3 0.9881009615384617 0.6725293803418804 0.024679487179487047 0.07694978632478637
1 0.8378004807692306 0.07170138888888891 0.043549679487179735 0.044631410256410306
1 0.40740184294871795 0.18337339743589745 0.056991185897435945 0.05633012820512822
2 0.96015625 0.027604166666666666 0.078125 0.05520833333333333
0 0.06905048076923079 0.5177884615384616 0.044591346153846204 0.07126068376068388
