0 0.148828125 0.46770833333333334 0.02734375 0.041666666666666664
0 0.20324246066433566 0.12649694055944055 0.022492351398601375 0.029203088578088583
0 0.923654513888889 0.5053819444444444 0.02612847222222232 0.037847222222222206
0 0.8259615384615385 0.5150507478632479 0.027163461538461674 0.039342948717948724
0 0.5355204691142191 0.3840909090909091 0.02697042540792527 0.03484848484848483
0 0.975 0.09427083333333333 0.04375 0.04895833333333333
0 0.578125 0.7322916666666667 0.0328125 0.041666666666666664
0 0.4321450684731934 0.12305871212121211 0.02917577214452214 0.03607954545454543
0 0.3381783581002331 0.1522775835275835 0.03245010198135199 0.047717560217560205
1 0.6686152389277389 0.24043317793317792 0.05197406759906746 0.05511849261849256
1 0.07902644230769232 0.2691907051282051 0.042668269230769273 0.05029380341880347
1 0.08784054487179489 0.03477078477078479 0.03363563519813524 0.054390054390054426
1 0.8987763400163666 0.31898697490452815 0.03079395117294048 0.0679953173304236
1 0.702704326923077 0.7562633547008547 0.04883814102564097 0.08309294871794878
1 0.2746594551282051 0.6690571581196582 0.05604967948717952 0.05985576923076934
1 0.4498096955128205 0.8639155982905983 0.04629407051282062 0.04941239316239319
1 0.3853165064102565 0.797369123931624 0.04306891025641026 0.0676549145299146
1 0.14478165064102566 0.5465411324786325 0.039362980769230796 0.06183226495726497
1 0.343359375 0.4734375 0.06328125 0.071875
0 0.3254523026315789 0.42571271929824556 0.02672697368421053 0.032346491228070144
2 0.6252003205128206 0.16613247863247865 0.06610576923076925 0.061431623931623935
2 0.3129261363636363 0.35989583333333336 0.09147727272727271 0.09270833333333327
2 0.20653955419580422 0.30805652680652684 0.08211319930069934 0.12747668997669004
2 0.686298076923077 0.5648281695156695 0.09615384615384608 0.1573806980056978
2 0.7772836538461538 0.4460336538461539 0.07580128205128203 0.11861645299145304
2 0.92109375 0.4161458333333333 0.1203125 0.10729166666666666
2 0.7700821314102566 0.8531383547008548 0.06747462606837588 0.09233440170940159
2 0.375390625 0.6703125 0.07109375 0.08854166666666667
1 0.325 0.5963541666666666 0.0703125 0.051041666666666666
1 0.3390625 0.6463541666666667 0.0578125 0.065625
1 0.45222355769230765 0.5510016025641026 0.027443910256410308 0.04858440170940164
1 0.5328480113636364 0.03361742424242424 0.057883522727272665 0.06723484848484848
1 0.2019030448717949 0.6752270299145299 0.03729967948717947 0.05552884615384623
2 0.9769731570512821 0.9558092948717949 0.04449118589743577 0.08629807692307688
2 0.9424278846153846 0.9566239316239317 0.04951923076923066 0.08258547008547007
2 0.4125 0.5541666666666667 0.0671875 0.11666666666666667
2 0.39609375 0.7333333333333333 0.046875 0.058333333333333334
2 0.10565723339160837 0.09868395493395493 0.041526442307692334 0.052632090132090116
2 0.4244318181818182 0.024147727272727272 0.08011363636363633 0.048295454545454544
0 0.591796875 0.37604166666666666 0.03984375 0.052083333333333336
1 0.748828125 0.5677083333333334 0.04765625 0.04791666666666667
0 0.8387287745499181 0.30688250136388434 0.01901851472995091 0.02719244408074181
2 0.471484375 0.6270833333333333 0.06015625 0.08333333333333333
1 0.7470753205128204 0.7340633903133903 0.03189102564102564 0.045762108262108234
1 0.21016626602564106 0.47819177350427355 0.09489182692307696 0.054300213675213746
0 0.8956597222222223 0.6234953703703704 0.048958333333333215 0.06782407407407405
0 0.6097210081585082 0.5869512432012433 0.046146561771561775 0.05905205905205892
0 0.6095880681818182 0.07268599456099457 0.03508522727272725 0.0534916472416472
1 0.8135016025641025 0.14342948717948723 0.05809294871794872 0.08012820512820511
1 0.01875 0.25677083333333334 0.0375 0.08229166666666667
1 0.88671875 0.08229166666666667 0.053125 0.06666666666666667
1 0.16013621794871796 0.02215544871794874 0.07876602564102564 0.04489850427350431
1 0.6368522970085471 0.8233618233618233 0.04280181623931636 0.1305199430199431
