3 0.803173828125 0.409375 0.04892578125 0.05625
3 0.898583984375 0.015885416666666666 0.04619140625 0.03333333333333333
0 0.97578125 0.16458333333333333 0.0265625 0.03958333333333333
0 0.881689453125 0.1546875 0.02666015625 0.0421875
0 0.925634765625 0.115234375 0.03251953125 0.04296875
0 0.941064453125 0.2805989583333333 0.03681640625 0.04296875
0 0.938916015625 0.018880208333333332 0.03720703125 0.037760416666666664
0 0.6035006009615385 0.16880341880341884 0.02587139423076925 0.03338675213675213
0 0.3948367387820513 0.05506143162393164 0.03154046474358978 0.04586004273504278
0 0.14065504807692308 0.07170138888888891 0.04160657051282053 0.05264423076923081
0 0.27793970352564107 0.3308092948717949 0.05199318910256414 0.06327457264957269
0 0.221484375 0.6520833333333333 0.05234375 0.07083333333333333
0 0.09027681914826098 0.8429661716171618 0.028140668634171074 0.03395214521452144
0 0.07503867574257425 0.6766192244224423 0.024922648514851507 0.040738448844884444
0 0.636146349009901 0.8051258250825083 0.03169863861386126 0.039500825082508226
0 0.9748453776041666 0.7071614583333333 0.022802734375 0.032725694444444405
0 0.22769931891025644 0.10649038461538464 0.01625600961538467 0.02045940170940176
1 0.860400390625 0.19544270833333333 0.03212890625 0.06484375
1 0.46292568108974363 0.12491987179487181 0.039593349358974364 0.07708333333333339
1 0.23242688301282052 0.23305288461538468 0.03684895833333335 0.08918269230769237
1 0.30526763613861385 0.602970297029703 0.06690903465346532 0.06427392739273922
1 0.10170946782178217 0.6640625 0.03157487623762373 0.08029084158415843
1 0.31269724628712875 0.515325907590759 0.061331992574257435 0.08073432343234313
1 0.953662109375 0.8734375 0.0390625 0.046875
1 0.987646484375 0.8913411458333333 0.02314453125 0.08606770833333334
1 0.9472412109375 0.9805989583333333 0.057080078125 0.03671875
1 0.9413736979166666 0.6823350694444446 0.03125 0.08541666666666667
1 0.5267578125 0.261071047008547 0.05315504807692299 0.06786858974358981
2 0.3472205528846154 0.0917735042735043 0.0656750801282052 0.08995726495726501
2 0.4088191105769231 0.3424145299145299 0.08170072115384616 0.09081196581196575
2 0.4043007425742574 0.4825804455445545 0.10553836633663369 0.11941006600660066
2 0.19803185096153847 0.41848290598290594 0.057562099358974404 0.1109508547008548
2 0.21034843869002287 0.5820544554455445 0.07574495430312256 0.06922442244224421
2 0.23144337871287127 0.7811623349834984 0.06913675742574257 0.09567863036303628
2 0.6852664262820513 0.28287927350427355 0.10022035256410264 0.07590811965811962
0 0.6186279296875 0.27098524305555555 0.034619140625 0.05004340277777774
1 0.290625 0.9833333333333333 0.08125 0.03125
0 0.14384668935643563 0.9882374174917492 0.02949412128712874 0.021441831683168287
0 0.38931389232673264 0.9923628300330033 0.04269028465346532 0.01319100660066006
0 0.7306079826732673 0.9442192656765677 0.029965965346534597 0.03447813531353141
0 0.6979424504950495 0.8481435643564356 0.030321782178217748 0.042161716171617174
0 0.5669786509900989 0.7035942656765677 0.021519183168316847 0.028042491749174895
2 0.886181640625 0.076171875 0.07822265625 0.06640625
