0 0.5798778044871795 0.35002670940170943 0.04256810897435903 0.05422008547008552
0 0.050390625 0.6421875 0.03359375 0.04479166666666667
2 0.6084735576923077 0.1544471153846154 0.18569711538461542 0.19431089743589747
2 0.180078125 0.5177083333333333 0.09296875 0.13125
2 0.6331630608974359 0.5067841880341881 0.1321113782051281 0.17606837606837616
2 0.85390625 0.671875 0.1 0.10208333333333333
2 0.6036258012820512 0.7944310897435898 0.12912660256410247 0.12427884615384623
2 0.935546875 0.7609375 0.10703125 0.13645833333333332
2 0.3515625 0.4005208333333333 0.13125 0.09895833333333333
2 0.359375 0.4921875 0.146875 0.18020833333333333
2 0.9046875 0.8640625 0.1140625 0.10104166666666667
2 0.92265625 0.9557291666666666 0.153125 0.08645833333333333
2 0.80859375 0.47912660256410255 0.0703125 0.0978365384615385
1 0.96796875 0.5130208333333334 0.0625 0.103125
1 0.43046875 0.9723958333333333 0.065625 0.053125
2 0.515234375 0.9494791666666667 0.06796875 0.09270833333333334
