0 0.2971754807692308 0.7363782051282051 0.04106570512820511 0.05341880341880353
0 0.5374599358974359 0.8507077991452991 0.049278846153846076 0.0651442307692309
0 0.349609375 0.9682291666666667 0.03828125 0.046875
0 0.6519330929487179 0.29117254273504284 0.032672275641025726 0.04174679487179483
0 0.5846053685897437 0.22594818376068376 0.055148237179487226 0.050186965811965786
3 0.33705929487179487 0.18282585470085475 0.07748397435897436 0.09748931623931621
3 0.32254607371794874 0.6390491452991452 0.040404647435897445 0.05309829059829063
3 0.2960637019230769 0.4794337606837607 0.055308493589743615 0.0758547008547009
3 0.6732772435897436 0.3530982905982906 0.06209935897435903 0.08547008547008546
3 0.7958633814102565 0.5114850427350428 0.04328926282051295 0.06036324786324781
3 0.7675480769230769 0.4948183760683761 0.024278846153846168 0.03237179487179477
3 0.9700120192307693 0.5488381410256411 0.0506009615384615 0.07059294871794879
3 0.7738581730769231 0.7995325854700854 0.03521634615384617 0.04885149572649574
3 0.7817608173076923 0.9467147435897437 0.04344951923076934 0.057425213675213624
3 0.44311899038461544 0.765491452991453 0.053665865384615506 0.07264957264957275
3 0.434375 0.9869791666666666 0.046875 0.023958333333333335
3 0.791796875 0.015104166666666667 0.05546875 0.030208333333333334
3 0.262109375 0.9644898504273504 0.06640625 0.06893696581196582
0 0.7231971153846154 0.847008547008547 0.044391025641025726 0.05384615384615389
0 0.6138822115384616 0.07335737179487183 0.020633012820512775 0.025293803418803464
