1 0.14559326171875 0.17891438802083334 0.0396240234375 0.07657877604166664
1 0.8859002976190476 0.436359126984127 0.03921130952380949 0.0459325396825396
1 0.34481201171875 0.09535319010416667 0.0305908203125 0.03862304687499998
1 0.342578125 0.9276041666666667 0.03203125 0.046875
1 0.116796875 0.434375 0.03671875 0.04583333333333333
2 0.575483630952381 0.3745287698412698 0.060342261904761864 0.0763392857142857
2 0.7297991071428571 0.6536362942612942 0.05974702380952381 0.07963217338217336
2 0.7841777537128712 0.9356177805280529 0.09883199257425748 0.08998556105610558
2 0.4612292167467949 0.8725819644764957 0.06708733974358978 0.07313034188034186
2 0.16640625 0.465625 0.0859375 0.10416666666666667
2 0.13288261217948721 0.5518563034188034 0.0892027243589744 0.10996260683760693
2 0.4543701171875 0.313686273036859 0.094677734375 0.10814177684294869
2 0.4052618117559524 0.47867063492063494 0.06349981398809526 0.09623015873015864
2 0.6280048076923077 0.2791933760683761 0.06850961538461542 0.09172008547008552
0 0.5448317307692309 0.5348824786324786 0.03653846153846159 0.05309829059829063
0 0.6022437686011906 0.5226217602926587 0.02616722470238093 0.03532288566468254
0 0.5981692583133013 0.9009041549813034 0.024364608373397444 0.02908361712072652
2 0.91796875 0.6005208333333333 0.0546875 0.078125
2 0.98125 0.6734375 0.0359375 0.08854166666666667
0 0.0315673828125 0.22207845052083333 0.022314453125 0.032568359374999974
0 0.26064453125 0.6015869140625 0.03046875 0.043408203125
1 0.47122516562213834 0.648342556423611 0.06499014494619955 0.06057400173611119
1 0.8875 0.9635416666666666 0.0453125 0.07083333333333333
1 0.4470458984375 0.9836018880208334 0.040966796875 0.029703776041666668
