1 0.6243235518292682 0.605102472899729 0.042003302845528445 0.03962567750677503
1 0.7102737550813009 0.7007833672086721 0.04351498983739832 0.07551659891598916
1 0.85 0.5838541666666667 0.0515625 0.059375
1 0.849609375 0.4791666666666667 0.04609375 0.06041666666666667
1 0.7900247713414634 0.25222730352303524 0.047237042682926854 0.05770663956639564
2 0.8202934451219512 0.16321561653116531 0.043788109756097524 0.05898543360433604
2 0.4701519691780822 0.42866010273972605 0.07467893835616443 0.09273687214611873
2 0.6058434959349593 0.9822916666666667 0.0878556910569106 0.03724593495934959
0 0.6147135416666666 0.9528539972899729 0.02642911585365857 0.03595867208672085
0 0.05733506944444442 0.27223668981481475 0.023784722222222186 0.03162615740740738
1 0.37209413109756095 0.9678650067750677 0.03325076219512195 0.037186653116531215
1 0.8734375 0.190625 0.0265625 0.04791666666666667
1 0.848828125 0.19010416666666666 0.04296875 0.06979166666666667
1 0.5933786741713571 0.019435975609756087 0.05053939962476539 0.038871951219512174
2 0.09858940972222222 0.6714554398148148 0.060633680555555534 0.0925636574074075
2 0.40668068910256416 0.20383279914529914 0.05242387820512828 0.08608440170940167
