0 0.8086137820512821 0.1624866452991453 0.05184294871794872 0.06338141025641028
0 0.9708483573717949 0.07047275641025645 0.041376201923077005 0.057772435897435935
0 0.7773187099358975 0.040504807692307715 0.03380408653846141 0.045592948717948764
0 0.5695713141025641 0.34274839743589747 0.03898237179487172 0.050080128205128284
0 0.6829176682692308 0.4480279558404559 0.031300080128205024 0.0402866809116808
0 0.7483974358974359 0.5721153846153847 0.024038461538461585 0.03472222222222214
0 0.94921875 0.7403846153846153 0.053084935897435945 0.06143162393162396
0 0.5270398974993652 0.5948044924684777 0.053438769357704974 0.0682292988914277
0 0.5339108910891088 0.4967512376237624 0.039696782178217746 0.049814356435643546
0 0.20552884615384617 0.10202991452991458 0.04006410256410251 0.056089743589743585
0 0.24453125 0.521875 0.04375 0.0625
3 0.946649639423077 0.25093482905982906 0.061728766025641056 0.08547008547008549
3 0.7909655448717949 0.47195512820512825 0.05508814102564106 0.07211538461538461
3 0.890625 0.5316239316239316 0.04607371794871788 0.06591880341880335
3 0.8931390224358975 0.6018028846153847 0.06107772435897445 0.07417200854700852
3 0.37530048076923084 0.787366452991453 0.09915865384615388 0.1330662393162393
3 0.2951822916666667 0.9262820512820513 0.041045673076923125 0.05822649572649574
3 0.09676482371794877 0.6428952991452993 0.0893229166666667 0.12553418803418795
3 0.24959935897435895 0.2937811609686609 0.10583600427350426 0.14334045584045577
3 0.41235977564102566 0.4445245726495727 0.04907852564102568 0.06821581196581204
3 0.8508246527777779 0.9484953703703703 0.05355902777777768 0.06655092592592596
3 0.6449819711538461 0.039636752136752156 0.04206730769230767 0.058012820512820557
3 0.07632211538461543 0.15144230769230774 0.030048076923076917 0.0347222222222222
3 0.05036057692307694 0.02163461538461541 0.08197115384615389 0.04326923076923082
3 0.14543269230769235 0.27164797008547015 0.02804487179487176 0.042708333333333334
3 0.3027644230769231 0.5532318376068376 0.033894230769230795 0.04310897435897445
0 0.9722556089743591 0.4022569444444445 0.035056089743589605 0.04756944444444441
0 0.9539312900641026 0.424599358974359 0.01693709935897427 0.02526709401709404
0 0.859990985576923 0.039596688034188074 0.033723958333333394 0.04340277777777778
1 0.8054887820512822 0.8525641025641026 0.054086538461538325 0.06410256410256411
3 0.707790798611111 0.9369212962962962 0.02712673611111116 0.03472222222222226
