2 0.9432091346153847 0.3457532051282052 0.10717147435897445 0.1455662393162393
2 0.2771434294871795 0.1774839743589744 0.08713942307692309 0.10817307692307691
1 0.3026842948717949 0.2682959401709402 0.07411858974358973 0.07879273504273504
1 0.7934087798905214 0.8165844377220781 0.06521895707288969 0.06158767886295979
1 0.7559094551282052 0.1544871794871795 0.08713942307692317 0.13814102564102568
2 0.5335536858974359 0.6569043803418803 0.05909455128205128 0.08410790598290596
2 0.5171875 0.7453125 0.08125 0.09895833333333333
2 0.5192587209302326 0.8445615310077519 0.08866279069767442 0.09018895348837207
2 0.14693059456928842 0.6392595193508115 0.10115285580524339 0.10490792759051182
1 0.42946155709600475 0.8433139534883722 0.07476147883124629 0.08057170542635662
1 0.56875 0.7322916666666667 0.04375 0.06041666666666667
2 0.8266125801282052 0.7259348290598291 0.05791266025641022 0.09396367521367519
0 0.805859375 0.8598958333333333 0.03046875 0.034375
0 0.795703125 0.7328125 0.02421875 0.03854166666666667
0 0.40546875 0.9692708333333333 0.0453125 0.059375
2 0.04316907051282053 0.3217147435897436 0.08633814102564107 0.11618589743589744
