3 0.34825721153846156 0.6495726495726496 0.037059294871794844 0.05341880341880341
3 0.14453125 0.7203125 0.05 0.065625
3 0.13130008012820515 0.4946848290598291 0.03583733974358969 0.056036324786324816
0 0.5410957532051283 0.12594818376068379 0.035997596153846255 0.042975427350427385
0 0.5516326121794872 0.04926549145299148 0.028946314102564142 0.03875534188034192
0 0.660967548076923 0.14861111111111114 0.026622596153846167 0.035042735042735064
0 0.6036258012820512 0.21666666666666667 0.027123397435897534 0.03247863247863251
0 0.659014423076923 0.28048878205128214 0.028525641025641056 0.03838141025641028
0 0.7043770032051283 0.2674145299145299 0.019931891025641146 0.02713675213675219
0 0.9544070512820513 0.022529380341880366 0.024679487179487224 0.03079594017094021
0 0.8515625 0.5765625 0.0328125 0.042708333333333334
0 0.9279947916666668 0.6781383547008547 0.029427083333333392 0.033680555555555595
0 0.8517628205128205 0.816479700854701 0.027644230769230838 0.034775641025641
0 0.6807892628205129 0.7467681623931625 0.02303685897435894 0.031463675213675185
0 0.6551682692307692 0.884468482905983 0.0322115384615385 0.03768696581196582
0 0.8049479166666668 0.8996928418803418 0.036979166666666605 0.04730235042735049
0 0.6311298076923076 0.8385149572649573 0.01586538461538458 0.01463675213675207
0 0.5246694711538462 0.6288728632478633 0.022776442307692334 0.030715811965811923
0 0.5517828525641025 0.5100827991452992 0.021434294871794803 0.030582264957265022
0 0.5108473557692308 0.5094017094017095 0.022375801282051366 0.03461538461538467
0 0.5 0.46145833333333336 0.025 0.03125
0 0.6456430288461539 0.44142628205128204 0.027223557692307755 0.03167735042735049
0 0.3669671474358974 0.500667735042735 0.027684294871794933 0.03338675213675213
0 0.3174278846153846 0.5273904914529914 0.02860576923076925 0.036030982905982965
0 0.25539863782051286 0.6330261752136752 0.040484775641025685 0.04436431623931618
0 0.19140625 0.7375 0.0296875 0.0375
0 0.131630608974359 0.8991720085470085 0.047636217948717974 0.05582264957264951
0 0.114453125 0.6703125 0.02734375 0.030208333333333334
0 0.3930989583333333 0.7486378205128206 0.04661458333333335 0.04855769230769222
1 0.9483173076923077 0.24289529914529914 0.04887820512820511 0.038782051282051304
1 0.9282151442307693 0.7720352564102565 0.045132211538461496 0.03926282051282044
1 0.358984375 0.32447916666666665 0.03046875 0.046875
1 0.7465544871794872 0.31368856837606834 0.02972756410256423 0.05211004273504276
0 0.9899939903846153 0.6204059829059829 0.020452724358974272 0.03696581196581204
0 0.20052083333333334 0.5954861111111112 0.020032051282051277 0.028044871794871775
0 0.4477564102564102 0.6533920940170941 0.04038461538461542 0.048450854700854744
