0 0.24470152243589743 0.1919871794871795 0.03984375 0.05512820512820517
0 0.13046875 0.04895833333333333 0.0375 0.052083333333333336
0 0.3102263621794872 0.20981570512820516 0.043008814102564144 0.059535256410256414
0 0.48647836538461553 0.06137820512820515 0.03104967948717947 0.04658119658119662
0 0.475390625 0.321875 0.03515625 0.05625
0 0.5307892628205129 0.49131944444444453 0.036578525641025726 0.04674145299145298
0 0.45243389423076935 0.5744791666666667 0.03904246794871798 0.048691239316239296
0 0.6585036057692308 0.4546340811965813 0.037560096153846166 0.05333867521367524
0 0.7421975160256411 0.8061298076923078 0.044451121794871894 0.06615918803418795
0 0.4502103365384615 0.8629807692307693 0.03547676282051286 0.05395299145299148
0 0.4766125801282052 0.7901709401709401 0.02890625 0.035416666666666666
0 0.11864983974358975 0.732144764957265 0.037540064102564184 0.04586004273504282
0 0.044771634615384664 0.42135416666666664 0.033052884615384616 0.050454059829059913
0 0.08738982371794875 0.3345753205128206 0.03195112179487186 0.04505876068376077
0 0.39123597756410255 0.20625 0.03203125 0.041666666666666664
1 0.7333233173076923 0.08015491452991455 0.06820913461538466 0.08114316239316244
1 0.6889122596153847 0.28478899572649574 0.06688701923076926 0.05916132478632482
1 0.5212940705128205 0.23247863247863249 0.06358173076923083 0.06495726495726499
1 0.8493525811511183 0.455008865248227 0.04985423486088383 0.06929669030732857
0 0.7590845352564102 0.37060630341880346 0.03471554487179489 0.0477831196581197
1 0.8936598557692307 0.7995058760683762 0.040004006410256386 0.08474893162393163
3 0.7061498397435898 0.4076121794871795 0.03770032051282044 0.048557692307692336
3 0.7514823717948719 0.6078792735042735 0.06193910256410255 0.08338675213675219
3 0.5596854967948718 0.6298611111111112 0.07093349358974362 0.08611111111111107
3 0.49255809294871805 0.5214342948717949 0.03491586538461542 0.04794337606837609
3 0.10151241987179489 0.07836538461538464 0.07041266025641021 0.09006410256410262
3 0.3621895032051282 0.11594551282051285 0.08531650641025648 0.09727564102564097
0 0.35051081730769235 0.3577457264957265 0.0445713141025641 0.06282051282051289
0 0.5220352564102564 0.7450721153846154 0.044070512820512865 0.05472756410256411
0 0.12348758012820515 0.8047542735042736 0.04453125 0.04791666666666667
0 0.2875 0.9036458333333334 0.0265625 0.03854166666666667
0 0.9014544547872341 0.6325667166757593 0.01878878546099294 0.025942216766684824
