2 0.4599459134615385 0.33348023504273505 0.06207932692307701 0.08095619658119653
2 0.6671875 0.6364583333333333 0.059375 0.09166666666666666
2 0.680078125 0.703125 0.07890625 0.08958333333333333
2 0.8480568910256411 0.688969017094017 0.06310096153846168 0.06810897435897433
2 0.242578125 0.8383680555555555 0.04453125 0.11215277777777774
2 0.075390625 0.42239583333333336 0.07005208333333335 0.12604166666666666
2 0.79140625 0.29756944444444444 0.0609375 0.10625000000000002
1 0.7979166666666666 0.08072916666666667 0.038541666666666696 0.04340277777777779
1 0.8049479166666668 0.11996527777777777 0.05989583333333339 0.03923611111111113
1 0.62890625 0.2975160256410257 0.027604166666666697 0.07163461538461537
1 0.37650240384615385 0.14632745726495727 0.02616185897435903 0.04345619658119659
1 0.25703125 0.45364583333333336 0.046354166666666696 0.0413194444444444
1 0.14166666666666666 0.6336805555555555 0.040625 0.05486111111111107
1 0.055859375 0.9010416666666666 0.03828125 0.06666666666666667
1 0.4924479166666667 0.9835069444444445 0.0578125 0.030902777777777737
1 0.709375 0.9005208333333333 0.0375 0.046875
1 0.46484375 0.7076388888888889 0.025520833333333392 0.05416666666666667
1 0.3345052083333333 0.8453125 0.03307291666666665 0.06493055555555548
1 0.2946614583333333 0.8342013888888888 0.06536458333333335 0.04201388888888893
1 0.8138020833333333 0.44340277777777776 0.03385416666666661 0.053472222222222206
0 0.7678385416666667 0.24305555555555552 0.019010416666666696 0.0263888888888889
0 0.24544270833333331 0.21788194444444448 0.020572916666666653 0.026736111111111103
0 0.042317708333333336 0.7736111111111111 0.02786458333333333 0.03888888888888893
2 0.4221354166666667 0.7177083333333333 0.05885416666666665 0.09513888888888893
2 0.6626302083333334 0.43020833333333336 0.0705729166666667 0.07847222222222221
