1 0.4734575320512821 0.08466880341880346 0.04907852564102573 0.05608974358974359
1 0.5973157051282052 0.6581063034188035 0.03125 0.06354166666666666
0 0.8690905448717949 0.5790998931623932 0.03305288461538467 0.03410790598290608
0 0.9240184294871796 0.7544070512820513 0.020713141025641056 0.03338675213675207
0 0.8285256410256411 0.7270299145299146 0.024038461538461675 0.024038461538461557
0 0.6332131410256411 0.6602564102564104 0.030048076923076917 0.048076923076923114
0 0.2630709134615385 0.6483573717948717 0.01292067307692304 0.023798076923077005
0 0.3298477564102564 0.5795405982905983 0.03782051282051282 0.0412393162393163
0 0.4494391025641026 0.30761217948717956 0.025000000000000088 0.0322115384615385
0 0.2151542467948718 0.16924412393162397 0.021254006410256387 0.0302617521367521
0 0.9141626602564102 0.39049145299145305 0.035056089743589605 0.045405982905982904
3 0.9328826121794872 0.4748397435897436 0.02642227564102555 0.037820512820512776
3 0.6864883814102564 0.7677617521367522 0.027664262820512864 0.04407051282051289
0 0.33690905448717945 0.8578392094017094 0.018369391025641012 0.02390491452991448
