0 0.03488581730769233 0.7297142094017095 0.01929086538461534 0.024011752136752187
0 0.454296875 0.47239583333333335 0.01953125 0.026041666666666668
0 0.6157752403846154 0.7251736111111112 0.026862980769230837 0.03576388888888893
0 0.565625 0.390625 0.025 0.03333333333333333
0 0.840625 0.3171875 0.015625 0.019791666666666666
0 0.093359375 0.10104166666666667 0.03828125 0.0625
0 0.062890625 0.12291666666666666 0.02734375 0.0375
0 0.38068910256410254 0.9737313034188035 0.01875 0.026041666666666668
2 0.9316205929487179 0.45066773504273505 0.10230368589743595 0.10133547008547013
0 0.9857572115384616 0.3412393162393163 0.015985576923076828 0.021688034188034125
0 0.9201221955128205 0.3873931623931624 0.02694310897435894 0.04188034188034185
2 0.7427984775641026 0.12298344017094019 0.0909655448717948 0.13971688034188037
2 0.6144330929487181 0.2200320512820513 0.10566907051282053 0.11923076923076928
2 0.289453125 0.7192708333333333 0.07421875 0.109375
2 0.081640625 0.3614583333333333 0.09765625 0.1375
2 0.8326622596153846 0.6453926282051282 0.07986778846153833 0.11786858974358978
2 0.6901442307692308 0.4844818376068376 0.056410256410256474 0.08712606837606843
2 0.69296875 0.29583333333333334 0.0640625 0.08333333333333333
2 0.5021734775641026 0.3832799145299146 0.0784655448717948 0.09989316239316247
2 0.3431991185897436 0.25237713675213674 0.06921073717948718 0.0839209401709402
1 0.40703125 0.4510416666666667 0.0609375 0.0625
1 0.17591145833333335 0.6403579059829061 0.08098958333333331 0.09321581196581204
1 0.552734375 0.8375 0.06171875 0.07291666666666667
1 0.884765625 0.5333333333333333 0.04765625 0.058333333333333334
1 0.7827123397435898 0.20625 0.04354967948717956 0.058653846153846195
1 0.05028044871794877 0.2309027777777778 0.05408653846153845 0.08680555555555557
2 0.76796875 0.3151041666666667 0.0796875 0.08854166666666667
2 0.6302784455128206 0.6415331196581197 0.07397836538461541 0.10154914529914537
2 0.8953125 0.7921875 0.05625 0.10104166666666667
2 0.79921875 0.5151041666666667 0.0875 0.115625
2 0.241015625 0.49114583333333334 0.12265625 0.09895833333333333
2 0.255859375 0.9578125 0.05859374999999996 0.08229166666666667
2 0.5261418269230769 0.9028712606837607 0.05588942307692317 0.07032585470085474
2 0.446875 0.9770833333333333 0.0609375 0.04375
2 0.3625 0.37083333333333335 0.05625 0.09375
0 0.346484375 0.425 0.03515625 0.035416666666666666
0 0.344921875 0.5130208333333334 0.03203125 0.040625
2 0.7147636217948719 0.6602564102564102 0.06526442307692308 0.09081196581196581
1 0.7301883012820513 0.8859241452991452 0.06774839743589736 0.08018162393162397
2 0.5928285256410257 0.05301816239316241 0.08878205128205137 0.10603632478632483
1 0.107421875 0.15572916666666667 0.07109375 0.078125
2 0.326953125 0.15885416666666666 0.11640625 0.10104166666666667
1 0.51171875 0.29375 0.059375 0.09583333333333334
