0 0.67734375 0.24427083333333333 0.040625 0.059375
0 0.5725594579646017 0.50109697640118 0.03436117256637168 0.05035029498525076
0 0.6343668619791666 0.8855360243055554 0.025048828124999912 0.03122829861111131
0 0.11714242788461542 0.779780982905983 0.02603165064102566 0.03472222222222226
1 0.8398584905660378 0.4371953616352201 0.044781839622641505 0.06016116352201255
1 0.863134765625 0.6154947916666667 0.03779296875 0.05807291666666667
1 0.76142578125 0.7459852430555556 0.030533854166666697 0.037977430555555476
1 0.8883417241170779 0.16377398806644095 0.03744406144170274 0.061235083051120874
1 0.916015625 0.21354166666666666 0.05546875 0.075
1 0.6142318860619469 0.22891316371681422 0.06301852876106188 0.08771202064896763
1 0.496308257161155 0.07599557522123897 0.04752488938053094 0.048783185840708045
1 0.3989344012366689 0.24449951781257095 0.042839162128431994 0.0731322328114364
1 0.24751971575573548 0.037691885964912276 0.03209872638326585 0.07538377192982455
1 0.39997495993589743 0.7327056623931624 0.05732171474358978 0.06877670940170949
1 0.6604535398230088 0.6456351401179942 0.04247787610619458 0.04335361356932156
1 0.2757200995276653 0.5093974921277553 0.031207827260458832 0.07221378767431398
1 0.33217648237179487 0.472636217948718 0.02865584935897445 0.08277243589743595
1 0.18390925480769232 0.6048477564102565 0.05475761217948723 0.07876602564102567
1 0.17421875 0.7526041666666666 0.0328125 0.05520833333333333
1 0.07294170673076927 0.7941372863247864 0.02929687499999999 0.05942841880341874
1 0.6576171875 0.7169921875 0.055859375 0.056901041666666666
1 0.234765625 0.7739583333333333 0.03046875 0.05
2 0.5470283426934422 0.2967948717948719 0.06529562343998192 0.0920665985931473
2 0.47325220352564107 0.6428952991452992 0.06301081730769216 0.1295405982905983
1 0.5143905376688401 0.024725028140040402 0.08017910165346995 0.04807944224499309
1 0.23999794407894734 0.28282620614035087 0.044058388157894736 0.048930921052631596
3 0.7018355918141592 0.2934642330383481 0.03023368362831853 0.04526179941002954
1 0.11046463815789473 0.31699561403508775 0.05641447368421051 0.04857456140350879
0 0.17872121710526317 0.2957922149122807 0.028865131578947344 0.03752741228070171
3 0.16652960526315788 0.3419956140350877 0.03474506578947365 0.04791666666666667
1 0.16843001433873145 0.05435644399460189 0.04615279183535766 0.0667257085020243
1 0.6400227864583333 0.8232204861111112 0.04466145833333339 0.05060763888888893
0 0.069921875 0.06927083333333334 0.02890625 0.040625
