0 0.20703125 0.5541666666666667 0.040625 0.05416666666666667
0 0.242578125 0.584375 0.03203125 0.035416666666666666
0 0.234375 0.5255208333333333 0.03125 0.042708333333333334
0 0.09453125000000002 0.1954059829059829 0.029687500000000044 0.04252136752136749
0 0.08019831730769231 0.23887553418803417 0.0423277243589744 0.05483440170940173
0 0.199609375 0.284375 0.02890625 0.03333333333333333
0 0.15703125 0.3182291666666667 0.0171875 0.030208333333333334
0 0.172265625 0.3104166666666667 0.02578125 0.0375
0 0.3015625 0.28020833333333334 0.021875 0.03125
0 0.323046875 0.3104166666666667 0.03203125 0.0375
0 0.3390625 0.2109375 0.021875 0.03229166666666667
0 0.374609375 0.23958333333333334 0.04453125 0.05625
0 0.34921875 0.08489583333333334 0.0390625 0.046875
0 0.5535773026315789 0.11293859649122805 0.022779605263157875 0.03289473684210527
0 0.342578125 0.025 0.03046875 0.0375
0 0.37734375 0.021354166666666667 0.04375 0.042708333333333334
0 0.75546875 0.058333333333333334 0.04375 0.05625
0 0.8375 0.023958333333333335 0.0390625 0.04791666666666667
0 0.9555509868421052 0.04015899122807018 0.03133223684210531 0.03591008771929824
0 0.86328125 0.0140625 0.040625 0.028125
0 0.92890625 0.3453125 0.0265625 0.03854166666666667
0 0.87421875 0.3953125 0.0296875 0.040625
0 0.8342105263157894 0.5022203947368421 0.03223684210526319 0.04819078947368419
0 0.7192023026315789 0.573656798245614 0.025411184210526194 0.036896929824561414
0 0.72421875 0.6177083333333333 0.0296875 0.03125
0 0.8056537828947368 0.8141447368421052 0.026850328947368496 0.033991228070175454
0 0.95625 0.8489583333333334 0.025 0.0375
0 0.9256109775641026 0.8930689102564103 0.02109375 0.028125
0 0.8741570723684211 0.8391173245614034 0.028001644736842125 0.03448464912280696
0 0.9044270833333334 0.789196047008547 0.024479166666666784 0.03619123931623929
0 0.5462171052631579 0.8563870614035086 0.03914473684210531 0.04819078947368413
0 0.26171875 0.8572916666666667 0.034375 0.041666666666666664
0 0.17734375 0.9 0.028125 0.035416666666666666
0 0.178125 0.9708333333333333 0.0265625 0.03125
0 0.141015625 0.9791666666666666 0.03515625 0.03958333333333333
0 0.108203125 0.9510416666666667 0.03671875 0.03958333333333333
0 0.02660256410256412 0.6284989316239317 0.027323717948717997 0.0474893162393163
0 0.48756958502024295 0.8433662280701754 0.023216093117408843 0.03256578947368413
0 0.3515625 0.85 0.025 0.03125
1 0.790625 0.034375 0.0671875 0.06875
1 0.812890625 0.2203125 0.06796875 0.057291666666666664
1 0.7676809210526315 0.25438596491228066 0.055098684210526286 0.05921052631578944
1 0.1813201121794872 0.09285523504273506 0.0704527243589744 0.08779380341880347
1 0.19095394736842106 0.39898926000899687 0.049013157894736835 0.06771536212325693
1 0.11998197115384616 0.33661858974358977 0.050901442307692335 0.10240384615384622
1 0.283984375 0.31927083333333334 0.03359375 0.053125
1 0.27421875 0.23697916666666666 0.046875 0.06145833333333333
1 0.3635896381578947 0.6887061403508772 0.04749177631578942 0.04802631578947374
1 0.3756167763157895 0.6328399122807017 0.04564144736842106 0.05515350877192991
1 0.410546875 0.5901041666666667 0.03984375 0.06979166666666667
1 0.5807918986167341 0.7902138157894737 0.06374515013495267 0.05115131578947363
1 0.4953330592105263 0.9603070175438596 0.04823190789473682 0.059649122807017466
1 0.339453125 0.8005208333333333 0.04765625 0.051041666666666666
1 0.199609375 0.884375 0.05546875 0.08541666666666667
1 0.9581825657894736 0.4554002192982456 0.04745065789473681 0.06288377192982454
1 0.8194901315789472 0.4399122807017543 0.04194078947368416 0.061842105263157934
1 0.5234375 0.26875 0.0703125 0.06666666666666667
2 0.913671875 0.3619791666666667 0.07265625 0.153125
2 0.8319078947368421 0.6875274122807017 0.04342105263157876 0.08547149122807009
2 0.818359375 0.9671875 0.07421875 0.06354166666666666
2 0.6854066506410257 0.8504807692307692 0.05987580128205137 0.0736111111111112
2 0.3386924342105263 0.4305098684210526 0.07425986842105262 0.07976973684210525
2 0.6407072368421052 0.19497160368870894 0.06891447368421044 0.07853969860548811
2 0.13888537449392713 0.7962269455690508 0.04915232793522273 0.07271704903283868
2 0.31796875 0.6760416666666667 0.0375 0.075
2 0.55859375 0.6796875 0.0546875 0.08229166666666667
2 0.705078125 0.38697916666666665 0.08046875 0.071875
2 0.4647409539473684 0.286156798245614 0.06270559210526319 0.11189692982456136
2 0.9263363486842107 0.6885416666666667 0.06673519736842107 0.08541666666666667
2 0.8587582236842106 0.6005482456140351 0.04810855263157894 0.07390350877192992
2 0.432421875 0.033854166666666664 0.06640625 0.06770833333333333
2 0.103515625 0.07708333333333334 0.06328125 0.06458333333333334
3 0.7280633223684211 0.09989035087719297 0.034004934210526284 0.04144736842105263
3 0.03046875 0.21822916666666667 0.0421875 0.046875
3 0.009375 0.21875 0.0171875 0.03125
3 0.395703125 0.9380208333333333 0.03046875 0.03854166666666667
3 0.591434189439946 0.5875548245614034 0.027657936909581606 0.031030701754385957
3 0.678515625 0.32708333333333334 0.05078125 0.04375
0 0.61484375 0.47291666666666665 0.034375 0.03333333333333333
0 0.5595600328947368 0.3540570175438596 0.014103618421052566 0.017763157894736814
0 0.5349506578947368 0.350328947368421 0.02384868421052646 0.02960526315789475
0 0.581640625 0.271875 0.02265625 0.03333333333333333
1 0.587109375 0.2109375 0.04609375 0.06979166666666667
1 0.4984375 0.08031798245614036 0.046875 0.05
1 0.30520148026315785 0.11554276315789473 0.03803453947368425 0.07099780701754387
1 0.595703125 0.42083333333333334 0.05703125 0.05416666666666667
1 0.625390625 0.5078125 0.03984375 0.03854166666666667
1 0.73046875 0.6489583333333333 0.06875 0.08125
0 0.7804893092105264 0.898656798245614 0.031126644736842034 0.03601973684210513
1 0.86875 0.9145833333333333 0.025 0.04583333333333333
1 0.271484375 0.8197916666666667 0.03359375 0.05416666666666667
2 0.41350740131578945 0.18760964912280703 0.06607730263157893 0.07478070175438599
2 0.34453125 0.1421875 0.075 0.06979166666666667
0 0.405859375 0.26145833333333335 0.03046875 0.03958333333333333
0 0.419921875 0.22760416666666666 0.02421875 0.026041666666666668
1 0.02890625 0.013541666666666667 0.04375 0.027083333333333334
1 0.714453125 0.021875 0.04921875 0.04375
0 0.571875 0.9817708333333334 0.0375 0.034375
0 0.23507401315789472 0.7327302631578948 0.02327302631578947 0.02796052631578938
1 0.9033717105263157 0.5350877192982455 0.04029605263157894 0.07456140350877191
0 0.111328125 0.019270833333333334 0.02734375 0.03854166666666667
0 0.080859375 0.019791666666666666 0.03515625 0.03958333333333333
0 0.241796875 0.35833333333333334 0.03203125 0.03958333333333333
0 0.6793791118421052 0.5444901315789473 0.03967927631578956 0.053563596491228084
