0 0.404865751303781 0.4052171610169492 0.04169858213820077 0.050971045197740136
0 0.22815170940170942 0.3582070707070707 0.047168803418803404 0.062205387205387194
0 0.11731770833333335 0.3329460470085471 0.028185096153846168 0.042975427350427434
0 0.15563426906779662 0.5971927966101696 0.03716896186440677 0.04519774011299435
0 0.3380954982517482 0.7083491161616161 0.035614559052059035 0.04584385521885525
0 0.36661871114996114 0.7894242909867909 0.03696459790209796 0.045730542605542726
0 0.3846254006410257 0.9110576923076923 0.03643830128205137 0.05288461538461533
0 0.075390625 0.7026041666666667 0.05546875 0.065625
0 0.20901199494949493 0.7602220117845118 0.053882575757575754 0.06836069023569019
0 0.5602539821289821 0.08029088966588967 0.03321678321678316 0.047751554001553995
0 0.6949239996114998 0.02104377104377104 0.03883789821289829 0.04208754208754208
0 0.7230606179189027 0.36227607582985494 0.025354054859868837 0.03489552275889475
0 0.21555488782051282 0.17080662393162396 0.04004407051282053 0.04407051282051284
3 0.19215988005050505 0.6564280626780626 0.07180397727272729 0.09918091168091164
3 0.07963741987179489 0.18462873931623935 0.03944310897435902 0.061832264957264994
3 0.4220502804487179 0.9432603276353276 0.04088207799145307 0.05387286324786314
0 0.2400603677748805 0.4478091500072433 0.03232629834854408 0.047001756482688666
0 0.6788695245726496 0.8708043981481481 0.04089877136752138 0.05410879629629631
0 0.47227564102564107 0.3091613247863248 0.04142628205128211 0.05582264957264963
0 0.31070730117340284 0.3174989587860351 0.030068448500651934 0.046322703896856395
0 0.03244190705128207 0.08247863247863249 0.039683493589743636 0.049786324786324845
