2 0.703125 0.9104166666666667 0.0828125 0.12916666666666668
2 0.7622996794871795 0.79508547008547 0.06834935897435894 0.16816239316239306
2 0.7243589743589745 0.10737179487179492 0.08413461538461542 0.12553418803418803
0 0.1859375 0.5776041666666667 0.046875 0.071875
0 0.1538161057692308 0.5819845085470086 0.040805288461538414 0.05771901709401715
1 0.233984375 0.8828125 0.05859375 0.08229166666666667
0 0.9271834935897436 0.3470886752136753 0.05108173076923066 0.07077991452991454
0 0.348417467948718 0.22122061965811968 0.0594150641025641 0.08880876068376065
0 0.36278044871794873 0.5213675213675214 0.06810897435897437 0.08012820512820511
1 0.354266826923077 0.41386217948717957 0.09715544871794876 0.11351495726495724
2 0.6359575320512821 0.9019497863247864 0.06558493589743586 0.11223290598290596
