0 0.24631410256410255 0.18534226190476188 0.03564560439560438 0.04796626984126983
0 0.24208877060439563 0.2799049908424908 0.024751030219780246 0.036420177045177096
0 0.014843750000000006 0.24181547619047616 0.024479166666666677 0.038194444444444434
0 0.4557105654761905 0.12993551587301588 0.02831101190476195 0.0456845238095238
0 0.6512648809523809 0.02234623015873016 0.020386904761904745 0.02673611111111111
1 0.5140224358974359 0.7136752136752136 0.028044871794871896 0.06677350427350426
1 0.47734375 0.69375 0.0328125 0.04375
1 0.48984375 0.709375 0.028125 0.05416666666666667
1 0.10360863095238097 0.21401289682539684 0.039062499999999965 0.05014880952380952
1 0.30961681547619047 0.08859126984126983 0.0325520833333333 0.06388888888888888
1 0.7275297619047618 0.8336309523809523 0.032440476190476186 0.08690476190476192
1 0.071484375 0.884375 0.06015625 0.058333333333333334
1 0.05887276785714286 0.30513392857142857 0.06305803571428571 0.04151785714285712
1 0.0359375 0.2994791666666667 0.0375 0.03229166666666667
1 0.00859375 0.32916666666666666 0.0171875 0.075
1 0.46530877976190477 0.2079861111111111 0.03143601190476186 0.057242063492063504
1 0.35342261904761907 0.07666170634920635 0.034970238095238096 0.06790674603174603
1 0.41595982142857146 0.08546626984126984 0.04680059523809525 0.05386904761904763
2 0.19921874999999997 0.6678571428571428 0.056919642857142835 0.05595238095238102
2 0.10091145833333333 0.8358707264957265 0.10026041666666666 0.0814636752136753
2 0.17549793956043955 0.9336290445665445 0.053021978021977986 0.07024191086691083
2 0.3009672619047619 0.5126488095238095 0.055059523809523815 0.07589285714285712
0 0.27700892857142856 0.5457837301587302 0.027232142857142882 0.03740079365079367
0 0.19458705357142855 0.7091269841269842 0.02823660714285712 0.040079365079364965
0 0.17591145833333333 0.7026785714285714 0.016257440476190467 0.022222222222222143
0 0.1675523695054945 0.7382116147741147 0.02352621336996341 0.03349740537240535
0 0.2676282051282051 0.7868398962148964 0.02707188644688645 0.0300289987789989
0 0.288590315934066 0.7114621489621489 0.03774610805860808 0.05685286935286946
2 0.7857142857142858 0.6453373015873016 0.07366071428571433 0.10615079365079368
2 0.769921875 0.3203125 0.07734375 0.06145833333333333
2 0.4193709935897436 0.5088274572649573 0.07311698717948723 0.08442841880341874
2 0.6458891369047619 0.5779761904761905 0.05591517857142856 0.06428571428571424
2 0.6989583333333333 0.22743055555555555 0.044791666666666695 0.0590277777777778
0 0.6852678571428571 0.2515376984126984 0.03422619047619051 0.03958333333333333
2 0.84296875 0.12871260683760682 0.0765625 0.07916666666666665
1 0.859765625 0.1734375 0.04296875 0.042708333333333334
1 0.5628720238095237 0.19593253968253965 0.04241071428571432 0.08829365079365079
1 0.401171875 0.44635416666666666 0.04453125 0.07395833333333333
2 0.55234375 0.5583333333333333 0.08125 0.06875
1 0.546484375 0.5880208333333333 0.03828125 0.046875
1 0.440625 0.6463541666666667 0.0640625 0.04895833333333333
2 0.3443452380952381 0.823015873015873 0.048809523809523817 0.07519841269841265
2 0.3796502976190476 0.8203869047619048 0.04055059523809521 0.06339285714285718
0 0.9045744619963368 0.5724130036630036 0.030880837912087778 0.04068986568986557
0 0.8689188415750916 0.5046626984126984 0.03620077838827847 0.04920634920634921
0 0.6326078869047619 0.06686507936507936 0.04207589285714279 0.06369047619047619
0 0.5017485119047619 0.06785714285714285 0.03400297619047619 0.03988095238095237
0 0.23915550595238094 0.3544890873015873 0.025409226190476187 0.0330853174603174
0 0.3265625 0.4381944444444444 0.012797619047619025 0.017460317460317457
0 0.19348958333333333 0.31235119047619053 0.022395833333333347 0.029464285714285707
0 0.1874813988095238 0.35034722222222225 0.02682291666666663 0.03938492063492062
0 0.09053199404761905 0.11644345238095237 0.017373511904761905 0.02554563492063493
0 0.13151041666666666 0.15513392857142855 0.02120535714285714 0.028025793650793673
0 0.6421875 0.35615079365079366 0.04375 0.05952380952380955
0 0.6205357142857142 0.5245535714285714 0.04761904761904763 0.06696428571428571
0 0.6885602678571429 0.5509424603174603 0.02987351190476186 0.03799603174603175
0 0.7651785714285714 0.8297867063492064 0.035119047619047536 0.05372023809523808
3 0.7026041666666666 0.8898065476190476 0.051041666666666693 0.07752976190476192
3 0.6400855654761906 0.8087549603174603 0.049516369047619066 0.06790674603174611
3 0.9374599358974359 0.16698336385836388 0.049931318681318615 0.06682692307692305
3 0.05169127747252748 0.5260912698412699 0.03277815934065932 0.045039682539682484
3 0.09619677197802201 0.7767590048840048 0.030191163003663056 0.03665293040293041
3 0.19296875 0.6022073412698412 0.022098214285714256 0.030704365079364967
2 0.218359375 0.5701884920634921 0.07295386904761907 0.09176587301587305
2 0.1337425595238095 0.4742063492063492 0.05915178571428572 0.07341269841269842
0 0.1425967261904762 0.453125 0.025 0.03125
0 0.14488467261904764 0.49573412698412694 0.024962797619047607 0.029166666666666667
1 0.34008556547619045 0.34749503968253964 0.05546875 0.06979166666666667
1 0.43046875 0.33958333333333335 0.0640625 0.0625
1 0.7781679258241758 0.27482066544566547 0.036097756410256386 0.05849358974358972
1 0.834970238095238 0.29198908730158735 0.04508928571428559 0.04995039682539678
2 0.8658854166666667 0.38586309523809526 0.056919642857142884 0.06359126984126989
1 0.6772693452380952 0.6374007936507937 0.03906249999999991 0.06051587301587311
1 0.585546875 0.2884806166056167 0.04609375 0.05711996336996344
1 0.6833333333333333 0.12018849206349207 0.026934523809523724 0.035416666666666666
1 0.20533567994505492 0.11418460012210012 0.03352506868131866 0.05635302197802196
0 0.3762090773809524 0.9826140873015874 0.051897321428571355 0.0366567460317461
3 0.026055975274725272 0.370734126984127 0.02750114468864469 0.03531746031746028
2 0.36225818452380953 0.6437347374847374 0.07607886904761907 0.08112026862026873
1 0.7756696428571429 0.5810763888888888 0.031994047619047714 0.03913690476190475
1 0.4240785256410257 0.9557825854700855 0.033653846153846166 0.04730235042735036
0 0.154532967032967 0.035546398046398045 0.03245192307692306 0.04299450549450549
0 0.3781436011904762 0.28189484126984127 0.038355654761904744 0.043353174603174574
0 0.5734274839743589 0.9743723290598292 0.021414262820512862 0.028819444444444405
