2 0.859375 0.36822916666666666 0.1046875 0.13854166666666667
2 0.472265625 0.8401041666666667 0.09609375 0.134375
2 0.4900741185897436 0.8098958333333334 0.08796073717948723 0.09895833333333333
2 0.38345352564102564 0.7912259615384616 0.07784455128205128 0.12171474358974356
2 0.2733573717948718 0.7407585470085469 0.09859775641025639 0.0955662393162393
2 0.10239383012820516 0.6777911324786324 0.09120592948717943 0.1432425213675214
2 0.366796875 0.521875 0.07265625 0.08958333333333333
2 0.5453225160256411 0.5063969017094017 0.08062900641025647 0.13277243589743595
2 0.85546875 0.2037037037037037 0.09114583333333322 0.11805555555555557
1 0.3737279647435897 0.5962540064102565 0.05332532051282053 0.05749198717948711
1 0.4339543269230769 0.4782051282051282 0.048958333333333395 0.0716346153846154
1 0.6002203525641026 0.6493189102564103 0.05625 0.06979166666666667
1 0.3300480769230769 0.7746661324786325 0.051722756410256344 0.07433226495726496
1 0.6685797275641026 0.5197649572649573 0.0574719551282052 0.0940170940170941
1 0.08849826388888889 0.12760416666666666 0.034809027777777765 0.08969907407407404
1 0.12503004807692308 0.1042735042735043 0.04381009615384619 0.06896367521367527
1 0.36690705128205126 0.02835202991452994 0.056850961538461545 0.05520833333333339
1 0.751797876602564 0.35381944444444446 0.045783253205128195 0.049305555555555595
2 0.8799078525641025 0.570178952991453 0.05649038461538467 0.093349358974359
2 0.6900240384615385 0.6834268162393163 0.070673076923077 0.11925747863247871
0 0.631640625 0.6703125 0.03515625 0.05520833333333333
0 0.17300681089743591 0.7297809829059829 0.0341947115384615 0.04738247863247871
0 0.32215401785714287 0.3445259353741496 0.014492984693877498 0.02013180272108842
0 0.7129457131410256 0.430849358974359 0.019320913461538504 0.019444444444444466
2 0.4751802884615384 0.15447382478632482 0.05665064102564106 0.10478098290598294
