3 0.5380608974358975 0.5260149572649573 0.07612179487179489 0.0895299145299146
3 0.7939703525641025 0.6375534188034189 0.10316506410256414 0.1255341880341881
3 0.47090344551282054 0.3497596153846155 0.08824118589743594 0.11618589743589751
3 0.4822415865384616 0.16776175213675215 0.05354567307692317 0.06885683760683765
3 0.3552684294871795 0.3878205128205129 0.06109775641025639 0.08012820512820511
3 0.21504407051282054 0.15811965811965814 0.06109775641025648 0.08814102564102563
3 0.2871594551282052 0.07932692307692311 0.03505608974358974 0.050747863247863255
3 0.37785456730769235 0.9142761752136752 0.06800881410256424 0.09137286324786315
0 0.717177483974359 0.44527243589743587 0.04441105769230776 0.06137820512820517
0 0.6672676282051283 0.6960470085470085 0.04807692307692309 0.06623931623931618
0 0.5771233974358975 0.6886752136752137 0.040064102564102644 0.05267094017094027
0 0.0171875 0.21927083333333333 0.034375 0.057291666666666664
1 0.84609375 0.8552083333333333 0.0546875 0.07708333333333334
0 0.454296875 0.49114583333333334 0.04609375 0.053125
3 0.5034354967948718 0.26072382478632483 0.05094150641025639 0.05563568376068373
3 0.07630208333333335 0.48555021367521367 0.038020833333333295 0.05026709401709404
3 0.623828125 0.9536458333333333 0.08046875 0.090625
0 0.2816506410256411 0.3130341880341881 0.026041666666666696 0.0347222222222222
0 0.28984375 0.43072916666666666 0.0234375 0.03229166666666667
0 0.41484375 0.9651041666666667 0.0375 0.046875
0 0.2155448717948718 0.28293269230769236 0.040064102564102554 0.057532051282051334
0 0.36953125 0.7953125 0.046875 0.05520833333333333
0 0.08233173076923081 0.7407719017094017 0.030048076923076938 0.041960470085470075
3 0.4368389423076923 0.4346554487179487 0.02816506410256423 0.04254807692307701
