0 0.7869991987179488 0.5806623931623932 0.04899839743589744 0.0678418803418803
0 0.716796875 0.40520833333333334 0.06328125 0.08333333333333333
0 0.295703125 0.21927083333333333 0.05078125 0.07604166666666666
2 0.6958133012820513 0.2369123931623932 0.09515224358974361 0.12019230769230772
2 0.5504807692307693 0.30841346153846155 0.0709134615384615 0.14567307692307688
2 0.529667467948718 0.15904113247863247 0.10941506410256405 0.10766559829059832
1 0.6467347756410258 0.44257478632478636 0.07912660256410256 0.10950854700854697
1 0.4303886217948718 0.638888888888889 0.08914262820512824 0.1255341880341881
3 0.6115985576923076 0.444511217948718 0.05492788461538458 0.08693910256410262
1 0.36728766025641024 0.13608440170940175 0.05909455128205128 0.062767094017094
