2 0.14625726744186046 0.18706395348837207 0.11155523255813952 0.09704457364341085
2 0.2451035610465116 0.1430303990260386 0.08828124999999995 0.14271827171536472
2 0.05895712209302324 0.3099200581395349 0.0926598837209302 0.12991763565891473
2 0.053006904069767435 0.5344113372093023 0.09275072674418601 0.1303052325581395
2 0.23491097383720927 0.49181201550387593 0.08232194767441858 0.11637596899224807
2 0.23089571220930233 0.766545542635659 0.09671148255813952 0.11661821705426358
2 0.32994186046511625 0.6573037790697674 0.07394622093023254 0.13122577519379847
2 0.4939226017441861 0.9008478682170543 0.11753270348837211 0.14355620155038765
2 0.4363008720930234 0.868640988372093 0.032485465116279054 0.04396802325581391
2 0.59765625 0.5388354700854701 0.0765625 0.12916666666666668
2 0.6123455668604652 0.2897892441860465 0.0778161337209303 0.09750484496124032
2 0.4529069767441861 0.3854725700655933 0.08237645348837211 0.09145796064400713
2 0.8833247148926656 0.05059816636851521 0.06365580277280873 0.06716607036374476
2 0.7000864173375074 0.7446056325780163 0.06403501416219451 0.0841898976346652
1 0.8139122596153847 0.1762286324786325 0.05126201923076934 0.07329059829059832
1 0.771875 0.244234496124031 0.038553779069767466 0.06506782945736435
1 0.9691497093023255 0.36790213178294573 0.05167151162790677 0.11569767441860464
1 0.7416599116726298 0.032400678294573645 0.06264674642218244 0.06480135658914729
1 0.4206970687984496 0.21474824836016698 0.054066506410256475 0.045539529914529926
1 0.17036700581395348 0.11302083333333333 0.07020348837209305 0.06979166666666667
1 0.34959237104949314 0.35115378403895847 0.021927176505664912 0.03170405982905979
1 0.12073946220930232 0.47506056201550384 0.04358648255813953 0.0685319767441861
1 0.05878452034883721 0.8845445736434108 0.06015625 0.09375
1 0.5440504807692308 0.6537126068376068 0.040024038461538416 0.0884081196581196
1 0.9378633720930234 0.7335150193798451 0.04996366279069768 0.07730135658914736
2 0.8118459302325581 0.6197916666666666 0.0875 0.08125
0 0.9773619186046512 0.12361918604651162 0.03183139534883743 0.043459302325581387
0 0.8811682412790697 0.30843023255813956 0.03163154069767451 0.04326550387596898
0 0.8924509447674419 0.4803294573643411 0.025417877906976825 0.0349806201550388
0 0.7751362645348838 0.4396438953488372 0.017496366279069787 0.021875
0 0.7072220203488373 0.5809956395348836 0.01796875 0.023812984496123946
0 0.6633392497763865 0.38567413287616775 0.038510453935599286 0.043816462929835015
0 0.5496294070512822 0.12216880341880344 0.028946314102564142 0.03183760683760687
0 0.5808889572152653 0.691868229477241 0.027175573941562357 0.03704842476644809
0 0.28434774709302324 0.9779190891472868 0.04380450581395352 0.04207848837209305
0 0.04765625 0.6734375 0.05 0.065625
0 0.12109375 0.2703125 0.0578125 0.07604166666666666
0 0.3792514534883721 0.36953730620155045 0.01711482558139532 0.02279554263565888
1 0.6012263808139535 0.34864341085271316 0.03828125 0.034302325581395364
1 0.6887119391025641 0.25633012820512824 0.03523637820512828 0.04150641025641022
1 0.5543695494186046 0.8128512596899226 0.03842659883720936 0.06804748062015507
2 0.37440952034883723 0.7535731589147286 0.04860101744186043 0.07594476744186049
1 0.237109375 0.6802083333333333 0.07109375 0.075
1 0.9671875 0.9302083333333333 0.0484375 0.0625
3 0.521484375 0.06875 0.01796875 0.022916666666666665
3 0.8030250726744186 0.5700339147286821 0.017387354651162746 0.023304263565891385
3 0.10077216569767442 0.7351138565891472 0.021747819767441823 0.026865310077519428
