1 0.616344722985348 0.2464762667887668 0.053024839743589604 0.04673000610500606
1 0.606640625 0.3476934523809524 0.06499255952380949 0.06453373015873017
1 0.8555188301282051 0.7086271367521368 0.05859375 0.07916666666666666
1 0.6036830357142857 0.8080109126984126 0.03325892857142856 0.04459325396825401
1 0.2543154761904762 0.3920882936507937 0.044940476190476183 0.045188492063492035
1 0.34196428571428567 0.3938988095238095 0.04523809523809521 0.061408730158730114
1 0.4140997023809524 0.2952590811965811 0.034895833333333307 0.05630723443223449
1 0.19831730769230768 0.5457875457875458 0.038003663003663 0.03998778998779008
0 0.11564503205128207 0.01562500000000002 0.04058493589743585 0.03125000000000004
0 0.09135044642857142 0.19813988095238097 0.03456101190476189 0.0382440476190476
0 0.1972727793040293 0.1295386904761905 0.025097298534798494 0.030605158730158715
0 0.45141512133699635 0.12482066544566545 0.033181662087912046 0.04996184371184369
0 0.33989955357142854 0.10404265873015874 0.03002232142857144 0.04588293650793651
0 0.23111979166666666 0.2574900793650794 0.040736607142857116 0.04652777777777774
0 0.3129092261904762 0.3303819444444444 0.033556547619047625 0.049652777777777796
0 0.10517113095238095 0.4878224206349206 0.03221726190476191 0.04310515873015876
0 0.08883928571428572 0.6289682539682538 0.026190476190476198 0.03968253968253966
0 0.20465029761904763 0.6417162698412698 0.03117559523809521 0.03740079365079367
0 0.22548363095238094 0.7229910714285714 0.03415178571428572 0.04012896825396813
0 0.26905048076923077 0.6585202991452992 0.041225961538461586 0.04620726495726497
0 0.06121222527472529 0.8420138888888888 0.026385073260073222 0.03422619047619039
0 0.09774210164835166 0.8483382936507937 0.017313415750915682 0.019593253968253895
0 0.45645461309523816 0.8617216117216117 0.03351934523809517 0.04639804639804635
0 0.44603365384615384 0.8036992521367521 0.03581730769230775 0.04698183760683759
0 0.43628663003663004 0.7482352716727717 0.030700549450549453 0.03924374236874233
0 0.486492673992674 0.6652529761904762 0.019574175824175734 0.026636904761904744
0 0.4370478479853479 0.6048324938949939 0.038106684981685034 0.04430326617826606
0 0.6242559523809523 0.5769803113553114 0.03571428571428568 0.042467948717948664
0 0.684281994047619 0.528720238095238 0.04215029761904754 0.05763888888888881
0 0.7769159226190476 0.6580433455433455 0.03694196428571424 0.04700854700854684
0 0.7160900297619047 0.7077037545787547 0.029129464285714234 0.0468940781440781
0 0.686328125 0.7057291666666666 0.02890625 0.042708333333333334
0 0.7533482142857142 0.8308531746031745 0.0364583333333333 0.04464285714285718
0 0.5996651785714285 0.8579613095238094 0.0328125 0.043998015873015814
0 0.7100060096153846 0.9357581654456655 0.03385702838827838 0.05110271672771655
0 0.5861421130952381 0.9855902777777777 0.024144345238095166 0.028720238095238198
0 0.4199032738095238 0.9026251526251526 0.025818452380952372 0.033424908424908514
0 0.971484375 0.6197916666666666 0.01796875 0.027083333333333334
0 0.8131410256410255 0.23203792735042736 0.038782051282051276 0.057825854700854745
0 0.7392485119047618 0.27194368131868124 0.03043154761904763 0.06523962148962147
0 0.6748111263736265 0.31130570818070813 0.025377747252747173 0.03810286935286934
0 0.616796875 0.453125 0.02734375 0.03125
0 0.7152715773809524 0.4892113095238095 0.029278273809523726 0.0434027777777778
0 0.5059480883699633 0.33759539072039074 0.03721096611721615 0.0430631868131868
0 0.48828125 0.39947916666666666 0.0453125 0.051041666666666666
0 0.463671875 0.3953125 0.02734375 0.04895833333333333
0 0.5503534226190476 0.09670711233211235 0.027269345238095256 0.034760378510378456
0 0.966015625 0.021875 0.03984375 0.04375
0 0.855859375 0.011458333333333333 0.04296875 0.022916666666666665
1 0.814453125 0.051041666666666666 0.08671875 0.04791666666666667
1 0.67265625 0.7869791666666667 0.0453125 0.06354166666666666
0 0.6343563988095238 0.8168650793650793 0.03188244047619042 0.048809523809523726
0 0.42557234432234436 0.5216212606837607 0.03427197802197792 0.044059065934065875
0 0.3712797619047619 0.6707589285714285 0.023809523809523815 0.039434523809523725
3 0.20571056547619052 0.3916170634920635 0.04609375 0.058333333333333334
3 0.33301568223443223 0.1835279304029304 0.040813873626373585 0.05556318681318686
3 0.8872996794871796 0.7975961538461538 0.042708333333333216 0.05651709401709404
3 0.5185239239926739 0.5323126526251526 0.02694024725274735 0.03656517094017093
3 0.6780677655677655 0.11487904456654456 0.02779304029304024 0.04801968864468863
3 0.1850661057692308 0.01295405982905985 0.025180288461538414 0.0259081196581197
3 0.582001201923077 0.02371794871794874 0.03231169871794881 0.03910256410256415
3 0.08041866987179488 0.5165197649572649 0.04589342948717956 0.0631143162393163
1 0.9533453525641026 0.5202457264957265 0.04330929487179489 0.051175213675213625
1 0.24453125 0.21354166666666666 0.05 0.04375
0 0.2772578983516484 0.19438721001221002 0.0303056318681318 0.03582875457875456
0 0.024609375 0.17011408730158728 0.03411458333333332 0.042708333333333334
0 0.71640625 0.375 0.0234375 0.029166666666666667
0 0.731640625 0.384375 0.03359375 0.04583333333333333
0 0.8234375 0.4354166666666667 0.0140625 0.020833333333333332
0 0.704296875 0.4041666666666667 0.03203125 0.03333333333333333
0 0.927734375 0.7322916666666667 0.03984375 0.04375
0 0.559765625 0.3651041666666667 0.03359375 0.026041666666666668
1 0.5661916208791209 0.39580853174603176 0.03725961538461533 0.03973214285714288
0 0.5512462797619048 0.6933379120879122 0.01060267857142847 0.014117826617826523
0 0.536328125 0.7714781746031746 0.01015625 0.011210317460317516
0 0.1871279761904762 0.4303819444444444 0.018601190476190466 0.022172619047619038
0 0.24430803571428572 0.48836805555555557 0.012872023809523814 0.021279761904761864
0 0.20721726190476192 0.9176587301587301 0.014136904761904745 0.01984126984126983
0 0.05369877518315018 0.7816468253968253 0.01611435439560439 0.025992063492063386
0 0.062109375 0.7130208333333333 0.01484375 0.021875
0 0.11317965888278388 0.7185477716727716 0.017688301282051278 0.019253663003663015
0 0.0341703869047619 0.3789186507936507 0.029873511904761906 0.03978174603174604
0 0.4630208333333334 0.521875 0.02782738095238093 0.03561507936507938
0 0.902734375 0.1984375 0.02421875 0.028125
0 0.09774925595238096 0.8020337301587301 0.012834821428571397 0.018948412698412652
0 0.11095610119047619 0.5692460317460317 0.02213541666666665 0.028174603174603165
0 0.16875572344322348 0.5884844322344323 0.018143315018314964 0.025412087912087836
0 0.03311011904761905 0.310218253968254 0.014136904761904762 0.02043650793650791
0 0.86796875 0.21458333333333332 0.0171875 0.01875
0 0.26398809523809524 0.809077380952381 0.022023809523809536 0.03065476190476192
