2 0.851736111111111 0.1904513888888889 0.11840277777777777 0.15381944444444445
2 0.9327880859375 0.3482747395833333 0.089013671875 0.15696614583333332
2 0.7926025390625 0.45192057291666665 0.100830078125 0.1580078125
2 0.7223876953125 0.44140625 0.061474609375 0.12369791666666667
2 0.6126802884615385 0.3911591880341881 0.10516826923076925 0.15625
2 0.689697265625 0.6167317708333333 0.0673828125 0.085546875
2 0.645703125 0.7380208333333333 0.10390625 0.15729166666666666
2 0.36015625 0.34375 0.1125 0.11875
2 0.416015625 0.37604166666666666 0.08203125 0.1
2 0.26927083333333335 0.595980235042735 0.1114583333333333 0.12321047008547008
2 0.18984375 0.8276041666666667 0.0984375 0.10520833333333333
2 0.249609375 0.86875 0.07890625 0.10416666666666667
2 0.35859375 0.6432291666666666 0.0796875 0.11354166666666667
2 0.3649889823717949 0.7530448717948718 0.1252904647435898 0.13349358974358966
2 0.12194511217948723 0.5118589743589744 0.10106169871794872 0.14188034188034196
2 0.109765625 0.6869791666666667 0.07265625 0.09270833333333334
0 0.4848808092948718 0.6078792735042735 0.02973758012820511 0.03798076923076922
0 0.22255608974358979 0.024884259259259255 0.03058226495726495 0.03819444444444445
0 0.3717397836538462 0.6042067307692308 0.026652644230769296 0.031971153846153774
0 0.816796875 0.3140625 0.04609375 0.051041666666666666
2 0.5535857371794872 0.12406517094017099 0.06911057692307691 0.11351495726495724
1 0.5240384615384616 0.47260950854700856 0.05809294871794872 0.06813568376068382
1 0.787841796875 0.6301106770833333 0.04443359375 0.0685546875
2 0.9310546875 0.07112630208333333 0.05888671875 0.06998697916666669
1 0.744921875 0.1580439814814815 0.04539930555555553 0.06585648148148149
0 0.6140625 0.18125 0.05625 0.08958333333333333
1 0.2947916666666667 0.10891203703703704 0.03541666666666665 0.0576388888888889
3 0.3513454861111111 0.21545138888888887 0.04730902777777777 0.062152777777777765
1 0.43051215277777777 0.20445601851851852 0.04001736111111107 0.040162037037037024
2 0.059765625 0.0171875 0.08828125 0.034375
0 0.177734375 0.39375 0.03359375 0.0375
