1 0.519501201923077 0.27096688034188043 0.08118990384615392 0.13488247863247865
1 0.6041666666666667 0.3931623931623932 0.07612179487179489 0.07211538461538461
1 0.8200120192307694 0.48664529914529914 0.06710737179487172 0.10683760683760675
1 0.5846354166666667 0.6388888888888891 0.0651041666666667 0.09081196581196581
2 0.31796875 0.3453125 0.1359375 0.17604166666666668
2 0.4094250801282051 0.2198183760683761 0.12333733974358974 0.10202991452991451
0 0.6792768429487179 0.30996260683760685 0.0480969551282052 0.06757478632478638
0 0.812890625 0.2125 0.04140625 0.03958333333333333
1 0.82109375 0.2546875 0.0328125 0.09270833333333334
0 0.6139122596153846 0.8600694444444446 0.06063701923076925 0.07847222222222226
0 0.620703125 0.8364583333333333 0.02578125 0.027083333333333334
