0 0.6446213942307693 0.4376068376068376 0.0248197115384615 0.024786324786324757
0 0.6173978365384616 0.39188034188034193 0.017608173076923174 0.021260683760683817
0 0.5964242788461538 0.3539529914529915 0.030588942307692248 0.0337606837606837
0 0.4504206730769232 0.27964743589743596 0.02904647435897436 0.03472222222222226
0 0.523828125 0.38385416666666666 0.03515625 0.04895833333333333
0 0.5622696314102564 0.13262553418803422 0.03639823717948713 0.045165598290598234
0 0.5983273237179487 0.14793002136752137 0.03571714743589753 0.04372329059829056
0 0.5841245993589744 0.054901175213675234 0.026061698717948813 0.03394764957264953
0 0.7931189903846154 0.1121794871794872 0.015324519230769162 0.025641025641025595
0 0.8745392628205128 0.22581463675213678 0.023918269230769163 0.027537393162393186
0 0.7624198717948718 0.0480635683760684 0.022035256410256387 0.030956196581196534
0 0.7421374198717949 0.29547275641025644 0.02353766025641022 0.02363782051282044
0 0.5190304487179487 0.23023504273504275 0.026041666666666696 0.040064102564102554
0 0.584375 0.6125 0.028125 0.035416666666666666
0 0.5937600160256411 0.6733840811965812 0.032832532051282115 0.04051816239316241
0 0.8649138621794872 0.8430689102564102 0.03139022435897445 0.045112179487179445
0 0.9251502403846154 0.8357104700854701 0.03311298076923084 0.04107905982905973
0 0.5986578525641025 0.8639155982905983 0.03104967948717947 0.03605769230769233
0 0.47555088141025637 0.6587206196581197 0.019210737179487136 0.026308760683760587
0 0.41386217948717957 0.47120726495726495 0.0400641025641026 0.04925213675213668
0 0.317578125 0.4109375 0.03984375 0.046875
0 0.287890625 0.41822916666666665 0.03515625 0.04479166666666667
0 0.11738782051282055 0.22422542735042736 0.03405448717948718 0.0440705128205128
0 0.10989583333333335 0.7045673076923078 0.027083333333333293 0.032532051282051215
0 0.10645032051282052 0.769738247863248 0.03790064102564106 0.0454594017094017
0 0.09696514423076925 0.8747863247863248 0.023257211538461487 0.0337606837606837
0 0.021083733974358997 0.7836404914529915 0.03435496794871799 0.0443643162393163
0 0.04346955128205131 0.32036591880341886 0.02243589743589739 0.02801816239316235
0 0.04703525641025643 0.3638621794871795 0.021554487179487138 0.031891025641025667
0 0.03806089743589745 0.49362980769230774 0.017628205128205086 0.027323717948717886
1 0.8039863782051283 0.562099358974359 0.04106570512820511 0.08413461538461534
1 0.7833834134615385 0.4244791666666667 0.040204326923077 0.05729166666666661
1 0.8267227564102564 0.05086805555555558 0.053685897435897446 0.102323717948718
1 0.7198517628205129 0.5694444444444445 0.04507211538461533 0.05074786324786326
1 0.2816506410256411 0.6268696581196581 0.04407051282051282 0.06410256410256411
1 0.3223758012820513 0.8418803418803419 0.0447516025641026 0.06677350427350426
1 0.5043169070512821 0.48720619658119657 0.04144631410256414 0.08392094017094015
3 0.9876001602564102 0.8133680555555556 0.021674679487179382 0.03298611111111119
3 0.5624399038461538 0.6762820512820513 0.040745192307692246 0.05074786324786326
3 0.05078125000000004 0.03191773504273508 0.02904647435897435 0.03071581196581196
3 0.49121594551282055 0.04130608974358976 0.028505608974358942 0.03613782051282047
3 0.13691907051282054 0.04326923076923082 0.019030448717948678 0.029380341880341884
3 0.260546875 0.13177083333333334 0.02890625 0.034375
0 0.4515625 0.521875 0.0265625 0.04583333333333333
0 0.619921875 0.5567708333333333 0.02890625 0.03854166666666667
0 0.38629807692307694 0.9070379273504273 0.03509615384615392 0.04217414529914525
0 0.34367988782051284 0.7105101495726497 0.020172275641025684 0.031063034188034185
