1 0.3898036858974359 0.46754807692307687 0.038100961538461584 0.07024572649572658
1 0.32677283653846156 0.6584134615384616 0.05198317307692313 0.09182692307692311
1 0.339473157051282 0.3781116452991453 0.04661458333333344 0.04612713675213686
1 0.8329126602564102 0.10200320512820514 0.053325320512820615 0.07483974358974362
2 0.5157852564102564 0.5854700854700855 0.13469551282051287 0.18162393162393162
2 0.5446714743589745 0.2369925213675214 0.10496794871794882 0.09065170940170948
2 0.23808092948717952 0.18660523504273505 0.08112980769230767 0.1006143162393163
0 0.4528145032051283 0.0684962606837607 0.058313301282051366 0.07240918803418808
0 0.5414763621794872 0.30438034188034196 0.047255608974358945 0.07339743589743594
0 0.36867988782051286 0.14146634615384618 0.048297275641025685 0.06001602564102567
0 0.17876602564102564 0.4208867521367522 0.05352564102564106 0.06474358974358978
1 0.87109375 0.691252670940171 0.0590945512820511 0.08223824786324793
