0 0.6898307982427057 0.3411490568818155 0.041270515583554435 0.053693265546713796
0 0.7068811823054819 0.48021800397877984 0.02872147159593279 0.03956399204244025
0 0.6046476085875332 0.5885628499852639 0.03383517075596813 0.041983495431771205
0 0.5191945043103449 0.3657507183908046 0.04040948275862064 0.049389367816091934
0 0.5073882004310345 0.2836027298850574 0.03304148706896548 0.0466594827586207
0 0.5558092948717949 0.21145833333333333 0.03661858974358978 0.047916666666666635
0 0.6263609706564987 0.23733329649277923 0.038899825928382016 0.047603521956970214
0 0.7545926931366048 0.04699933687002653 0.042404053381962827 0.047524314765694
0 0.8573343211206896 0.1654992816091954 0.03376885775862064 0.03861350574712645
0 0.8520810883620689 0.3238326149425287 0.04004579741379324 0.047018678160919515
0 0.9754849137931035 0.40975215517241376 0.03973599137931032 0.058369252873563225
0 0.8972174444628648 0.44330008473327437 0.02251015417771889 0.02719293398172707
0 0.8331580528846153 0.5335824675803125 0.01593066147214852 0.020837938402593535
0 0.9342335668103449 0.7404274425287357 0.0454606681034484 0.04536637931034484
0 0.8931371228448276 0.7543283045977011 0.029323814655172597 0.058872126436781615
0 0.8701037176724139 0.7367456896551725 0.02159213362068968 0.02758620689655172
0 0.6390692349137931 0.9419540229885058 0.036382004310344926 0.04281609195402313
0 0.3380994073275862 0.8671156609195402 0.03352640086206895 0.04881465517241376
0 0.3067147090517241 0.9829561781609196 0.030320581896551735 0.03200431034482752
0 0.22103607150751547 0.7966479700854701 0.02578125 0.03229166666666667
0 0.28216646634615383 0.5703336833185972 0.021469869031830235 0.026358495431771326
0 0.24646900558134394 0.41805279251399946 0.02686263538903626 0.03638004715590923
0 0.31798895474137934 0.3549209770114942 0.02121497844827589 0.026149425287356347
0 0.32254175646551725 0.30747126436781613 0.028273168103448265 0.03484195402298843
0 0.010546875 0.8197916666666667 0.02109375 0.04583333333333333
0 0.09859240301724137 0.10484913793103447 0.02625269396551725 0.03405172413793107
0 0.11442618534482758 0.16100933908045972 0.028286637931034475 0.03322557471264368
0 0.1464911099137931 0.15132902298850573 0.03045528017241379 0.0390086206896552
0 0.16002828663793103 0.11393678160919539 0.03463092672413794 0.04504310344827589
0 0.4697155103337754 0.18512838933097556 0.03160885002210438 0.04245873857942817
0 0.5188827986847923 0.16118387120542288 0.01544022159593288 0.020304671382257576
0 0.6965045797413794 0.022719109195402258 0.02730334051724137 0.03142959770114943
0 0.7422615840517242 0.6150000921013852 0.03608566810344831 0.0447842985558502
0 0.4351225754310345 0.6270294540229885 0.02805765086206895 0.03135775862068968
0 0.36806977370689653 0.6374281609195402 0.019383081896551736 0.02866379310344828
0 0.3282596982758621 0.6966594827586207 0.016837284482758584 0.028735632183908066
0 0.32354525862068967 0.7545797413793103 0.038389008620689634 0.051185344827586236
0 0.2500067349137931 0.6478807471264367 0.03595096982758621 0.043678160919540215
0 0.19525188577586206 0.6092672413793103 0.010762392241379337 0.016738505747126334
0 0.17998193661582668 0.6965190281461834 0.025138497458001785 0.03440447244326551
0 0.08198894092617152 0.3431458149130563 0.02446500607869141 0.047903772472737964
0 0.058115571120689644 0.4298993331859711 0.03719019396551724 0.03962662098437952
0 0.0125 0.6255208333333333 0.025 0.05520833333333333
0 0.014446390086206889 0.5965876436781609 0.026198814655172396 0.033333333333333215
0 0.48349946120689663 0.986548132183908 0.02828663793103443 0.024820402298850533
0 0.5491581357758621 0.7477297008547008 0.0235587284482758 0.02537393162393163
0 0.3714237607758621 0.7726293103448276 0.016716056034482785 0.024066091954023015
0 0.5235721982758621 0.5300826149425287 0.0154903017241379 0.020653735632183867
0 0.4389497333664899 0.5074141615089892 0.011924251215738303 0.017499263188918295
0 0.6041419719827587 0.016073994252873543 0.03484644396551726 0.032147988505747085
1 0.9546066810344828 0.16639727011494249 0.0505118534482758 0.04579741379310344
1 0.552215786637931 0.4191925471559093 0.0403690732758621 0.050264330975537834
1 0.6493550024867374 0.4275567344532861 0.03870917606100797 0.06047561155319781
1 0.42018453663793104 0.6940193965517241 0.05523976293103452 0.06095545977011495
1 0.04172797165119365 0.30322539050987324 0.03763780669761267 0.06847737989979373
1 0.24993178741158267 0.24239242558208077 0.02801896828028294 0.05724101090480393
1 0.5394598599137931 0.24823994252873563 0.036247306034482826 0.05272988505747123
1 0.40536772629310347 0.6207974137931035 0.037702047413793106 0.05840517241379312
0 0.2847184806034483 0.04804238505747125 0.04465247844827584 0.045438218390804565
0 0.33910964439655167 0.24965876436781606 0.03554687500000005 0.0516882183908046
0 0.31342268318965516 0.21399066091954022 0.03565463362068964 0.0404094827586207
0 0.3470837823275862 0.09404702696728556 0.018251616379310366 0.02526801503094604
0 0.35454744833112295 0.017869971264367797 0.024876008510167934 0.035739942528735594
3 0.8944198648872679 0.575914566755084 0.04965703746684351 0.06368810786914227
3 0.5249148637820513 0.44829382183908045 0.042438591401414615 0.05132902298850575
3 0.16595501077586206 0.6428045792808724 0.034334590517241394 0.039462680518715015
3 0.34348664760167996 0.9424550545240201 0.026792868589743567 0.03283414382552306
1 0.222099669816534 0.5233477011494253 0.0473146689876216 0.05387931034482752
0 0.6609269659040672 0.09897951665193043 0.02095318026083124 0.029770851753610352
1 0.9272568868810787 0.047072557471264355 0.0338213555481877 0.050969827586206856
1 0.9670472756410255 0.03231837606837609 0.04346955128205128 0.06463675213675218
0 0.10732085129310345 0.7397629310344828 0.04249730603448274 0.059267241379310436
0 0.7406452047413794 0.8311602011494252 0.04066540948275863 0.04809626436781613
0 0.852862338362069 0.8748024425287357 0.030212823275861923 0.05456178160919537
0 0.2846791072612732 0.5151106137636311 0.021832518236074305 0.0272500368405541
3 0.37226856073165343 0.5384762746831712 0.024455335433244983 0.032602048334807066
0 0.4796875 0.6223958333333334 0.03125 0.053125
0 0.5023737980769232 0.6161858974358976 0.03131009615384626 0.03472222222222226
0 0.47878933880415564 0.3947856800766284 0.030971968943412788 0.032626915708812196
0 0.1527276400862069 0.9520114942528736 0.012297952586206895 0.017313218390804627
0 0.7877405573054819 0.30716272472737993 0.01786479056145014 0.026479148246389528
3 0.825 0.3171875 0.028125 0.04479166666666667
