0 0.6891971982758621 0.15324173850574713 0.02098599137931041 0.03205818965517242
0 0.8538456357758621 0.20294540229885058 0.0277613146551726 0.03591954022988508
0 0.9002963362068964 0.14272629310344828 0.022413793103448397 0.031537356321839086
0 0.930078125 0.165625 0.02109375 0.027083333333333334
0 0.937890625 0.1140625 0.02578125 0.036458333333333336
0 0.980859375 0.11614583333333334 0.03671875 0.046875
0 0.896544989224138 0.06400862068965517 0.0238550646551726 0.03362068965517242
0 0.8566540948275863 0.09722521551724138 0.029552801724137722 0.03453663793103449
0 0.8454674030172413 0.022898706896551727 0.037109375 0.039511494252873564
0 0.5578125 0.17239583333333333 0.0328125 0.034375
0 0.5698208512931034 0.2036188936781609 0.024016702586206938 0.04265445402298852
0 0.5899178340517242 0.2795707614942529 0.02153825431034493 0.029938936781609193
0 0.256640625 0.0921875 0.03359375 0.040625
0 0.1390625 0.23385416666666667 0.0203125 0.028125
0 0.3485182076446281 0.5585313360881543 0.027266270661156965 0.03789600550964186
0 0.3492994576446281 0.5047606749311294 0.023121126033057805 0.030079201101928396
0 0.4611731663223141 0.609237258953168 0.01984116735537187 0.027358815426997297
0 0.5614426185344827 0.7102819683908045 0.02730334051724137 0.03597341954023001
0 0.5720905172413794 0.8408045977011495 0.02834051724137927 0.03829022988505741
0 0.6241109913793104 0.8836655890804598 0.02117456896551726 0.022359913793103557
0 0.781640625 0.43072916666666666 0.02578125 0.03229166666666667
0 0.9233297413793105 0.38948455459770115 0.027020474137931315 0.02832255747126441
0 0.6998518318965518 0.2578035201149425 0.03873922413793105 0.044737787356321855
0 0.683721713362069 0.0694683908045977 0.03193696120689653 0.048742816091954036
0 0.6165746228448276 0.13235452586206897 0.03624730603448274 0.03432112068965519
0 0.221484375 0.5135416666666667 0.03359375 0.035416666666666666
0 0.134765625 0.5213541666666667 0.01953125 0.023958333333333335
0 0.083984375 0.65625 0.03046875 0.03958333333333333
0 0.09603564049586777 0.697012741046832 0.031198347107438008 0.03641528925619835
0 0.15530410640495868 0.869787362258953 0.026297778925619842 0.045549242424242325
0 0.2101723915289256 0.890487258953168 0.022449638429752027 0.03169765840220376
0 0.2645474137931035 0.8345096982758622 0.02033943965517242 0.029076867816091933
0 0.4952788254310345 0.7402658045977012 0.02425915948275863 0.03257902298850581
0 0.073828125 0.0546875 0.03515625 0.042708333333333334
0 0.018359375 0.059375 0.03671875 0.04791666666666667
1 0.7632071659482759 0.05013469827586207 0.04066540948275872 0.04251077586206897
1 0.7921403556034482 0.0110003591954023 0.04678071120689644 0.0220007183908046
1 0.6359375 0.2989583333333333 0.053125 0.05625
1 0.752734375 0.39427083333333335 0.06015625 0.07395833333333333
1 0.8371834590517242 0.38848778735632183 0.040207435344827756 0.06264367816091951
1 0.966015625 0.2864583333333333 0.05078125 0.08333333333333333
1 0.974609375 0.18229166666666666 0.03828125 0.07708333333333334
1 0.517578125 0.2 0.05703125 0.04375
1 0.41640625 0.15833333333333333 0.04375 0.0375
1 0.212890625 0.4791666666666667 0.05859375 0.041666666666666664
1 0.3363991477272727 0.4697572314049587 0.03372288223140494 0.04798553719008266
1 0.38723353917992925 0.7888713896256999 0.04301675784703809 0.042182434423813815
1 0.43854391163793105 0.8432291666666667 0.036031788793103384 0.049425287356321825
1 0.569921875 0.3625 0.04453125 0.06875
1 0.5534220041322314 0.4317622245179063 0.04101239669421499 0.05727444903581264
1 0.640234375 0.33697916666666666 0.04296875 0.046875
1 0.315625 0.3015625 0.053125 0.078125
1 0.37509014423076925 0.7105502136752136 0.04549278846153846 0.08723290598290596
2 0.496875 0.134375 0.0546875 0.0625
2 0.514453125 0.08177083333333333 0.06796875 0.078125
2 0.159765625 0.28854166666666664 0.04140625 0.06666666666666667
2 0.184375 0.33489583333333334 0.053125 0.059375
2 0.44064503205128214 0.3126068376068376 0.06558493589743586 0.08728632478632475
2 0.31989927685950414 0.7199207988980716 0.08207644628099175 0.08515840220385679
2 0.4935433884297521 0.6674414600550963 0.054881198347107404 0.07317493112947654
2 0.6613610203227415 0.5619940836658117 0.04702472659589629 0.0671275351477154
2 0.6630724676724138 0.807812039493074 0.07458243534482759 0.06541040377247284
2 0.4838429418103448 0.9787805316091955 0.06668911637931033 0.0403556034482758
2 0.3484375 0.934375 0.078125 0.12916666666666668
2 0.305078125 0.109375 0.04765625 0.06458333333333334
1 0.225 0.13072916666666667 0.05625 0.07604166666666666
1 0.06484375 0.15885416666666666 0.03125 0.057291666666666664
1 0.01171875 0.884375 0.0234375 0.075
0 0.0109375 0.4328125 0.021875 0.040625
1 0.5960182844274978 0.704992816091954 0.03156256907603892 0.0429597701149427
0 0.9795056573275863 0.9328843390804598 0.03228717672413772 0.036566091954023015
0 0.8062750400641026 0.7801070218096081 0.02861371297524329 0.03551153109342771
0 0.38634832974137934 0.8465786637931034 0.036031788793103425 0.052532327586206996
0 0.2721443965517241 0.9884428879310345 0.021794181034482784 0.023760775862068803
0 0.2416082974137931 0.8559357040229886 0.03254310344827589 0.03022629310344828
0 0.07774083161157024 0.8932980371900825 0.03808755165289256 0.043293732782369074
0 0.042578125 0.7817708333333333 0.03828125 0.042708333333333334
1 0.1421875 0.4 0.05 0.04791666666666667
3 0.458203125 0.8923581178160921 0.04116379310344831 0.051670258620689795
3 0.05890366735537189 0.571763085399449 0.05510072314049587 0.07685950413223128
3 0.2777666580578512 0.3206869834710744 0.03705449380165286 0.04526515151515144
3 0.4143950154958677 0.4885201446280991 0.0220622417355373 0.026403236914600527
2 0.364453125 0.3619791666666667 0.05703125 0.046875
1 0.4403699638429752 0.40775223829201107 0.03855242768595044 0.0433109504132231
0 0.6111799568965517 0.008674568965517241 0.02144396551724146 0.01857040229885058
0 0.6781721443965518 0.009877873563218393 0.02821928879310347 0.019755747126436785
