2 0.2572616185897436 0.6612313034188034 0.08082932692307696 0.09153311965811971
2 0.4185897435897436 0.3436832264957265 0.07668269230769234 0.07491987179487189
2 0.9221754807692308 0.7203525641025642 0.08313301282051277 0.06677350427350426
2 0.9008914262820513 0.8286725427350429 0.059595352564102554 0.06973824786324781
2 0.10623998397435899 0.41374198717948724 0.08639823717948722 0.09238782051282056
1 0.11669671474358975 0.6081196581196582 0.04745592948717951 0.08023504273504282
1 0.7259815705128206 0.18625801282051282 0.03882211538461542 0.06925747863247865
0 0.6223357371794872 0.2508279914529915 0.04379006410256405 0.0576388888888889
0 0.7313902243589744 0.5578392094017095 0.04403044871794872 0.05526175213675219
1 0.6894731570512821 0.8516426282051283 0.06175881410256414 0.08629807692307688
1 0.4171073717948718 0.6391426282051282 0.043589743589743615 0.07796474358974355
1 0.519921875 0.509375 0.04921875 0.09375
0 0.4855969551282051 0.46132478632478635 0.036818910256410306 0.048183760683760644
0 0.551171875 0.5276041666666667 0.03046875 0.042708333333333334
1 0.21725761217948722 0.4327056623931624 0.06868990384615388 0.0704861111111112
1 0.8506310096153846 0.808613782051282 0.05594951923076934 0.07235576923076922
0 0.6133112980769231 0.020819978632478652 0.03579727564102573 0.03955662393162397
0 0.49765625 0.6953125 0.0484375 0.05520833333333333
0 0.475 0.671875 0.0265625 0.029166666666666667
