1 0.6439002403846155 0.3697516025641026 0.04072516025641022 0.08688568376068381
1 0.5763521634615385 0.16063034188034192 0.06564503205128211 0.05373931623931627
0 0.7041366185897436 0.5417735042735043 0.044451121794871803 0.058012820512820557
0 0.8080128205128204 0.7644631410256412 0.04102564102564106 0.050667735042735154
0 0.8592147435897436 0.9547275641025641 0.044791666666666785 0.057425213675213624
0 0.4895532852564103 0.8852831196581197 0.03691907051282062 0.04674145299145304
0 0.4508213141025642 0.9133547008547008 0.036258012820512865 0.04668803418803431
0 0.5080428685897436 0.6943108974358975 0.0440104166666667 0.057425213675213624
0 0.3076923076923077 0.9734241452991454 0.038060897435897446 0.04941239316239307
0 0.19951923076923078 0.7711004273504274 0.038060897435897446 0.048076923076923114
0 0.18199118589743596 0.8133547008547009 0.03505608974358969 0.041025641025641116
0 0.1531951121794872 0.4004674145299145 0.0445713141025641 0.05750534188034197
3 0.7305989583333334 0.33715277777777775 0.055629006410256476 0.06928418803418813
3 0.914032451923077 0.6916399572649573 0.07337740384615384 0.08680555555555548
3 0.733944310897436 0.9180021367521367 0.052944711538461676 0.0694444444444444
3 0.1048677884615385 0.3470886752136753 0.0370592948717949 0.04407051282051284
3 0.07301682692307694 0.8904780982905983 0.04146634615384611 0.05446047008547007
0 0.3006510416666667 0.9082398504273503 0.02810496794871802 0.03555021367521374
0 0.10555889423076925 0.823170405982906 0.02966746794871796 0.04009081196581204
