2 0.42498998397435905 0.30564903846153846 0.07389823717948722 0.08154380341880353
2 0.408563701923077 0.19606036324786327 0.06868990384615384 0.07369123931623936
2 0.385546875 0.11822916666666666 0.08203125 0.07604166666666666
1 0.5424078525641026 0.8508547008547008 0.06943108974358977 0.07019230769230779
1 0.3364282852564103 0.038327991452991476 0.04745592948717947 0.07665598290598295
0 0.070703125 0.175 0.04921875 0.06041666666666667
0 0.400390625 0.6895833333333333 0.04609375 0.0625
0 0.3454427083333333 0.842094017094017 0.04669471153846154 0.05833333333333345
0 0.30370592948717945 0.3067708333333333 0.04603365384615388 0.06327457264957269
1 0.474609375 0.09114583333333333 0.06796875 0.09895833333333333
0 0.5755909455128205 0.5476629273504275 0.03311298076923084 0.043563034188034186
0 0.6011017628205129 0.11880341880341883 0.04419070512820511 0.05726495726495731
0 0.4278044871794872 0.7296207264957265 0.04623397435897445 0.050908119658119706
