0 0.3921474358974359 0.20009348290598292 0.033413461538461586 0.04692841880341885
0 0.7542470079787235 0.3135891184760865 0.03173204787234045 0.04924020276413892
0 0.9226762820512822 0.9053151709401709 0.044070512820512775 0.052083333333333336
0 0.42137419871794873 0.8063034188034187 0.02904647435897436 0.04177350427350426
0 0.7775340544871795 0.14652777777777778 0.03387419871794872 0.04188034188034191
0 0.7023901608910891 0.13058993399339933 0.032719678217821804 0.03882013201320131
1 0.72109375 0.15885416666666666 0.0453125 0.06145833333333333
0 0.4522135416666667 0.6213675213675214 0.043489583333333394 0.05106837606837615
3 0.05290464743589747 0.6570379273504273 0.030809294871794922 0.041159188034188075
3 0.3358072916666667 0.5543402777777778 0.035917467948717974 0.054246794871795005
3 0.4434094551282052 0.4678819444444445 0.017027243589743613 0.021501068376068487
0 0.9584001068376068 0.3323960311807534 0.022702991452991483 0.03685402817347262
0 0.8349361105428258 0.5557504773595199 0.027711998772504208 0.03329809965448251
0 0.59921875 0.019270833333333334 0.0515625 0.03854166666666667
0 0.0234375 0.022916666666666665 0.046875 0.04583333333333333
0 0.17109375 0.9703125 0.0421875 0.05520833333333333
