1 0.6191907051282052 0.47796474358974367 0.054086538461538505 0.08947649572649569
1 0.3808092948717949 0.7814903846153847 0.05408653846153846 0.06618589743589745
0 0.20670072115384616 0.5868189102564102 0.029707532051282116 0.03736645299145304
0 0.11056690705128205 0.3802617521367522 0.041686698717948764 0.05785256410256411
1 0.9736879006410255 0.6591613247863248 0.05394631410256405 0.08231837606837615
2 0.8841145833333334 0.13064903846153847 0.04507211538461533 0.11370192307692313
2 0.7223557692307694 0.202857905982906 0.07411858974358979 0.11351495726495726
2 0.046484375 0.3453125 0.07265625 0.109375
2 0.04793669871794874 0.6080261752136752 0.04274839743589748 0.10980235042735048
2 0.1116386217948718 0.5256276709401709 0.10765224358974361 0.11167200854700864
2 0.4547075320512821 0.3078525641025641 0.06254006410256414 0.11987179487179495
2 0.7698217147435897 0.45193643162393166 0.06732772435897445 0.0801014957264958
2 0.38927283653846156 0.8497462606837607 0.08323317307692317 0.07240918803418808
