0 0.14801520270270271 0.26212931681681684 0.026182432432432477 0.03279842342342345
0 0.271632179054054 0.3902683933933934 0.02810388513513513 0.0355292792792793
0 0.28521634615384617 0.8886217948717949 0.032932692307692336 0.048076923076923114
0 0.24449605855855855 0.3628566066066066 0.02179054054054048 0.024662162162162223
1 0.11507330647955652 0.4933417792792793 0.05124415280665286 0.047100225225225265
1 0.26084600225225224 0.5813532282282281 0.031376689189189164 0.038119369369369355
1 0.48042798710494933 0.06031976744186047 0.030968153697078105 0.047722868217054265
1 0.5512119391025642 0.09364316239316241 0.08038862179487172 0.07938034188034183
1 0.6875211148648649 0.08382132132132135 0.05620777027027026 0.07597597597597602
1 0.7268329326923078 0.8891292735042735 0.07578125 0.052083333333333336
1 0.4625200320512821 0.9664930555555556 0.046915064102564144 0.06493055555555548
1 0.204296875 0.8052083333333333 0.05078125 0.075
0 0.947265625 0.25052083333333336 0.03828125 0.05520833333333333
0 0.924609375 0.259375 0.01953125 0.020833333333333332
0 0.2988351632882883 0.15103697447447448 0.03563485360360361 0.050403528528528606
1 0.40081758720930233 0.1981468023255814 0.033030523255813994 0.05307655038759691
1 0.5342973333071444 0.18300084241217965 0.04677597292059508 0.08407339025071589
0 0.30493032094594597 0.3493618618618619 0.029075168918918946 0.036636636636636646
