0 0.41561279296875 0.342529296875 0.0171630859375 0.0244140625
0 0.7146631701239224 0.25244716258657535 0.01854542699353452 0.02222492770041257
0 0.7177835398706897 0.27425270519037354 0.016015625 0.022054036458333332
0 0.7025319066540948 0.4157713404665857 0.02327670393318968 0.03232226159556439
0 0.51640625 0.42916666666666664 0.025 0.03333333333333333
0 0.5694580078125 0.4031575520833333 0.029296875 0.04150390625
0 0.1453829405737705 0.36360143442622944 0.03454149590163933 0.0467042349726776
0 0.5084551949786326 0.024090608465608464 0.023826217185592125 0.03283730158730159
0 0.5793526785714286 0.06445932539682539 0.019370039682539718 0.02609126984126984
0 0.8944153502747252 0.035836385836385834 0.03377594627594629 0.04200117012617013
0 0.9175333982648098 0.4564180850279988 0.027675660366931965 0.03454170350722088
0 0.8140355603448276 0.5915229885057471 0.013092672413793239 0.015768678160919456
0 0.8715743465406719 0.6824212993663425 0.023957987953138728 0.033325504715591
0 0.7865301724137931 0.66484375 0.035775862068965394 0.04603089080459775
0 0.965106411637931 0.8472880747126437 0.030859375 0.043929597701149584
0 0.740234375 0.9755208333333333 0.04609375 0.046875
0 0.4437158978174603 0.9688409391534392 0.034567212301587255 0.04809854497354493
0 0.4632471478174603 0.9274760251322751 0.02743675595238093 0.040715939153439136
0 0.46372393695265457 0.8829222541507025 0.03857395149151612 0.04260456577266917
0 0.4216955749889479 0.8571496002799883 0.026625013815207856 0.03318643162393175
0 0.32528831845238093 0.8884631283068782 0.016896081349206372 0.0216021825396826
0 0.29579613095238094 0.9005993716931218 0.01821676587301586 0.023784722222222145
0 0.28185453869047616 0.921031746031746 0.027808779761904746 0.03789682539682542
0 0.24217796092796093 0.8620109635734636 0.03182711385836381 0.04433124745624752
0 0.3341546474358974 0.8505876068376068 0.0359375 0.04375
0 0.18576889690170942 0.8479106252543752 0.03396815857753357 0.04318337912087908
0 0.15387095543345541 0.9664437703500203 0.028939636752136778 0.038838649776149835
0 0.05245225694444444 0.6872643849206349 0.027473958333333336 0.03585482804232806
0 0.15931919642857145 0.5420180224867724 0.02176339285714286 0.029555224867724838
0 0.7621047123673741 0.5252963362068966 0.03142096319628642 0.03956537356321839
1 0.8291487068965517 0.5152658045977012 0.06368534482758612 0.06681034482758624
1 0.8947995364010989 0.6115785256410257 0.04573746565934069 0.07892628205128199
1 0.25977783203125 0.33856608072916666 0.0322021484375 0.05187174479166667
1 0.2468994140625 0.4347406772967896 0.062841796875 0.07410481770833334
1 0.1810639880952381 0.7347470238095238 0.038107638888888906 0.0553902116402116
1 0.24079527243589743 0.7065838675213675 0.04565304487179489 0.04724893162393163
1 0.271875 0.6208333333333333 0.0390625 0.06458333333333334
1 0.341796875 0.6359375 0.03828125 0.06770833333333333
1 0.5875 0.7708333333333334 0.0375 0.06458333333333334
1 0.5254781788793104 0.689215158045977 0.04063846982758621 0.07990301724137924
1 0.45165005387931034 0.7529543821839082 0.03743265086206895 0.03234554597701151
1 0.48001708984375 0.5013590494791667 0.0384033203125 0.055615234375
1 0.5504242995689654 0.3396551724137931 0.03991109913793105 0.056106321839080424
1 0.7276834422144397 0.3251153353987069 0.0398681640625 0.06990559895833333
1 0.3796875 0.3416666666666667 0.0359375 0.06666666666666667
1 0.295703125 0.20052083333333334 0.05078125 0.053125
1 0.21116381448412702 0.052488425925925924 0.04239211309523805 0.0566468253968254
1 0.11615203373015874 0.8454241071428572 0.051054067460317466 0.06179728835978828
1 0.09212239583333334 0.8458043981481481 0.04361979166666667 0.06255787037037036
1 0.47421875 0.6125 0.034375 0.058333333333333334
1 0.498828125 0.5921875 0.05546875 0.07395833333333333
2 0.59649658203125 0.48646647135416665 0.0679931640625 0.09581705729166666
2 0.5625 0.6411458333333333 0.04375 0.10520833333333333
2 0.580078125 0.7140625 0.04921875 0.06145833333333333
0 0.44245636768830127 0.18002241085737178 0.037938827123397446 0.04669345953525639
0 0.5380311623597758 0.17978453024839744 0.033556815905448636 0.040658804086538415
0 0.356938959478022 0.01974619708994709 0.036060077075702066 0.04069940476190476
0 0.016353546626984128 0.16030505952380952 0.032707093253968256 0.04769345238095237
0 0.8817789497679044 0.20889077696728559 0.014324643567639406 0.01953884836427943
3 0.590902586996337 0.16378268722018724 0.02386198870573857 0.03164428164428159
3 0.13406187996031743 0.5793485449735449 0.03228546626984128 0.04541997354497364
3 0.20965401785714288 0.15980489417989416 0.019060019841269815 0.02761243386243386
1 0.8104145943854995 0.4291942970822281 0.029089992263483567 0.03780393457117596
0 0.60859375 0.7380208333333333 0.0375 0.046875
0 0.6289399245689655 0.7136584051724137 0.027007004310344928 0.0408943965517242
0 0.4944511217948719 0.29586004273504274 0.041145833333333305 0.05037393162393163
0 0.49449118589743596 0.24019764957264958 0.021033653846153834 0.027938034188034155
0 0.008203125 0.3302083333333333 0.01640625 0.035416666666666666
0 0.02756481122638259 0.46564916671083195 0.03616837420833664 0.057850247546616454
0 0.20396631634424606 0.5546955088458996 0.028265283978174606 0.03809575479497352
0 0.12800099206349208 0.7409060846560845 0.030146329365079348 0.03852513227513228
0 0.12664310515873015 0.16255373677248677 0.027281746031746025 0.03616898148148149
0 0.03784913003663003 0.2239812271062271 0.02257802960927962 0.027401302401302393
0 0.33759765625 0.4830810546875 0.03037109375 0.036279296875
0 0.179296875 0.6505208333333333 0.03828125 0.042708333333333334
0 0.3392981150793651 0.0748305224867725 0.018948412698412742 0.027256944444444448
1 0.9927579365079364 0.19461423992673993 0.015029761904761862 0.04727945665445663
0 0.9893632192460318 0.59453125 0.022191220238095256 0.07540509259259262
0 0.5020332532051283 0.3763354700854701 0.038120993589743524 0.044337606837606874
0 0.4117431640625 0.3781494140625 0.016357421875 0.021533203125
0 0.866864224137931 0.2685165229885058 0.01317349137931032 0.01702586206896554
0 0.9148302801724137 0.2533045977011495 0.016918103448275802 0.023204022988505723
0 0.49232893318965515 0.7272180316091955 0.02881196120689653 0.03442887931034484
0 0.49741133432539686 0.9637896825396824 0.019872271825396838 0.027199074074074167
0 0.2382967509920635 0.12216435185185184 0.01726810515873014 0.022701719576719567
0 0.8711813038793105 0.9071030890804598 0.015315193965517082 0.019486350574712694
0 0.9739426185344827 0.7587823275862069 0.02733028017241388 0.04224137931034484
0 0.9903016254578756 0.27963789682539686 0.020347794566544584 0.036375661375661394
1 0.392822265625 0.43368326822916664 0.046875 0.043961588541666666
0 0.644140625 0.1265625 0.01953125 0.021875
0 0.6450220352564102 0.14086538461538461 0.03848157051282053 0.0558760683760684
0 0.9398639547413794 0.7653645833333333 0.03150592672413808 0.045240660919540335
