2 0.8901241987179487 0.6574252136752137 0.07512019230769233 0.11517094017094026
2 0.4474158653846154 0.6168536324786325 0.08112980769230767 0.07879273504273504
3 0.47472956730769234 0.8428418803418803 0.11664663461538467 0.14348290598290597
1 0.24963942307692308 0.6823450854700854 0.06201923076923079 0.0760149572649573
1 0.4659455128205129 0.2352163461538461 0.08012820512820511 0.11947115384615374
2 0.6059895833333334 0.7043269230769231 0.06846955128205137 0.11752136752136752
2 0.9709635416666668 0.25168269230769236 0.056510416666666605 0.0959935897435898
2 0.9228465544871796 0.924105235042735 0.0517427884615385 0.08394764957264964
0 0.5731169871794872 0.9448450854700855 0.044070512820512775 0.061164529914529926
1 0.49905849358974363 0.35089476495726496 0.06999198717948722 0.08720619658119665
1 0.8896233974358975 0.5206997863247864 0.05809294871794872 0.057425213675213624
