1 0.46275634765625 0.8091064453125 0.0449462890625 0.05154622395833333
1 0.4203857421875 0.6342366536458334 0.045458984375 0.049723307291666664
1 0.10993303571428573 0.20885416666666667 0.04501488095238095 0.0763392857142857
2 0.7959334935897436 0.2647569444444445 0.10124198717948722 0.11525106837606845
2 0.9659555288461539 0.39157318376068384 0.06852964743589744 0.13405448717948729
2 0.6438360752203526 0.4130794688167735 0.07341183393429489 0.13884757278311965
2 0.7574957431891025 0.43255354400373935 0.0719225761217949 0.09215786925747871
2 0.6312193259214745 0.11153157552083333 0.08812224559294882 0.12068684895833334
2 0.040895432692307714 0.8591613247863248 0.07085336538461542 0.10667735042735037
2 0.181640625 0.5942708333333333 0.07734375 0.07395833333333333
2 0.350390625 0.6036458333333333 0.06328125 0.109375
2 0.4883782473009447 0.503537589968511 0.07176324224021587 0.1204832995951417
2 0.6564453125 0.7962646484375 0.07138671875 0.08536783854166667
1 0.6229824862637363 0.25572344322344326 0.062242445054944986 0.09249084249084248
1 0.36153564453125 0.7643473307291667 0.0471923828125 0.06456705729166666
1 0.8883497807017544 0.8304023279352227 0.05169956140350873 0.07637483130904196
1 0.68828125 0.6838541666666667 0.059375 0.08229166666666667
1 0.4583112444196429 0.15540209573412697 0.058079892113095166 0.07213231646825395
0 0.932255152547874 0.7057088810451153 0.03125709996754296 0.036235191496267305
0 0.73243408203125 0.5087809244791667 0.0304931640625 0.041845703125
0 0.790234375 0.3203125 0.02578125 0.036458333333333336
0 0.680078125 0.1734375 0.03046875 0.036458333333333336
0 0.668359375 0.19583333333333333 0.04609375 0.052083333333333336
0 0.582421875 0.18489583333333334 0.03203125 0.04479166666666667
0 0.5791259765625 0.6278971354166667 0.02421875 0.03125
0 0.21875 0.5313395182291667 0.030029296875 0.039046223958333334
0 0.01947544642857143 0.47867063492063494 0.026525297619047615 0.0287698412698413
0 0.2714599609375 0.3686930338541667 0.018603515625 0.022542317708333332
0 0.26435663132440473 0.2608041914682539 0.026346261160714278 0.03394717261904763
0 0.27518149575034345 0.32804671999007934 0.027017960880265555 0.03438275049603169
0 0.16610863095238096 0.109375 0.017485119047619024 0.02331349206349206
0 0.9351859177215189 0.6338739451476793 0.017128164556962134 0.021835443037974755
0 0.9747478243670885 0.6361023206751054 0.026374604430379735 0.03568037974683544
0 0.94609375 0.25364583333333335 0.0359375 0.051041666666666666
0 0.378125 0.40625 0.015625 0.020833333333333332
1 0.38333740234375 0.3000569661458333 0.0536376953125 0.060530598958333334
1 0.6231016995614034 0.9755391081871345 0.06473410087719307 0.04683845029239772
3 0.9368146929824561 0.9068896198830408 0.02604166666666661 0.031980994152046804
3 0.2900018154046474 0.6157958984375 0.03278933794070511 0.04265950520833333
3 0.010044642857142856 0.2296626984126984 0.020089285714285712 0.04662698412698412
3 0.2586550981570513 0.4607670188969017 0.060082381810897444 0.07439695178952993
3 0.52890625 0.0171875 0.034375 0.034375
0 0.1724888392857143 0.05143849206349206 0.043415178571428556 0.052876984126984126
0 0.01765252976190476 0.4113095238095238 0.013802083333333335 0.018650793650793675
2 0.8272393724696357 0.8035074195550543 0.06867830634278019 0.05547975139081061
2 0.2845452724358974 0.9130208333333333 0.05390625 0.078125
3 0.20797181740785256 0.9518961588541667 0.034495818309294844 0.04754231770833333
2 0.02734375 0.640625 0.0546875 0.09791666666666667
0 0.6979248046875 0.6268473307291667 0.017724609375 0.023388671875
0 0.42578125 0.3921875 0.0375 0.051041666666666666
1 0.9069078947368421 0.9705135233918127 0.05805921052631593 0.05688961988304098
