0 0.769140625 0.659375 0.04765625 0.06041666666666667
0 0.5230018028846153 0.5709935897435898 0.03662860576923075 0.05032051282051289
0 0.43288762019230764 0.5754407051282051 0.04858774038461542 0.06546474358974368
0 0.472265625 0.40989583333333335 0.04765625 0.059375
1 0.31091245993589745 0.3230902777777779 0.07318709935897441 0.05333867521367524
1 0.19451121794871798 0.7085870726495728 0.06410256410256406 0.060924145299145374
1 0.9381009615384615 0.027644230769230768 0.048076923076922996 0.055288461538461536
1 0.5439453125 0.288261217948718 0.06034655448717956 0.06931089743589738
1 0.0734375 0.7989583333333333 0.046875 0.07083333333333333
2 0.268739983974359 0.8595219017094017 0.08391426282051287 0.12230235042735048
0 0.632421875 0.7854166666666667 0.05859375 0.06666666666666667
