1 0.1485989296347316 0.22676653780068728 0.07039373555812303 0.059783075601374594
1 0.038961476293103446 0.2249640804597701 0.06606950431034482 0.05797413793103446
1 0.6320043103448276 0.24227729885057467 0.03973599137931041 0.06824712643678162
2 0.8821053340517242 0.48489583333333336 0.0482893318965516 0.07395833333333333
2 0.48648302801724136 0.8303078028293546 0.05984644396551726 0.09010278514588847
2 0.5909722396251003 0.6063448108794439 0.05061366028468326 0.08697123095429037
2 0.3989762931034483 0.292702807250221 0.07071659482758616 0.05360300618921305
2 0.05599407327586207 0.17083333333333334 0.05390625 0.08958333333333333
2 0.026171875 0.04583333333333333 0.05234375 0.09166666666666666
2 0.333203125 0.049479166666666664 0.04921875 0.07604166666666666
2 0.38135102370689655 0.038523706896551706 0.07363954741379315 0.07704741379310341
2 0.5780913254310345 0.038523706896551706 0.05462015086206895 0.07704741379310341
2 0.7165274784482758 0.1328548666371942 0.053879310344827666 0.07696268051871498
2 0.7279768318965518 0.2747485632183908 0.05118534482758621 0.09008620689655175
2 0.9084725215517242 0.26113505747126436 0.07543103448275872 0.08620689655172412
2 0.85 0.11875 0.05 0.09791666666666667
2 0.046862599206349206 0.7184606481481481 0.05310019841269842 0.07233796296296285
2 0.04311018318965516 0.6680675287356322 0.04430226293103447 0.08290229885057473
2 0.36799568965517243 0.4411522804302977 0.0545528017241379 0.07806605511346897
2 0.0833849676724138 0.07225215517241378 0.06208243534482758 0.07783764367816089
2 0.7647321428571429 0.9520254629629629 0.07321428571428576 0.09386574074074083
2 0.23518992456896554 0.43293821839080465 0.04268588362068968 0.05869252873563221
1 0.9469894935344829 0.17744252873563215 0.03745959051724128 0.059626436781609164
1 0.9714911099137931 0.32408405172413796 0.03829471982758612 0.053699712643678114
1 0.9329674030172415 0.36862428160919536 0.053380926724137724 0.052622126436781616
1 0.9377491918103449 0.1060883620689655 0.03700161637931032 0.05448994252873566
1 0.7984375 0.19583333333333333 0.0671875 0.0625
1 0.014783135775862063 0.38371048850574707 0.029566271551724126 0.07094109195402301
1 0.10063981681034481 0.47162356321839083 0.042470366379310356 0.036997126436781616
1 0.2320379849137931 0.513757183908046 0.03991109913793105 0.07126436781609187
1 0.075 0.9677083333333333 0.053125 0.058333333333333334
1 0.25879297680887126 0.8993846092445229 0.0456174707117595 0.053621426466254125
1 0.3169407258510168 0.6893922229590334 0.036781263815207764 0.05584199086354254
1 0.26611664870689655 0.5304058908045977 0.02662984913793105 0.0882543103448277
1 0.6606209590517241 0.8130631999705275 0.04042295258620694 0.077896588564692
1 0.5502491918103448 0.8618958149130563 0.0752828663793104 0.05207043913940469
1 0.7876683728448276 0.8322557471264368 0.04494881465517251 0.03951149425287355
0 0.9857287176724139 0.7558189655172414 0.02385506465517224 0.0321120689655172
0 0.9584388469827587 0.9521731321839081 0.029377693965517437 0.03854166666666667
0 0.7202653556034483 0.8165948275862068 0.03023976293103452 0.03491379310344828
0 0.5362736191860465 0.6713299418604651 0.03192223837209305 0.04057655038759691
0 0.4151041666666667 0.7488648504273504 0.03758012820512828 0.04714209401709404
0 0.3756760817307693 0.6799748563218392 0.027069172745358118 0.04234913793103452
0 0.4457682291666666 0.976275373931624 0.027213541666666695 0.04536591880341874
0 0.025 0.5838541666666667 0.0359375 0.042708333333333334
0 0.122265625 0.4265625 0.03359375 0.03854166666666667
0 0.21126751077586206 0.2667205459770115 0.02048760775862073 0.026544540229884995
0 0.2992254849137931 0.20560344827586205 0.02342403017241379 0.03204022988505744
0 0.20408344072164947 0.17044062537030455 0.042541881443298915 0.05215998637279296
0 0.10628367456896552 0.13934985632183905 0.02571390086206895 0.0352370689655172
0 0.9792766702586209 0.030208333333333316 0.04193157327586228 0.05416666666666663
1 0.87890625 0.0828125 0.0328125 0.09479166666666666
1 0.7687702047413794 0.5120150862068965 0.02347790948275863 0.040625
1 0.12309027777777777 0.8448784722222221 0.028993055555555515 0.04809027777777774
1 0.104296875 0.6916666666666667 0.05078125 0.05416666666666667
1 0.1087456597222222 0.8274016203703703 0.0356336805555556 0.032696759259259287
1 0.296484375 0.042708333333333334 0.04296875 0.05416666666666667
0 0.7431236530172414 0.3828125 0.01817079741379306 0.02424568965517242
0 0.761590786637931 0.3387751436781609 0.026818426724137902 0.034949712643678174
0 0.8151939655172414 0.5457974137931034 0.016837284482758362 0.02155172413793108
0 0.7829808728448275 0.630316091954023 0.01391433189655169 0.019540229885057533
0 0.5674771012931035 0.4229705459770115 0.02062230603448274 0.026544540229885054
0 0.33921740301724135 0.4967133620689655 0.028596443965517214 0.03530890804597705
0 0.5617793642241379 0.12250359195402297 0.03605872844827589 0.04558189655172411
0 0.8444908405172414 0.5130208333333334 0.026939655172413878 0.04579741379310344
0 0.922528286637931 0.6180495689655172 0.032502693965517436 0.04048132183908055
1 0.8723262392241379 0.7721443965517241 0.038160021551724196 0.04321120689655172
0 0.8884361530172414 0.7454382183908046 0.034684806034482915 0.03829022988505741
1 0.40726697198275863 0.5125718390804598 0.03797144396551726 0.061063218390804565
1 0.4830212823275861 0.5279633620689654 0.05426993534482749 0.0667025862068965
1 0.5217569040697675 0.5479408914728682 0.05913880813953494 0.07296511627906975
2 0.530859375 0.2838541666666667 0.04765625 0.08229166666666667
2 0.501171875 0.309375 0.06640625 0.0875
2 0.46366514008620696 0.29394755747126433 0.04923221982758621 0.07460488505747129
3 0.32265625 0.17228307560137457 0.0405766752577319 0.054918384879725106
3 0.5280927835051547 0.2240173969072165 0.038853092783505086 0.041655927835051544
3 0.23933863146551726 0.3375718390804598 0.04247036637931032 0.05905172413793102
3 0.16957839439655173 0.4023168103448276 0.029781788793103448 0.03911637931034484
3 0.10861395474137932 0.37735272988505747 0.02339709051724139 0.034877873563218385
3 0.8945649245689656 0.8438757183908047 0.05206088362068932 0.06835488505747117
3 0.757940463362069 0.4021192528735632 0.03166756465517251 0.04310344827586198
3 0.368411354719275 0.7712137120542294 0.02004690263041562 0.03228521956970217
1 0.8498922413793103 0.8510416666666667 0.0484375 0.058333333333333334
1 0.8498046875 0.975323275862069 0.055078125 0.04727011494252871
0 0.8899851831896551 0.9753771551724137 0.02081088362068968 0.028053160919540333
1 0.6624393857758621 0.4036278735632184 0.05699084051724146 0.07241379310344828
1 0.7852235991379309 0.37548491379310345 0.03906249999999991 0.06763649425287355
0 0.852734375 0.014583333333333334 0.01796875 0.020833333333333332
1 0.9871834590517242 0.16966594827586204 0.0240705818965516 0.05233477011494256
0 0.3171470905172414 0.2540948275862069 0.020204741379310366 0.024856321839080427
1 0.4507206357758621 0.637805316091954 0.048046875 0.06907327586206892
2 0.876299838362069 0.6189834770114941 0.03802532327586192 0.0745330459770115
1 0.8055832435344827 0.2573455459770115 0.045487607758621 0.0470905172413793
0 0.81328125 0.08541666666666667 0.0328125 0.04583333333333333
0 0.7944302262931034 0.08117816091954021 0.03457704741379306 0.045977011494252915
0 0.4765625 0.015104166666666667 0.0390625 0.030208333333333334
0 0.6535492995689655 0.07241379310344827 0.02358566810344831 0.03081896551724134
