2 0.448828125 0.18125 0.09765625 0.11458333333333333
2 0.40234375 0.23854166666666668 0.08125 0.12291666666666666
2 0.950390625 0.178125 0.09765625 0.125
2 0.7890625 0.8697916666666666 0.09375 0.125
2 0.56640625 0.24739583333333334 0.0671875 0.109375
1 0.9586660879629629 0.32571373456790126 0.08110532407407404 0.07851080246913582
1 0.373828125 0.38645833333333335 0.08828125 0.09791666666666667
1 0.540234375 0.340625 0.03671875 0.07291666666666667
1 0.148828125 0.30052083333333335 0.07109375 0.071875
1 0.050588348765432146 0.5152134773662551 0.10117669753086429 0.05959362139917689
1 0.1226996527777778 0.6853523662551441 0.0630497685185186 0.05882201646090538
1 0.2452739197530865 0.8699395576131688 0.06674382716049392 0.12174639917695475
1 0.3272052304964539 0.5843195921985814 0.030319148936170225 0.0589021867612292
1 0.4990944770892688 0.7395032051282051 0.06776842948717957 0.054326923076922995
1 0.667578125 0.22395833333333334 0.04609375 0.058333333333333334
1 0.62578125 0.20625 0.05 0.075
0 0.20056423611111115 0.05729166666666667 0.03480902777777768 0.05208333333333335
0 0.06118827160493832 0.49038708847736623 0.03175154320987662 0.02964248971193418
0 0.9546730324074073 0.5102816358024691 0.04069251543209891 0.06174125514403285
0 0.526171875 0.3776041666666667 0.04140625 0.04895833333333333
0 0.41969470301418443 0.5299813034188035 0.04921875 0.07604166666666666
1 0.233203125 0.1765625 0.05703125 0.059375
3 0.346166087962963 0.8916345164609053 0.044357638888888974 0.05263631687242795
