0 0.62598876953125 0.1992431640625 0.0285400390625 0.045686848958333304
0 0.69453125 0.04479166666666667 0.0234375 0.03125
0 0.88885498046875 0.3475341796875 0.0252685546875 0.030680338541666668
0 0.34614289112580127 0.6239013671875 0.029149764623397446 0.032958984375
0 0.4178955078125 0.6007242838541667 0.035791015625 0.05001627604166667
0 0.1431396484375 0.4740804036458333 0.0201171875 0.026611328125
1 0.24725341796875 0.46714680989583335 0.0377197265625 0.055126953125
1 0.59666748046875 0.34022623697916665 0.0652099609375 0.065380859375
1 0.4180059970953526 0.2151127220219017 0.04777706830929489 0.05138262887286323
1 0.3373172075320513 0.22886597723023502 0.03581480368589744 0.0564282017895299
1 0.42802828275240384 0.4253674629407051 0.044822340745192334 0.052422626201923055
1 0.81468505859375 0.6184163411458333 0.0571044921875 0.058577473958333334
1 0.2053466796875 0.4852294921875 0.0505859375 0.060791015625
2 0.7010009765625 0.2569580078125 0.077490234375 0.097900390625
2 0.74859619140625 0.1922119140625 0.0750732421875 0.1427571614583333
2 0.7314421824919872 0.6350341796875 0.09107071314102555 0.08230794270833333
2 0.55908203125 0.603751210269765 0.045166015625 0.0911629440438034
2 0.5200570913461539 0.7450113932291667 0.10734675480769225 0.096728515625
2 0.7007712339743589 0.8461538461538463 0.07502003205128202 0.09829059829059841
2 0.92257080078125 0.5616142077323718 0.0701416015625 0.09311773838141034
2 0.26368189102564105 0.5700587606837607 0.08625801282051282 0.1082799145299146
2 0.32815004006410253 0.41885579427083336 0.06513546674679485 0.07032877604166672
2 0.675390625 0.1140625 0.07578125 0.09270833333333334
2 0.775 0.35833333333333334 0.059375 0.075
2 0.7555689102564103 0.8697916666666666 0.05176282051282062 0.08573717948717956
1 0.8350473257211538 0.9693194527911325 0.04377253605769234 0.05013062566773504
2 0.87236328125 0.6097086588541667 0.0552734375 0.101416015625
1 0.1499599358974359 0.13179754273504274 0.051041666666666693 0.07134081196581202
1 0.094140625 0.08854166666666667 0.06484375 0.07083333333333333
