0 0.09543585526315788 0.15501644736842107 0.02047697368421051 0.028782894736842094
0 0.05875822368421052 0.2631578947368421 0.028042763157894734 0.038377192982456135
0 0.0694078947368421 0.39882127192982453 0.031414473684210534 0.043366228070175455
0 0.14255756578947368 0.3176260964912281 0.018338815789473672 0.02483552631578944
0 0.8138774671052632 0.18703399122807018 0.03671875 0.04259868421052631
0 0.853125 0.06614583333333333 0.04375 0.057291666666666664
0 0.947265625 0.09791666666666667 0.02265625 0.03125
0 0.9596833881578947 0.12546600877192982 0.025534539473684247 0.03634868421052631
0 0.9285070398351648 0.6619906135531136 0.03155048076923066 0.04460851648351642
0 0.7569901315789473 0.31291118421052627 0.04194078947368407 0.05180921052631581
0 0.49615542763157894 0.3736293859649123 0.038939144736842124 0.05098684210526313
0 0.10661057692307692 0.8119791666666667 0.029567307692307688 0.03790064102564088
0 0.3730125343406593 0.8666552197802198 0.024407623626373588 0.027907509157509124
0 0.610576923076923 0.8171703296703297 0.0458447802197802 0.059340659340659366
0 0.775390625 0.6796875 0.04140625 0.059375
0 0.983984375 0.49259868421052627 0.03046875 0.058662280701754395
0 0.9843149038461538 0.9202152014652014 0.025120192307692336 0.03456959706959708
0 0.49961796016483523 0.6221401862026863 0.04283138736263732 0.07623244810744793
0 0.4562843406593407 0.5699004120879122 0.024759615384615418 0.043349358974359
1 0.8998766447368421 0.44709429824561403 0.03412828947368407 0.07072368421052631
1 0.5529194078947368 0.1723410087719298 0.04794407894736832 0.05992324561403507
1 0.3587098817567568 0.06607545045045045 0.039759290540540525 0.0626689189189189
1 0.3261924342105263 0.26450109649122805 0.028536184210526328 0.05981359649122802
1 0.44514802631578937 0.33330592105263157 0.04391447368421053 0.05597587719298242
1 0.7399671052631579 0.5283168859649123 0.025822368421052566 0.04237938596491239
1 0.8303828983516484 0.7346039377289377 0.0629635989010989 0.057348901098901096
1 0.9458233173076923 0.5853937728937729 0.04429086538461533 0.07921245421245425
1 0.6021587171052631 0.425438596491228 0.06212993421052628 0.07127192982456142
1 0.6529361263736264 0.6991529304029304 0.05556318681318686 0.07330586080586082
1 0.6833905677655677 0.921340811965812 0.09567307692307692 0.09748931623931618
1 0.9381095467032967 0.9121222527472528 0.041535027472527374 0.059455128205128105
1 0.4796073717948718 0.7632783882783883 0.07083333333333322 0.09386446886446874
1 0.26875429258241756 0.7057692307692308 0.05469608516483513 0.053205128205128224
1 0.19893465909090907 0.6183080808080808 0.04275568181818181 0.04494949494949493
1 0.364453125 0.5015625 0.06796875 0.051041666666666666
1 0.396875 0.5369791666666667 0.0421875 0.06770833333333333
1 0.3484786184210526 0.40679824561403505 0.04810855263157894 0.06359649122807015
0 0.6746504934210525 0.483360745614035 0.043791118421052655 0.051918859649122774
0 0.15810032894736842 0.39457236842105264 0.041529605263157875 0.047478070175438584
0 0.32516447368421053 0.15331688596491228 0.01003289473684208 0.013541666666666667
2 0.3470681662087912 0.783070054945055 0.07320570054945046 0.07030677655677652
1 0.8685032894736843 0.253344298245614 0.05740131578947363 0.06239035087719298
1 0.17650240384615384 0.8102564102564103 0.03882211538461537 0.03814102564102555
1 0.032421875 0.7364583333333333 0.06328125 0.07708333333333334
1 0.1979235197368421 0.2520559210526316 0.044120065789473674 0.07483552631578946
1 0.59375 0.6833333333333333 0.059375 0.08958333333333333
0 0.6177026098901098 0.6367616758241759 0.030219780219780203 0.028559981684981632
0 0.546484375 0.9859375 0.04921875 0.026041666666666668
1 0.8553356799450549 0.8243532509157508 0.05598385989010986 0.06100045787545779
2 0.24375 0.5255208333333333 0.06875 0.078125
1 0.878125 0.6640625 0.0359375 0.057291666666666664
0 0.5125950168918919 0.05986768018018017 0.033931587837837805 0.038485360360360335
0 0.4915135645604396 0.9226076007326007 0.021660370879120892 0.025618131868131874
0 0.22296463815789475 0.3261239035087719 0.013774671052631592 0.013322368421052626
0 0.5324690934065934 0.8238514957264957 0.01943681318681323 0.02537393162393163
0 0.005139802631578947 0.40962171052631574 0.010279605263157894 0.030537280701754394
