0 0.468359375 0.22395833333333334 0.04765625 0.05416666666666667
0 0.223828125 0.2 0.03515625 0.041666666666666664
0 0.646484375 0.503125 0.05234375 0.06875
0 0.8234375 0.5421875 0.0515625 0.059375
0 0.86796875 0.45677083333333335 0.0609375 0.07604166666666666
0 0.848828125 0.421875 0.02109375 0.027083333333333334
0 0.8234375 0.4713541666666667 0.021875 0.03229166666666667
0 0.839453125 0.65 0.06796875 0.0875
0 0.824609375 0.9552083333333333 0.04765625 0.0625
0 0.28828125 0.8911458333333333 0.040625 0.046875
0 0.33984375 0.13385416666666666 0.0578125 0.090625
0 0.24680488782051285 0.6102831196581197 0.057672275641025686 0.07056623931623941
0 0.38026842948717954 0.3494925213675214 0.05116185897435903 0.07398504273504276
0 0.973828125 0.08645833333333333 0.05078125 0.08125
1 0.71015625 0.4328125 0.0625 0.07604166666666666
1 0.7732672275641026 0.07598824786324788 0.0737780448717948 0.08947649572649577
1 0.21328125 0.023958333333333335 0.0640625 0.04791666666666667
1 0.16465344551282052 0.4523103632478633 0.07774439102564105 0.09003739316239319
1 0.4656850961538462 0.5953392094017095 0.06262019230769234 0.08442841880341885
1 0.5652443910256411 0.5294871794871795 0.08986378205128212 0.091025641025641
1 0.6505208333333334 0.6370325854700855 0.05753205128205137 0.06781517094017092
1 0.63359375 0.8614583333333333 0.0734375 0.08958333333333333
1 0.278125 0.9494791666666667 0.0703125 0.078125
1 0.4111979166666667 0.9446581196581197 0.047395833333333394 0.07735042735042737
1 0.42269631410256414 0.22799145299145301 0.05773237179487176 0.10598290598290602
1 0.8265625 0.128125 0.0546875 0.075
0 0.444921875 0.3302083333333333 0.06328125 0.0875
0 0.273046875 0.19479166666666667 0.03984375 0.05
0 0.02421875 0.96875 0.0484375 0.058333333333333334
0 0.56640625 0.9447916666666667 0.05 0.05416666666666667
0 0.575390625 0.9848958333333333 0.05546875 0.028125
1 0.826171875 0.8328125 0.05859375 0.08645833333333333
0 0.190625 0.16875 0.0296875 0.04583333333333333
