0 0.30890424679487183 0.12402510683760684 0.019611378205128194 0.028125000000000046
0 0.33974358974358976 0.16332799145299148 0.020032051282051277 0.03231837606837609
0 0.2768629807692307 0.14453792735042736 0.019591346153846168 0.02449252136752141
0 0.22926682692307693 0.06473023504273506 0.02864583333333335 0.03720619658119662
0 0.1321915064102564 0.11738782051282055 0.0385016025641026 0.052083333333333336
0 0.33671875 0.041666666666666664 0.03125 0.035416666666666666
0 0.27265625 0.0140625 0.040625 0.028125
0 0.12215544871794874 0.20040064102564106 0.02756410256410251 0.03830128205128209
0 0.11328125 0.27291666666666664 0.0328125 0.03333333333333333
0 0.03895125818330606 0.42289762911438444 0.02726149072558646 0.03452389070740131
0 0.2534629875886525 0.40519725177304966 0.03817597517730498 0.054188829787234084
0 0.30953845301418437 0.39084293735224584 0.02890625 0.04479166666666667
0 0.4585954548554282 0.3345662279505364 0.02795536688488811 0.053089766321149236
0 0.6532752403846154 0.2992922008547009 0.029987980769230836 0.038167735042735094
0 0.6188000801282051 0.23518963675213675 0.02265625 0.034375
0 0.6446414262820512 0.2527110042735043 0.021213942307692423 0.029834401709401763
0 0.7196915064102564 0.27967414529914536 0.027363782051282204 0.03466880341880347
0 0.7682291666666667 0.171340811965812 0.03245192307692317 0.045673076923076976
0 0.678515625 0.11770833333333333 0.03515625 0.04583333333333333
0 0.7001903044871796 0.10683760683760687 0.03631810897435903 0.03632478632478627
0 0.7001302083333334 0.1539529914529915 0.03643830128205128 0.04839743589743592
0 0.7764423076923077 0.035376602564102584 0.03605769230769216 0.0478365384615385
0 0.8179981587561376 0.6607678668848881 0.02706457992362239 0.036370249136206685
0 0.803446365248227 0.5992501477541371 0.021232269503546064 0.028583037825059183
0 0.7862345710583744 0.48697035824695395 0.024485986088379798 0.02458174213493359
0 0.5465009973404256 0.5725657505910166 0.03609818262411339 0.04547133569739934
0 0.5375300480769231 0.647676282051282 0.035116185897435946 0.0385149572649573
0 0.5711137820512822 0.7604433760683762 0.030048076923076917 0.03744658119658115
0 0.5032441267730496 0.7010490543735225 0.030634973404255295 0.03566784869976362
0 0.9890625 0.959375 0.0203125 0.04791666666666667
0 0.9196714743589745 0.8557825854700855 0.028044871794871716 0.036298076923077
0 0.42838844476744187 0.980765503875969 0.020585029069767467 0.026841085271317885
0 0.358203125 0.9348958333333334 0.02578125 0.030208333333333334
0 0.44132036790780144 0.8097739361702128 0.017071143617021268 0.027615248226950346
0 0.412181405141844 0.8159352836879433 0.03657468971631204 0.055629432624113545
0 0.2046875 0.9270833333333334 0.0265625 0.0375
0 0.04380008012820512 0.9614583333333333 0.03984375 0.04791666666666667
0 0.08800421099290781 0.6787492612293143 0.0364915780141844 0.04291518912529545
0 0.2449606604609929 0.5694075059101654 0.03523382092198579 0.04868498817966902
0 0.3394642065602837 0.544054032551373 0.017990913120567376 0.025662620476450234
0 0.4313301282051283 0.5214476495726496 0.025160256410256477 0.034561965811965814
1 0.5981930663529733 0.5877992021276595 0.049070427577741424 0.05148492907801424
1 0.6586029135979269 0.5404619021640298 0.03463371181123849 0.03659756319330795
1 0.5642091175668303 0.36167627068557917 0.054981587561374834 0.06979166666666667
1 0.18473557692307693 0.24692841880341884 0.04759615384615388 0.05208333333333336
1 0.13080929487179488 0.3478632478632479 0.02724358974358978 0.06121794871794872
2 0.3265735815602837 0.4479166666666667 0.0470966312056738 0.055407801418439755
2 0.5929587339743589 0.30695779914529914 0.06247996794871798 0.08400106837606834
1 0.05949391366612111 0.8171599381705765 0.041583981178396054 0.06546644844517183
1 0.5047096631205674 0.8404690057283143 0.03546099290780136 0.052982928714311824
1 0.5736818444394752 0.8784883720930234 0.05339939251639834 0.047286821705426384
1 0.4979667467948718 0.6043536324786325 0.03411458333333339 0.05646367521367519
1 0.46737780448717947 0.6522435897435898 0.03892227564102555 0.06677350427350426
1 0.4076927339061648 0.7483690216402982 0.044432794599017944 0.051998090561920306
1 0.7537760416666668 0.8184695512820513 0.059354967948717884 0.05750534188034185
1 0.8297576121794872 0.9670005341880342 0.05454727564102555 0.04724893162393163
1 0.7107772435897436 0.8895165598290599 0.04094551282051277 0.04361645299145304
1 0.6791065705128205 0.719017094017094 0.04643429487179489 0.048076923076923114
1 0.3 0.8770833333333333 0.03125 0.07083333333333333
1 0.17901706560283687 0.6420988475177306 0.03303413120567376 0.05563682033096917
0 0.8015024038461538 0.3544337606837607 0.021995192307692334 0.032051282051282055
0 0.6084501159301692 0.42921838061465717 0.016366612111292957 0.021882387706855747
0 0.13735593971631205 0.5986258865248227 0.02548758865248226 0.03619976359338063
0 0.2755984042553191 0.800919769503546 0.03823138297872344 0.049756205673758915
0 0.07941344448990725 0.5337084015275504 0.03498960038188763 0.0507865066375705
0 0.16455584253955263 0.4836799872704128 0.02982005250954718 0.035595108201491144
1 0.14209595818425763 0.027256012721129007 0.03539383944543821 0.04917014510037766
3 0.9419771634615387 0.9181089743589743 0.02750400641025639 0.03985042735042749
3 0.1576982746863066 0.7557283142389525 0.0413188761593017 0.05444171667575913
3 0.57734375 0.17291666666666666 0.0515625 0.06875
3 0.559375 0.2 0.0375 0.041666666666666664
0 0.913444916121113 0.5073877068557919 0.029160699672667788 0.03989361702127662
0 0.7166366185897436 0.5948584401709401 0.019451121794871896 0.026629273504273597
0 0.601171875 0.371875 0.03203125 0.04583333333333333
0 0.5221092045144571 0.7326556533006001 0.025041342744135255 0.037052759592653216
0 0.6242888621794872 0.6429086538461539 0.031870993589743615 0.04805021367521363
0 0.738671875 0.6560229700854702 0.02421875 0.028125
1 0.8834034455128206 0.38755341880341887 0.04248798076923066 0.043269230769230775
1 0.8768830128205127 0.4307825854700855 0.03750000000000018 0.044951923076923174
0 0.30900802986906706 0.7638658733406074 0.0356851813966176 0.039644139843607935
1 0.9635917467948719 0.17638888888888893 0.038361378205128284 0.05160256410256414
0 0.704296875 0.9302083333333333 0.02109375 0.027083333333333334
0 0.5798841976950355 0.7970079787234042 0.016982491134751854 0.02507387706855795
0 0.17578125 0.9369791666666667 0.0234375 0.023958333333333335
0 0.097265625 0.9223958333333333 0.02109375 0.028125
3 0.09602363782051285 0.2937900641025641 0.0313902243589743 0.043830128205128285
3 0.151171875 0.171875 0.02734375 0.035416666666666666
3 0.08130008012820515 0.38277243589743587 0.013962339743589703 0.021955128205128165
1 0.179296875 0.8651041666666667 0.06328125 0.059375
1 0.15546875 0.8890625 0.0453125 0.042708333333333334
0 0.1228697831423895 0.739783085561011 0.0484375 0.059375
1 0.4854767628205129 0.19302884615384616 0.04306891025641022 0.061057692307692334
1 0.079296875 0.9786458333333333 0.05546875 0.040625
0 0.39400040064102565 0.10731837606837609 0.011678685897435903 0.01613247863247868
3 0.5350648271276597 0.5010712174940898 0.020185062056737556 0.02149822695035457
0 0.21796875 0.9765625 0.03125 0.040625
