2 0.2140625 0.48385416666666664 0.1140625 0.10729166666666666
2 0.496875 0.5583333333333333 0.125 0.16041666666666668
2 0.4506209935897436 0.4667067307692308 0.05949519230769225 0.09366987179487171
2 0.5941506410256411 0.29166666666666674 0.1061698717948718 0.1201923076923077
2 0.8717247596153846 0.24455128205128204 0.06436298076923067 0.09006410256410252
2 0.926171875 0.2838541666666667 0.07734375 0.08229166666666667
2 0.7473557692307693 0.2956730769230769 0.07620192307692317 0.1121794871794872
2 0.6496694711538462 0.4338808760683761 0.08527644230769234 0.09484508547008552
2 0.7984775641025641 0.5770566239316239 0.1021634615384615 0.09161324786324793
2 0.2659655448717949 0.18617788461538462 0.057411858974359034 0.08277243589743592
1 0.3243289262820513 0.3300213675213675 0.0408453525641026 0.07553418803418814
1 0.5167367788461539 0.17735042735042736 0.046654647435897534 0.05769230769230775
1 0.392207532051282 0.2530582264957265 0.046834935897435905 0.06653311965811971
1 0.7670372596153846 0.8309561965811966 0.052864583333333395 0.0512286324786326
1 0.4108573717948718 0.21955128205128205 0.030048076923076962 0.040064102564102526
1 0.199609375 0.640625 0.07578125 0.10625
1 0.02052283653846156 0.46479700854700856 0.04148637820512825 0.08108974358974368
1 0.9517227564102566 0.03425480769230772 0.054086538461538505 0.06610576923076929
1 0.950390625 0.22135416666666666 0.08671875 0.090625
2 0.7899639423076923 0.04901175213675216 0.0951522435897437 0.09802350427350431
0 0.7704527243589745 0.4657051282051282 0.040024038461538326 0.05256410256410261
0 0.3742988782051282 0.10737179487179489 0.02904647435897436 0.04273504273504278
0 0.28365384615384615 0.26428952991453 0.030048076923076917 0.041399572649572655
0 0.048387419871794894 0.42700320512820517 0.03183092948717953 0.04449786324786326
0 0.4191806891025641 0.7695379273504274 0.04869791666666665 0.07967414529914525
3 0.4243389423076923 0.9361511752136752 0.06117788461538467 0.06786858974358978
3 0.3302283653846154 0.8879540598290598 0.05909455128205123 0.08680555555555548
3 0.13897235576923084 0.7749866452991453 0.05498798076923066 0.07502670940170937
3 0.04205729166666668 0.6461271367521367 0.08455528846153851 0.10838675213675218
3 0.19551282051282054 0.35510149572649574 0.04807692307692309 0.06276709401709397
3 0.30521834935897435 0.4785657051282051 0.032992788461538455 0.04286858974358984
3 0.6541967147435898 0.15215010683760688 0.06019631410256414 0.08138354700854705
3 0.9256810897435898 0.5719951923076924 0.07211538461538466 0.09105235042735037
3 0.9600961538461539 0.6678018162393163 0.023317307692307665 0.032986111111111306
3 0.8876201923076923 0.3477831196581197 0.050080128205128104 0.07206196581196588
1 0.9889923878205128 0.12385149572649574 0.020452724358974272 0.06853632478632482
2 0.6078125 0.7145833333333333 0.0015625 0.0020833333333333333
2 0.4843349358974359 0.802550747863248 0.07940705128205136 0.08934294871794866
0 0.26091746794871795 0.11971153846153851 0.03866185897435894 0.059401709401709385
