0 0.6764873798076924 0.3958600427350427 0.0381510416666667 0.050694444444444466
0 0.8920035018993353 0.3172325102880658 0.03678774928774953 0.04660493827160496
0 0.7822616185897436 0.24756944444444445 0.042447916666666786 0.05347222222222226
0 0.9813319830246915 0.12442772633744856 0.03577353395061724 0.059272119341563796
2 0.6203926282051282 0.31133814102564106 0.07952724358974361 0.1314903846153846
2 0.46347155448717947 0.3954994658119658 0.0720552884615385 0.08747329059829058
2 0.2575376157407408 0.14585262345679015 0.08851273148148157 0.16045524691358024
2 0.180078125 0.11510416666666666 0.08671875 0.08645833333333333
2 0.174609375 0.196875 0.09140625 0.11458333333333333
2 0.067578125 0.31354166666666666 0.10078125 0.16041666666666668
2 0.130078125 0.27447916666666666 0.07890625 0.10520833333333333
2 0.066786858974359 0.5352964743589743 0.096113782051282 0.16274038461538462
2 0.2532735020661157 0.49441718319559225 0.0934529958677686 0.10758436639118447
2 0.21543469551282052 0.7603899572649573 0.06288060897435895 0.11880341880341874
2 0.33990384615384617 0.656116452991453 0.0717948717948718 0.12526709401709393
2 0.49756610576923077 0.9076655982905983 0.1423677884615385 0.14091880341880342
2 0.3029647435897436 0.9738381410256411 0.07155448717948723 0.050240384615384555
2 0.08714943910256412 0.8736378205128205 0.06648637820512823 0.11276709401709403
1 0.23984375 0.6932291666666667 0.0578125 0.053125
1 0.359375 0.35572916666666665 0.028125 0.04479166666666667
1 0.4316165123456791 0.2235651115859449 0.06442901234567903 0.05132656695156695
2 0.13583733974358975 0.4822248931623932 0.04823717948717952 0.07694978632478637
2 0.8952208719135804 0.05618569958847738 0.06121720679012359 0.0774434156378601
2 0.9484475160256409 0.7381543803418803 0.06564503205128194 0.09035790598290597
2 0.5540564903846155 0.6629273504273504 0.04501201923076916 0.09481837606837604
2 0.38382411858974363 0.7478498931623931 0.06408253205128212 0.11861645299145304
1 0.26796875 0.7951121794871796 0.07343750000000004 0.10689102564102566
1 0.9726514274691358 0.9344200102880659 0.05313464506172831 0.07251800411522626
0 0.5914613381410256 0.7049946581196581 0.029917868589743612 0.04407051282051289
0 0.7100510817307691 0.5782051282051283 0.019100560897435857 0.022542735042735036
0 0.562109375 0.8286458333333333 0.03046875 0.05520833333333333
2 0.8199919871794872 0.6287259615384616 0.07816506410256405 0.08843482905982895
2 0.4308304398148149 0.09710005144032922 0.09686535493827168 0.1062114197530864
2 0.748828125 0.03802083333333333 0.06328125 0.07604166666666666
1 0.06069711538461542 0.6854967948717949 0.06630608974358979 0.08440170940170949
2 0.7133313301282052 0.7603899572649573 0.06708733974358978 0.0895299145299146
2 0.6109925881410256 0.5568376068376069 0.07198517628205128 0.10534188034188041
0 0.560546875 0.12395833333333334 0.03046875 0.03958333333333333
1 0.11953125 0.20208333333333334 0.046875 0.08541666666666667
