3 0.5626702724358974 0.40769230769230774 0.05122195512820511 0.06378205128205122
3 0.7039162660256411 0.5945379273504273 0.04288862179487181 0.0448450854700854
3 0.8429587339743589 0.7003472222222222 0.023217147435897444 0.0400106837606837
0 0.44240785256410264 0.40451388888888895 0.019030448717948723 0.028044871794871775
0 0.31392227564102565 0.39298878205128207 0.019591346153846168 0.02438568376068382
0 0.2349959935897436 0.44616720085470085 0.043229166666666693 0.0569177350427351
0 0.1960036057692308 0.5030849358974359 0.02506009615384617 0.03923611111111113
0 0.09140625 0.25625 0.028125 0.035416666666666666
0 0.603495592948718 0.2573183760683761 0.022696314102564053 0.03130341880341885
0 0.7052083333333334 0.4597622863247864 0.0322916666666667 0.04505876068376065
0 0.7318709935897436 0.33840811965811973 0.04306891025641022 0.048076923076923114
0 0.698818108974359 0.1100427350427351 0.019030448717948723 0.024038461538461526
0 0.7288661858974359 0.13007478632478636 0.013020833333333393 0.02136752136752135
0 0.9035857371794872 0.5439369658119658 0.03217147435897445 0.037126068376068314
0 0.7569110576923077 0.7216880341880343 0.02303685897435894 0.03472222222222226
0 0.5695813301282051 0.9487313034188034 0.02510016025641031 0.03736645299145304
0 0.3709134615384616 0.8301549145299146 0.03629807692307687 0.03947649572649574
0 0.8349358974358975 0.9066639957264957 0.02924679487179489 0.03875534188034185
0 0.8119591346153847 0.9040598290598291 0.02295673076923066 0.03354700854700852
0 0.7359174679487179 0.9346688034188034 0.024959935897435948 0.030662393162393067
0 0.6272536057692308 0.5472222222222223 0.027944711538461585 0.0337606837606837
0 0.3078125 0.6973958333333333 0.0265625 0.028125
1 0.9417067307692308 0.3323985042735043 0.054086538461538325 0.05475427350427348
1 0.6170372596153847 0.41519764957264965 0.05438701923076925 0.04674145299145298
1 0.2869891826923077 0.7525908119658119 0.030709134615384583 0.06981837606837603
1 0.21255008012820512 0.8714075854700855 0.03603766025641027 0.08843482905982908
1 0.6322616185897436 0.873303952991453 0.037960737179487225 0.038808760683760705
1 0.3512620192307693 0.14676816239316243 0.04507211538461542 0.0894764957264957
1 0.4012419871794872 0.24594017094017095 0.05689102564102559 0.04604700854700858
0 0.53125 0.9567708333333333 0.0296875 0.03229166666666667
0 0.175390625 0.29791666666666666 0.02734375 0.03125
