0 0.5588141025641026 0.6372596153846153 0.0426282051282052 0.06201923076923078
2 0.7412960737179487 0.11014957264957266 0.062279647435897444 0.11196581196581198
2 0.7091590447154472 0.46061991869918695 0.06923272357723578 0.10501355013550136
2 0.5760661502849004 0.8757864434947767 0.08802973646723648 0.09719254510921177
2 0.2733874198717949 0.5166933760683761 0.06310096153846154 0.08547008547008553
2 0.8154901500938087 0.3818597560975609 0.062128674171357104 0.08638211382113822
2 0.7876602564102565 0.5682959401709401 0.059695512820512955 0.07708333333333345
2 0.19355969551282054 0.21583867521367525 0.05819310897435894 0.06084401709401712
1 0.08150540865384617 0.4633680555555556 0.030198317307692346 0.055902777777777794
1 0.20339042467948718 0.3340411324786325 0.07134415064102562 0.07016559829059836
1 0.07168970352564105 0.6303018162393162 0.040815304487179516 0.07326388888888881
1 0.5449719551282051 0.4626335470085471 0.07031250000000008 0.07740384615384617
1 0.6216646634615385 0.28611111111111115 0.051141826923077005 0.08055555555555559
0 0.2985877403846154 0.13843482905982907 0.03022836538461542 0.03936965811965815
0 0.06875 0.2859375 0.053125 0.06145833333333333
0 0.0667067307692308 0.2262419871794872 0.05528846153846158 0.04543269230769228
0 0.9564564278455284 0.7131097560975609 0.030684705284553006 0.03702574525745265
