3 0.4930288461538462 0.6759214743589744 0.08004807692307692 0.11290064102564087
3 0.5345552884615385 0.8391826923076924 0.06911057692307701 0.08285256410256422
3 0.4296474358974359 0.872863247863248 0.03653846153846159 0.04754273504273503
3 0.7450505994776828 0.6696541627097183 0.05484478869895541 0.06667458056346949
3 0.817928685897436 0.35618322649572653 0.0452323717948719 0.06060363247863248
3 0.7360076121794872 0.11299412393162393 0.05482772435897445 0.07956730769230771
3 0.25914963942307695 0.36255341880341885 0.030478766025641056 0.041185897435897505
0 0.8269030448717949 0.14743589743589747 0.03329326923076934 0.048076923076923066
0 0.8047776442307694 0.2526976495726496 0.037479967948718065 0.048557692307692336
0 0.7438902243589745 0.2249866452991453 0.0390625 0.047889957264957296
0 0.7362379807692307 0.42112713675213675 0.03433493589743595 0.04556623931623941
0 0.29718549679487183 0.17214209401709404 0.04505208333333335 0.05742521367521366
0 0.4954627403846154 0.35961538461538467 0.03311298076923084 0.04839743589743595
0 0.5378104967948718 0.4531517094017094 0.03655849358974361 0.04786324786324781
0 0.39427584134615384 0.44635416666666666 0.038671875 0.04986645299145304
0 0.30431189903846156 0.5327190170940171 0.043319310897435945 0.052083333333333336
0 0.06744791666666668 0.428125 0.019751602564102612 0.03424145299145304
0 0.8540665064102566 0.8031650641025642 0.029046474358974273 0.03741987179487178
0 0.7858173076923076 0.5743589743589744 0.059375 0.08461538461538455
0 0.2947916666666667 0.7688434829059829 0.04383012820512824 0.05793269230769234
0 0.8820297661443494 0.8543842988287432 0.04130312203228872 0.06026432415321305
1 0.3215244391025641 0.8620192307692308 0.058473557692307665 0.053205128205128224
1 0.08131009615384617 0.20870726495726497 0.05012019230769234 0.05908119658119662
1 0.19922876602564105 0.04702190170940173 0.034635416666666696 0.05392628205128211
0 0.6872395833333333 0.7476629273504274 0.062219551282051276 0.06290064102564112
0 0.974969951923077 0.7085069444444445 0.04849759615384617 0.06909722222222227
