1 0.7493990384615385 0.24567307692307694 0.06510416666666644 0.04524572649572652
2 0.3743990384615385 0.13283920940170943 0.0979567307692307 0.12134081196581198
2 0.37810496794871795 0.2680689102564102 0.07251602564102573 0.10996260683760688
2 0.11400240384615383 0.10169604700854704 0.09190705128205134 0.13020833333333337
2 0.13930288461538462 0.3592280982905983 0.09539262820512825 0.11193910256410261
2 0.27864583333333337 0.27911324786324787 0.08713942307692304 0.14663461538461545
2 0.6858573717948718 0.37390491452991453 0.09202724358974361 0.14177350427350427
2 0.8443309294871796 0.5959668803418803 0.14867788461538484 0.14460470085470084
2 0.8422976762820513 0.9222489316239316 0.06360176282051277 0.0903311965811966
2 0.45049078525641023 0.5907719017094017 0.06396233974358978 0.07887286324786326
2 0.3649338942307693 0.6780181623931624 0.061798878205128235 0.08466880341880341
2 0.38898237179487183 0.9517227564102565 0.06077724358974361 0.08880876068376059
2 0.7024338942307693 0.5771634615384618 0.052864583333333395 0.07938034188034174
2 0.6046274038461539 0.5001335470085471 0.11911057692307683 0.12526709401709404
2 0.4941706730769231 0.3016693376068376 0.06947115384615384 0.09083867521367524
1 0.5286959134615385 0.24869123931623932 0.03776041666666678 0.09262820512820517
1 0.43895232371794873 0.8685630341880342 0.03595753205128212 0.03477564102564112
1 0.18699919871794876 0.921340811965812 0.05608974358974361 0.07211538461538455
1 0.6532552083333333 0.3017094017094017 0.059114583333333394 0.0694978632478632
2 0.8220152243589745 0.7837873931623932 0.10316506410256406 0.11084401709401703
0 0.750811298076923 0.49899839743589747 0.02822516025641022 0.035389957264957236
0 0.596454326923077 0.9140625 0.038461538461538325 0.04927884615384611
3 0.5838842147435896 0.4190972222222223 0.040564903846153834 0.04519230769230761
1 0.6647435897435898 0.5771501068376068 0.02900641025641022 0.05403311965811971
