3 0.96484375 0.353125 0.0609375 0.09375
0 0.97265625 0.3296875 0.034375 0.04895833333333333
0 0.8104166666666668 0.25974893162393164 0.030208333333333393 0.04300213675213671
0 0.9448116987179487 0.4575320512820513 0.03385416666666678 0.04487179487179495
0 0.7447115384615385 0.2785523504273505 0.0374198717948719 0.04759615384615395
0 0.7470452724358975 0.47164797008547005 0.03876201923076934 0.04869123931623935
0 0.737109375 0.5447916666666667 0.04609375 0.06666666666666667
0 0.6607572115384616 0.5461672008547008 0.03305288461538467 0.0438835470085472
0 0.5805488782051282 0.4954994658119658 0.037219551282051365 0.04906517094017098
0 0.46537459935897446 0.5153445512820514 0.04893830128205119 0.054727564102564054
0 0.5250901442307693 0.5110977564102565 0.04597355769230784 0.04991987179487183
0 0.6168770032051282 0.1728899572649573 0.03467548076923084 0.04257478632478635
0 0.5270432692307694 0.13647168803418805 0.04607371794871797 0.07267628205128211
0 0.3197115384615385 0.20819978632478633 0.038060897435897446 0.052083333333333336
0 0.14031450320512823 0.4885817307692308 0.04629407051282053 0.06022970085470091
0 0.203125 0.31145833333333334 0.04375 0.058333333333333334
0 0.1609375 0.31927083333333334 0.053125 0.065625
0 0.12272636217948721 0.3304754273504274 0.04673477564102561 0.06928418803418808
0 0.24809695512820515 0.547409188034188 0.027043269230769253 0.03338675213675207
0 0.3096354166666667 0.6442574786324786 0.018149038461538414 0.02665598290598285
0 0.5779847756410257 0.6582532051282051 0.04034455128205137 0.05742521367521374
0 0.618719951923077 0.8004807692307693 0.03900240384615392 0.05341880341880341
0 0.17497996794871798 0.08915598290598294 0.04306891025641022 0.05512820512820518
0 0.7423677884615385 0.842988782051282 0.0401041666666667 0.04586004273504282
0 0.45343549679487183 0.7465678418803419 0.033072916666666605 0.04105235042735048
0 0.2796875 0.4171875 0.0390625 0.04479166666666667
0 0.3522636217948718 0.37677617521367524 0.047075320512820526 0.051469017094017154
0 0.349609375 0.3265625 0.04296875 0.04895833333333333
1 0.9769731570512821 0.24213408119658122 0.04449118589743577 0.06968482905982913
0 0.5257111378205128 0.4056757478632479 0.03671875000000009 0.0470886752136753
0 0.3887419871794872 0.6369658119658119 0.033894230769230704 0.05459401709401715
3 0.8315304487179489 0.06931089743589748 0.022035256410256387 0.030715811965811968
3 0.13632812500000002 0.25996260683760686 0.024218750000000046 0.030074786324786284
0 0.8568309294871795 0.7897970085470085 0.03353365384615383 0.04540598290598285
0 0.8630008012820515 0.13388087606837606 0.03922275641025639 0.05649038461538467
1 0.01640625 0.11197916666666667 0.0328125 0.07395833333333333
1 0.034765625 0.13229166666666667 0.04296875 0.08125
