0 0.09385016025641028 0.41778846153846155 0.04507211538461536 0.05224358974358978
0 0.4233473557692308 0.8255341880341881 0.037119391025641144 0.05138888888888893
0 0.2240184294871795 0.8874198717948718 0.04515224358974361 0.05849358974358978
0 0.7093850160256411 0.8999866452991453 0.03595753205128212 0.05205662393162396
0 0.9311899038461539 0.6355502136752136 0.03705929487179489 0.044070512820512775
0 0.7576923076923077 0.8094818376068377 0.03549679487179489 0.03936965811965803
0 0.983984375 0.7628205128205129 0.03046875 0.06730769230769233
0 0.7253806089743591 0.5638621794871795 0.023998397435897444 0.037873931623931746
0 0.42930689102564107 0.5405982905982907 0.04923878205128211 0.06036324786324793
0 0.40262419871794874 0.5241052350427351 0.04162660256410251 0.058627136752136856
0 0.5055388621794872 0.2728231837606838 0.03900240384615392 0.05104166666666673
1 0.6602263621794873 0.22474626068376072 0.04413060897435894 0.06439636752136754
1 0.42888621794871795 0.18401442307692312 0.06209935897435907 0.09244123931623932
1 0.7555789262820513 0.8469417735042735 0.033713942307692334 0.045966880341880414
0 0.1334134615384616 0.3671207264957265 0.04807692307692309 0.06543803418803425
1 0.9405148237179487 0.24503205128205133 0.054467147435897444 0.06388888888888895
1 0.5961939102564103 0.0981436965811966 0.04599358974358978 0.06920405982905987
3 0.9063601762820512 0.584281517094017 0.029467147435897446 0.03768696581196582
3 0.38381410256410264 0.11271367521367526 0.07211538461538472 0.1014957264957265
3 0.4901642628205128 0.03270566239316241 0.031690705128205196 0.03715277777777782
3 0.21504407051282054 0.8016426282051282 0.07111378205128208 0.09046474358974356
3 0.259364983974359 0.5337740384615385 0.022536057692307754 0.03394764957264958
1 0.028515625 0.63125 0.04921875 0.08541666666666667
0 0.4376101762820513 0.9486378205128205 0.040645032051282115 0.05625
