0 0.35810296474358977 0.4345619658119658 0.033393429487179514 0.045405982905982904
0 0.8835737179487179 0.08269230769230772 0.04214743589743595 0.06004273504273508
0 0.6684795673076923 0.7411992521367521 0.03764022435897445 0.059802350427350486
0 0.16045673076923078 0.640531517094017 0.040064102564102554 0.05280448717948723
0 0.6252003205128206 0.5594284188034189 0.03205128205128203 0.04941239316239319
0 0.7258613782051283 0.842548076923077 0.04306891025641022 0.052083333333333336
0 0.6231770833333334 0.780448717948718 0.0401041666666667 0.06410256410256411
3 0.3734875801282051 0.7467681623931625 0.026662660256410266 0.031463675213675185
0 0.3075020032051282 0.5318376068376068 0.03844150641025643 0.05117521367521374
0 0.9211237980769231 0.5422275641025642 0.03114983974358978 0.04374999999999988
0 0.8284655448717949 0.1278712606837607 0.03417467948717956 0.04714209401709405
0 0.3597055288461539 0.05126869658119661 0.04220753205128207 0.050774572649572684
1 0.6679787660256411 0.028178418803418825 0.030629006410256388 0.04353632478632483
