0 0.7899639423076923 0.46243322649572655 0.04106570512820511 0.053766025641025665
0 0.6829627403846154 0.48130341880341887 0.0387219551282052 0.05074786324786326
0 0.09785657051282055 0.2619791666666667 0.04507211538461536 0.05403311965811971
0 0.032051282051282076 0.3228231837606838 0.03846153846153851 0.06055021367521369
0 0.13475560897435898 0.6788060897435898 0.03337339743589744 0.04302884615384623
0 0.17677283653846151 0.8195245726495727 0.02946714743589749 0.042040598290598294
0 0.23109975961538468 0.7795405982905983 0.03499599358974357 0.04455128205128223
0 0.2751802884615385 0.695446047008547 0.03713942307692304 0.04714209401709404
0 0.5457231570512822 0.7690972222222222 0.030749198717948723 0.041399572649572745
0 0.9115484775641025 0.8779246794871796 0.04028445512820511 0.05873397435897433
0 0.9658153044871796 0.8832532051282052 0.043930288461538326 0.05347222222222238
0 0.37899639423076925 0.7500534188034187 0.03167067307692313 0.04209401709401715
1 0.6100761217948719 0.4000267094017094 0.042267628205128194 0.058386752136752186
3 0.8262119391025642 0.27986111111111117 0.06672676282051278 0.0850427350427351
3 0.04814703525641031 0.11032318376068385 0.0543469551282052 0.07422542735042754
3 0.3026442307692308 0.5055288461538462 0.04815705128205128 0.05571581196581204
3 0.2152644230769231 0.6440838675213675 0.05264423076923079 0.06973824786324793
1 0.9164563301282052 0.4973424145299145 0.04364983974358978 0.08010149572649575
1 0.794140625 0.9557291666666666 0.05546875 0.046875
1 0.40033052884615383 0.0716212606837607 0.049098557692307754 0.06615918803418808
0 0.2305488782051282 0.48569711538461546 0.042027243589743565 0.05152243589743583
0 0.11916065705128207 0.05313835470085473 0.026502403846153922 0.0336805555555556
3 0.06721754807692308 0.036792200854700884 0.02822516025641032 0.03432158119658124
3 0.011508413461538487 0.06116452991452994 0.01744791666666671 0.0256410256410257
0 0.7304987980769231 0.6978899572649572 0.03980368589743595 0.05026709401709404
0 0.33470552884615384 0.93125 0.02409855769230771 0.029166666666666667
0 0.36182892628205127 0.37847222222222227 0.0341546474358974 0.04807692307692305
