0 0.6374399038461538 0.7715144230769231 0.04362980769230775 0.06594551282051289
0 0.289453125 0.10625 0.05703125 0.07708333333333334
1 0.29854767628205126 0.1794871794871795 0.08639823717948722 0.06944444444444443
1 0.7386017628205129 0.31694711538461545 0.0816907051282052 0.07497329059829064
2 0.27524038461538464 0.5133547008547009 0.1009615384615385 0.09081196581196581
2 0.5962239583333334 0.3628205128205128 0.06424278846153841 0.11677350427350437
0 0.8525841346153846 0.7500400641025641 0.04803685897435912 0.06348824786324793
0 0.404296875 0.7848958333333333 0.05390625 0.06354166666666666
3 0.09489182692307693 0.4407719017094017 0.07103365384615387 0.08720619658119654
1 0.5127804487179487 0.29368322649572653 0.029567307692307577 0.08410790598290609
1 0.4556290064102564 0.22375801282051283 0.05548878205128203 0.09308226495726506
0 0.5205829326923077 0.054460470085470086 0.04609375 0.058333333333333334
2 0.6260016025641025 0.6560229700854701 0.0645032051282052 0.0983707264957264
1 0.30941506410256414 0.8339877136752136 0.06554487179487176 0.08255876068376071
