0 0.3676619433198381 0.18726312977957715 0.03605769230769229 0.045429880791722846
0 0.18340871710526313 0.1365953947368421 0.03449835526315788 0.04479166666666667
0 0.7013640574919873 0.5328124999999999 0.027773187099358852 0.03420138888888893
0 0.9262451171875 0.8453342013888888 0.027229817708333215 0.038498263888888926
0 0.9411358173076924 0.7906116452991453 0.04721554487179489 0.07048611111111107
0 0.5938232421875 0.8588541666666667 0.034521484375 0.040625
0 0.5099374789136302 0.7309034806567701 0.029467147435897446 0.0316140913180386
0 0.33628700657894733 0.7084978070175438 0.020682565789473674 0.027083333333333334
3 0.27280016447368427 0.6621710526315788 0.028412828947368362 0.042982456140350914
3 0.128515625 0.525 0.03828125 0.04375
1 0.7354548527644231 0.9426065037393163 0.044227013221153834 0.04577657585470085
1 0.4056259187632543 0.6999921679197993 0.04072184668401766 0.05239661654135344
0 0.7986184144631411 0.7071898370726496 0.0397824018429489 0.052200186965812044
0 0.8375732421875 0.7834418402777779 0.053206380208333216 0.06462673611111107
0 0.6645263671875 0.7271267361111112 0.049365234375 0.06657986111111107
0 0.09810855263157894 0.6927631578947367 0.0381578947368421 0.048684210526315636
0 0.06376307354925774 0.9434210526315788 0.027079116059379238 0.035307017543859585
0 0.19708059210526316 0.40940241228070173 0.02442434210526314 0.028782894736842066
1 0.15676398026315788 0.21274671052631577 0.05407072368421051 0.07121710526315787
3 0.13799342105263157 0.8773026315789473 0.024177631578947346 0.030482456140350795
