2 0.3565404647435898 0.18516292735042736 0.06756810897435898 0.10082799145299146
2 0.14973958333333337 0.10515491452991456 0.09254807692307696 0.12510683760683755
2 0.24112580128205127 0.30352564102564106 0.0900641025641026 0.09246794871794878
2 0.42087339743589747 0.4897970085470086 0.10116185897435911 0.08584401709401715
2 0.6434395032051282 0.20884081196581197 0.1256209935897436 0.1802350427350427
2 0.6519431089743589 0.050681089743589765 0.10080128205128211 0.10136217948717953
2 0.5147435897435898 0.3211404914529915 0.08457532051282043 0.08394764957264964
2 0.575 0.2890625 0.084375 0.103125
2 0.740234375 0.5083333333333333 0.08671875 0.10208333333333333
2 0.726933092948718 0.6064236111111112 0.08199118589743595 0.11701388888888893
2 0.9296875 0.8405448717948718 0.11847527472527482 0.13621794871794865
2 0.6216694078947368 0.902311769005848 0.06422697368421044 0.12337353801169577
2 0.4525540865384617 0.7160256410256411 0.0678485576923074 0.09545940170940158
2 0.3362580128205129 0.7501201923076923 0.0680689102564103 0.10739850427350438
2 0.1470252403846154 0.377724358974359 0.0659254807692308 0.07996794871794867
2 0.0655262706043956 0.9009787087912088 0.08340487637362637 0.07258470695970705
2 0.8424879807692307 0.3157528235653236 0.0662259615384615 0.10540674603174605
2 0.781270032051282 0.34684829059829064 0.08277243589743595 0.12505341880341875
1 0.7639623397435897 0.10375267094017096 0.03397435897435876 0.05130876068376072
1 0.6285266953441295 0.6143724696356275 0.038577513495276786 0.05049482681061619
1 0.09253806089743592 0.43966346153846153 0.042688301282051325 0.05790598290598291
1 0.868128301056338 0.6433465375586854 0.03671875 0.059375
3 0.8886333626760564 0.6281763497652582 0.030391725352112785 0.041563967136150265
0 0.057245879120879105 0.8354166666666667 0.0381524725274725 0.04583333333333333
0 0.7251402243589744 0.9621928418803418 0.017467948717948722 0.025614316239316183
1 0.6418516995614034 0.6952576754385963 0.04853344298245608 0.08061038011695902
2 0.83046875 0.796875 0.1078125 0.15208333333333332
0 0.5879950025303644 0.7928088450292398 0.02329727564102555 0.029879385964912093
0 0.5889459978070175 0.8390899122807017 0.02931743421052637 0.03234649122807009
1 0.8584034455128204 0.9795138888888888 0.05743189102564106 0.03888888888888893
1 0.796484375 0.45208333333333334 0.06796875 0.07291666666666667
