2 0.23715666585524184 0.3555247890295359 0.09036230120090871 0.10632911392405073
2 0.0542381734826355 0.21247548820729206 0.06952998214865305 0.08783910797360166
2 0.3109375 0.08177083333333333 0.059375 0.10104166666666667
2 0.959765625 0.07864583333333333 0.07890625 0.090625
1 0.5228165064102563 0.42819177350427345 0.0578125 0.08020833333333334
1 0.553515625 0.3880208333333333 0.05078125 0.051041666666666666
1 0.7006578947368421 0.5035270467836257 0.037828947368420976 0.04374999999999994
1 0.9147352430555555 0.27578125 0.04509548611111107 0.06070601851851845
1 0.8138888888888889 0.09090099715099716 0.04496527777777768 0.06143162393162404
1 0.18655557753164556 0.24227320675105488 0.05212618670886078 0.04670358649789037
1 0.06806967096721846 0.32915348101265823 0.06065654414151245 0.04963080168776379
1 0.10663568037974684 0.5038897679324895 0.04384889240506327 0.031118143459915672
1 0.1477699762658228 0.7177544831223628 0.036738528481012646 0.05829377637130797
1 0.46570905854430383 0.5179061181434599 0.04267207278481004 0.07165084388185654
1 0.4075671073717949 0.16846955128205135 0.07118389423076917 0.06343482905982904
1 0.7407654879385964 0.7277510683760684 0.0588336074561405 0.0653311965811966
1 0.8421875 0.7697916666666667 0.053125 0.08541666666666667
1 0.8625 0.6958333333333333 0.0640625 0.07083333333333333
1 0.39484770569620253 0.5831289556962024 0.03704509493670889 0.059876054852320594
1 0.73828125 0.6328125 0.0828125 0.059375
0 0.3814527294303797 0.29258306962025316 0.023190268987341778 0.02754483122362862
0 0.1459107990506329 0.1928665611814346 0.02166732594936709 0.026845991561181483
0 0.511156798245614 0.9534904970760233 0.028947368421052565 0.028326023391812782
0 0.5050575657894736 0.9243146929824562 0.026014254385964986 0.026626461988304227
0 0.8735026041666668 0.5668113425925926 0.03424479166666661 0.04866898148148143
0 0.865625 0.3880208333333333 0.034375 0.046875
0 0.41929390822784807 0.3390822784810127 0.034632120253164624 0.036366033755274314
0 0.27677511867088606 0.7578125 0.038815268987341736 0.05465453586497884
0 0.31745476973684206 0.9690058479532163 0.022985197368421063 0.030190058479531955
0 0.19138647151898733 0.28639240506329117 0.031704905063291135 0.04021624472573843
0 0.908984375 0.018229166666666668 0.03203125 0.036458333333333336
2 0.6133856275303644 0.5056026484480431 0.047899797570850035 0.08163096041385505
2 0.6510690789473683 0.6334521198830408 0.05762061403508776 0.052540204678362436
2 0.6606359649122806 0.8438413742690057 0.09046052631578946 0.07584064327485376
2 0.502034834682861 0.6969958951866846 0.0405280026990555 0.059927462887989336
2 0.6299753289473685 0.04614400584795321 0.05583881578947354 0.07584064327485379
2 0.42795138888888884 0.9340125487329434 0.08159722222222214 0.09834917153996088
1 0.20230034722222218 0.03226273148148146 0.07022569444444438 0.06452546296296292
1 0.3235808939873418 0.28244989451476793 0.0480518196202532 0.053375527426160356
1 0.37070806962025316 0.7220595991561181 0.06795886075949369 0.06286919831223621
1 0.39542128164556967 0.6618539029535865 0.03589794303797467 0.08570675105485227
0 0.79453125 0.6546875 0.0328125 0.042708333333333334
0 0.92890625 0.15364583333333334 0.040625 0.034375
0 0.940234375 0.18645833333333334 0.04296875 0.04791666666666667
3 0.9014539930555555 0.8445601851851853 0.030425347222222142 0.048726851851851785
2 0.05074169303797469 0.6718815928270042 0.05674446202531645 0.08542985232067508
2 0.5683467231781376 0.7189053362573098 0.04751707995951415 0.058899853801169515
2 0.24785733122362866 0.608633729579141 0.055643459915611836 0.09530015958022288
1 0.2923127003205129 0.48002136752136754 0.05730168269230771 0.08803418803418808
1 0.3473595727848101 0.6281513713080168 0.034117879746835424 0.05421940928270044
2 0.7921908386752137 0.842116274928775 0.06448985042735025 0.0796563390313389
0 0.5126570934547908 0.8552139563652721 0.024576163967611107 0.029338169140800594
0 0.9834418402777778 0.9673900462962963 0.031553819444444464 0.04646990740740738
0 0.4884394778481013 0.5883241033755273 0.025890031645569512 0.032344409282700444
1 0.8141259348290596 0.4356837606837607 0.05516826923076916 0.06720085470085474
0 0.365234375 0.09635416666666667 0.03828125 0.05520833333333333
1 0.23426649305555552 0.17919560185185182 0.030164930555555535 0.04843749999999994
0 0.9634114583333332 0.4732638888888889 0.023697916666666607 0.03611111111111107
0 0.581640625 0.4161458333333333 0.03359375 0.03854166666666667
