0 0.100390625 0.1453125 0.02265625 0.028125
0 0.0547876602564103 0.1307425213675214 0.03104967948717947 0.03605769230769229
0 0.060546875 0.4609375 0.04453125 0.071875
0 0.42527173913043476 0.8478713768115943 0.01788949275362306 0.026630434782608722
0 0.3745697463768116 0.8559027777777778 0.033242753623188334 0.04227053140096615
0 0.808984375 0.9765625 0.02578125 0.042708333333333334
0 0.781640625 0.9828125 0.02890625 0.03229166666666667
0 0.586328125 0.7828125 0.03515625 0.042708333333333334
0 0.5890625 0.7395833333333334 0.04375 0.04375
0 0.8064174107142857 0.1802579365079365 0.027046130952380842 0.04424603174603172
0 0.9739583333333333 0.18871527777777777 0.039583333333333394 0.058680555555555534
0 0.5337983630952381 0.0984375 0.032105654761904655 0.04518849206349206
0 0.080859375 0.5369791666666667 0.02890625 0.034375
1 0.9602864583333333 0.31649305555555557 0.06223958333333339 0.08923611111111113
1 0.97578125 0.3921875 0.046875 0.071875
1 0.7276785714285714 0.4360863095238095 0.04613095238095237 0.07425595238095237
1 0.6873697916666666 0.027777777777777776 0.03448660714285703 0.05555555555555555
1 0.41938100961538466 0.2862713675213675 0.05907451923076925 0.06420940170940176
1 0.517578125 0.39166666666666666 0.06171875 0.08958333333333333
1 0.6063244047619047 0.3741071428571428 0.08348214285714288 0.0732142857142857
1 0.34774925595238093 0.08526785714285715 0.047061011904761904 0.09136904761904761
1 0.3250801282051282 0.2420940170940171 0.07483974358974357 0.08247863247863245
1 0.357421875 0.2828125 0.05390625 0.07604166666666666
1 0.1990499084249084 0.16225198412698413 0.061721611721611724 0.07033730158730159
1 0.3742931547619047 0.5150545634920635 0.03578869047619051 0.05719246031746034
1 0.0890925480769231 0.3350560897435898 0.07662259615384621 0.10552884615384622
1 0.5811197916666666 0.6685763888888888 0.054427083333333307 0.057291666666666664
1 0.8079427083333333 0.6859375 0.051302083333333394 0.071875
1 0.9140625 0.803125 0.0375 0.04375
1 0.7927083333333333 0.9414930555555555 0.05208333333333339 0.0524305555555556
1 0.5458333333333334 0.8703125 0.0458333333333333 0.07604166666666666
1 0.5609375 0.7265625 0.03125 0.07395833333333333
0 0.4203125 0.7395833333333334 0.0359375 0.03958333333333333
1 0.07818644662921348 0.5558871722846442 0.04050210674157303 0.049274344569288434
1 0.4256510416666666 0.7767361111111111 0.0596354166666667 0.06597222222222214
1 0.796875 0.0625 0.0515625 0.0625
0 0.80234375 0.026041666666666668 0.040625 0.03958333333333333
2 0.78828125 0.1140625 0.05 0.071875
2 0.7132812500000001 0.7708333333333334 0.071875 0.08125
2 0.110546875 0.7671875 0.07265625 0.11354166666666667
0 0.890234375 0.7479166666666667 0.05546875 0.06041666666666667
0 0.548046875 0.009375 0.03828125 0.01875
0 0.507421875 0.008333333333333333 0.03828125 0.016666666666666666
0 0.49428943452380947 0.19970238095238096 0.026302083333333302 0.037103174603174575
0 0.5365885416666666 0.3053819444444444 0.02652529761904754 0.04002976190476186
0 0.178515625 0.7083333333333334 0.02109375 0.027083333333333334
0 0.17292811355311355 0.025049603174603176 0.02021520146520146 0.029265873015873016
0 0.54453125 0.19010416666666666 0.028125 0.03854166666666667
0 0.7435267857142858 0.2369295634920635 0.026339285714285676 0.02812499999999997
0 0.22135416666666666 0.9751660628019323 0.01245471014492754 0.013586956521739187
