0 0.505078125 0.721875 0.03984375 0.05
0 0.7384715544871795 0.7004139957264958 0.037880608974358944 0.05590277777777786
0 0.9541766826923077 0.6866720085470085 0.043169070512820616 0.04866452991453005
0 0.19765625 0.37395833333333334 0.0546875 0.06666666666666667
0 0.2021834935897436 0.2996794871794872 0.03473557692307692 0.05074786324786326
1 0.37935697115384615 0.4497195512820513 0.07902644230769233 0.06850961538461539
1 0.42100360576923085 0.763394764957265 0.04581330128205137 0.08485576923076922
1 0.7013221153846155 0.296340811965812 0.04607371794871797 0.09214743589743594
3 0.40957532051282053 0.10475427350427352 0.050641025641025725 0.07200854700854704
1 0.7347856570512821 0.5920405982905983 0.04925881410256423 0.08258547008547007
0 0.514453125 0.18381410256410258 0.03920272435897445 0.05010683760683765
0 0.321484375 0.16979166666666667 0.03828125 0.04791666666666667
1 0.08252203525641029 0.8350427350427351 0.06973157051282057 0.06175213675213674
1 0.5338842147435897 0.7302083333333333 0.05234375 0.10208333333333333
0 0.008984375 0.8765625 0.01796875 0.04895833333333333
