2 0.8126001602564102 0.3203392094017094 0.0859375 0.11359508547008552
2 0.8900540865384616 0.6615785256410256 0.09729567307692318 0.117548076923077
2 0.8880508814102566 0.5253739316239316 0.14108573717948705 0.15758547008547003
2 0.6497495993589745 0.43790064102564114 0.10118189102564097 0.1802884615384615
2 0.4673778044871796 0.7614983974358974 0.11131810897435904 0.16241987179487177
2 0.44621394230769235 0.8746928418803418 0.08353365384615392 0.09196047008547019
2 0.32464943910256416 0.6969818376068377 0.09601362179487176 0.12686965811965803
2 0.27336738782051284 0.8689636752136752 0.08267227564102568 0.10876068376068382
2 0.0934695512820513 0.5934829059829061 0.1119391025641026 0.14423076923076922
2 0.037109375 0.25104166666666666 0.07421875 0.13958333333333334
2 0.4718048878205129 0.3077724358974359 0.06039663461538467 0.12804487179487184
1 0.7238581730769231 0.34375000000000006 0.035056089743589605 0.040064102564102554
1 0.43703926282051286 0.581917735042735 0.06782852564102573 0.05699786324786314
1 0.9769731570512821 0.06169871794871797 0.04449118589743577 0.12339743589743594
1 0.6852564102564103 0.031477029914529914 0.078125 0.06354166666666666
2 0.4726862980769232 0.09575320512820513 0.06556490384615374 0.08733974358974361
0 0.516796875 0.16145833333333334 0.04453125 0.06666666666666667
1 0.19375 0.24583333333333332 0.0375 0.0375
2 0.2 0.021354166666666667 0.08125 0.042708333333333334
0 0.46953125 0.8307291666666666 0.028125 0.028125
1 0.457421875 0.38645833333333335 0.05859375 0.06666666666666667
