1 0.6451104525862069 0.2699744879162983 0.03709590517241379 0.05721338048924259
1 0.267120150862069 0.24776400862068967 0.050134698275862054 0.07469468390804603
1 0.0515625 0.7442708333333333 0.0390625 0.078125
1 0.20750942887931031 0.8234375 0.06033135775862068 0.06738505747126441
1 0.613341864224138 0.6392869971264368 0.04742726293103452 0.07020474137931045
1 0.8419450431034482 0.8798311781609196 0.03329741379310356 0.04450431034482752
1 0.97890625 0.7265625 0.0359375 0.08645833333333333
0 0.99296875 0.7536458333333333 0.0125 0.030208333333333334
0 0.47760641163793116 0.1071210488505747 0.01919450431034475 0.023724856321839103
0 0.019140625 0.4 0.02265625 0.029166666666666667
1 0.4048828125 0.06951006668140293 0.063671875 0.07919107353374592
2 0.7901064116379312 0.7754130747126438 0.05623653017241388 0.10416666666666667
2 0.857421875 0.9505208333333334 0.07578125 0.096875
2 0.30859375 0.8567708333333334 0.0734375 0.09270833333333334
1 0.28931169181034483 0.8102280890804597 0.02918911637931032 0.033710488505747094
2 0.3271417025862069 0.11644216954022989 0.06915409482758621 0.07871767241379311
2 0.228515625 0.12552083333333333 0.08203125 0.07604166666666666
2 0.0515625 0.8333333333333334 0.0625 0.08125
2 0.7175981570512822 0.9785122863247864 0.08363381410256424 0.04089209401709404
2 0.6246295797413793 0.4707525143678161 0.08155980603448265 0.09028376436781613
2 0.5316204202586207 0.10958153735632184 0.03508890086206895 0.07986709770114944
2 0.30903635471927504 0.6043764275714707 0.06808030780282932 0.07986065060418497
1 0.23290437113174184 0.36879167587680517 0.05062444739168877 0.07150429192455056
