1 0.7503162202380953 0.2871775793650793 0.05219494047619042 0.0556051587301587
1 0.5756138392857142 0.4742063492063492 0.04966517857142856 0.051587301587301584
1 0.6104910714285714 0.5424107142857142 0.04017857142857144 0.04017857142857147
1 0.528125 0.47552083333333334 0.0421875 0.04895833333333333
1 0.7207961309523809 0.7000744047619047 0.05022321428571423 0.056200396825396834
1 0.4936383928571429 0.6086309523809523 0.03727678571428568 0.051587301587301584
1 0.4615699404761905 0.6345982142857143 0.046354166666666696 0.056200396825396834
1 0.6269903273809524 0.762202380952381 0.048846726190476183 0.05099206349206339
1 0.5116071428571429 0.9487179487179487 0.04151785714285712 0.03411172161172165
1 0.27220695970695974 0.4940476190476191 0.042925824175824176 0.057539682539682425
1 0.218133298992674 0.47505151098901094 0.03545959249084243 0.051881105006104926
1 0.1487723214285714 0.4719990079365079 0.03132440476190475 0.06294642857142853
1 0.1890625 0.3489583333333333 0.0484375 0.05625
1 0.13888221153846156 0.33211805555555557 0.040985576923076875 0.05798611111111119
1 0.1497996794871795 0.19881143162393164 0.03733974358974361 0.06818910256410259
1 0.18090945512820517 0.1403979700854701 0.046875 0.061458333333333316
2 0.15911458333333334 0.588640873015873 0.07016369047619046 0.0786706349206348
2 0.7015625 0.234375 0.0671875 0.06875
2 0.906640625 0.5760416666666667 0.05390625 0.14166666666666666
2 0.9682849702380952 0.7833333333333333 0.05338541666666678 0.06726190476190462
1 0.98203125 0.5541666666666667 0.034375 0.09375
1 0.8931576236263737 0.8567231379731379 0.031393086080585955 0.05044261294261278
1 0.2418154761904762 0.5685763888888888 0.049107142857142884 0.04637896825396825
1 0.09402901785714286 0.9656994047619047 0.03850446428571429 0.0626488095238095
1 0.8329598786630037 0.9007936507936508 0.04389594780219781 0.05257936507936509
3 0.928248054029304 0.2583180708180708 0.03189674908424909 0.043879731379731356
3 0.9015081272893773 0.3140644078144078 0.03254922161172171 0.04151404151404143
3 0.9100975847069599 0.4329536782661783 0.040667925824175735 0.056711691086691
3 0.6192336309523809 0.6367807539682538 0.025669642857142884 0.03000992063492068
3 0.6164806547619047 0.5712301587301586 0.04233630952380949 0.04920634920634927
3 0.5379807692307692 0.8497023809523809 0.025228937728937594 0.03571428571428565
3 0.16451322115384617 0.04994658119658124 0.03395432692307691 0.05074786324786325
3 0.11079727564102566 0.14185363247863247 0.023197115384615462 0.02986111111111116
0 0.6602864583333333 0.13293650793650794 0.02392113095238102 0.032738095238095226
0 0.7632998511904762 0.24047619047619045 0.036644345238095254 0.040873015873015874
0 0.715234375 0.17447916666666666 0.03515625 0.051041666666666666
0 0.9580757783882785 0.35178571428571426 0.03102106227106205 0.04146825396825395
0 0.8521319826007325 0.3422771672771673 0.028622939560439598 0.02873931623931624
0 0.8394660027472527 0.45962301587301585 0.024192994505494524 0.03015873015873017
0 0.905859375 0.540625 0.05078125 0.04791666666666667
0 0.7540879693223443 0.47516979548229543 0.0305145375457875 0.05164453601953601
0 0.7109375 0.3328125 0.0421875 0.057291666666666664
0 0.6507798191391941 0.19392170329670327 0.031029647435897357 0.03874389499389501
0 0.5659970238095238 0.5842757936507936 0.027976190476190422 0.0377976190476191
0 0.6509486607142857 0.6461557539682539 0.023995535714285764 0.03110119047619051
0 0.6150483630952381 0.6035218253968254 0.019159226190476185 0.02311507936507932
0 0.7776041666666667 0.6642113095238095 0.028869047619047628 0.041617063492063504
0 0.7942479395604396 0.76817384004884 0.035760073260073 0.04103327228327226
0 0.9025855654761905 0.732266865079365 0.024441964285714234 0.04042658730158723
0 0.9394345238095237 0.8787698412698413 0.025892857142857117 0.032142857142857174
0 0.7414863782051282 0.775965354090354 0.016283195970695986 0.02148199023199015
0 0.6935096153846154 0.7305555555555555 0.019230769230769162 0.0299603174603174
0 0.5589071085164835 0.7118055555555556 0.02653102106227099 0.03869047619047616
0 0.5398065476190477 0.7446180555555555 0.014136904761904745 0.018700396825396717
0 0.5387047847985349 0.7762400793650793 0.015596382783882668 0.02093253968253966
0 0.6322916666666666 0.8511160714285714 0.02261904761904763 0.03189484126984112
0 0.5900297619047619 0.7905257936507937 0.03571428571428568 0.048908730158730054
0 0.5980855082417583 0.8511713980463981 0.038203983516483395 0.03972069597069598
0 0.4189546130952381 0.8587263431013431 0.03262648809523805 0.05040445665445657
0 0.3561011904761905 0.8311755952380953 0.03184523809523805 0.04697420634920633
0 0.4482142857142858 0.9120535714285715 0.02470238095238093 0.03204365079365085
0 0.48307291666666663 0.9154265873015873 0.019717261904761953 0.0252976190476191
0 0.3508184523809524 0.9726419413919414 0.024553571428571442 0.03685897435897445
0 0.3954226762820513 0.6959058302808303 0.017190361721611723 0.021878815628815572
0 0.31470352564102566 0.7286706349206349 0.026842948717948678 0.03571428571428565
0 0.4389136904761905 0.6902281746031745 0.04776785714285721 0.04712301587301582
0 0.2125 0.2828125 0.028125 0.04895833333333333
0 0.2328125 0.26458333333333334 0.028125 0.03333333333333333
0 0.284375 0.0917735042735043 0.03749999999999996 0.041880341880341926
0 0.5795572916666666 0.3152281746031746 0.038802083333333307 0.05307539682539684
1 0.513578869047619 0.39533730158730157 0.03236607142857144 0.043650793650793676
1 0.46298363095238093 0.41168154761904757 0.04278273809523814 0.04667658730158729
1 0.32068452380952384 0.6296378968253968 0.044642857142857165 0.06711309523809525
0 0.045773237179487225 0.2061832264957265 0.03906249999999998 0.05611645299145301
0 0.0703125 0.13020833333333334 0.0203125 0.025
0 0.21990184294871798 0.3913461538461539 0.03735977564102568 0.04102564102564106
0 0.3237322573260073 0.398261981074481 0.013993818681318704 0.018952228327228284
0 0.6206358745421245 0.1566468253968254 0.013936584249084127 0.016071428571428587
1 0.1370907738095238 0.43167162698412703 0.0359375 0.059375
3 0.1390252976190476 0.564360119047619 0.03125 0.030208333333333334
0 0.3567608173076923 0.06354166666666666 0.05390625 0.05416666666666667
1 0.7267671130952381 0.9827380952380953 0.04125744047619042 0.03492063492063503
1 0.47414434523809523 0.983110119047619 0.027901785714285678 0.03169642857142859
0 0.0852263621794872 0.35910790598290604 0.02025240384615391 0.02537393162393163
0 0.6714986836080585 0.48670253357753357 0.019353823260073268 0.025602869352869404
0 0.21317107371794872 0.17625534188034192 0.01676682692307696 0.027831196581196625
0 0.7149181547619048 0.9361111111111112 0.028497023809523726 0.03650793650793638
0 0.1626860119047619 0.8111359126984127 0.01688988095238093 0.022569444444444406
0 0.478125 0.1140625 0.025 0.030208333333333334
0 0.39609375 0.0828125 0.028125 0.03229166666666667
0 0.8880208333333333 0.9391617063492064 0.016369047619047627 0.020486111111111073
