2 0.6172275641025642 0.48995726495726494 0.09807692307692317 0.09754273504273504
1 0.18048878205128208 0.467948717948718 0.06810897435897437 0.08547008547008546
1 0.821514423076923 0.6181891025641026 0.10016025641025639 0.10016025641025633
1 0.7724358974358975 0.3711271367521368 0.08213141025641021 0.0868055555555556
1 0.6915164262820512 0.1294871794871795 0.06852964743589736 0.083974358974359
1 0.5220052083333334 0.40102831196581196 0.0700520833333333 0.0958600427350427
0 0.3176282051282051 0.022970085470085493 0.04823717948717952 0.045940170940170985
0 0.24965945512820514 0.796875 0.0578125 0.058333333333333334
0 0.257421875 0.74375 0.04921875 0.05625
1 0.3829827724358975 0.6164129273504275 0.06576522435897436 0.10905448717948699
0 0.916015625 0.721875 0.05703125 0.07708333333333334
