2 0.39489683493589745 0.42614850427350426 0.0694811698717949 0.09294871794871794
2 0.10602964743589745 0.40512820512820513 0.08080929487179489 0.09358974358974362
2 0.8781049679487181 0.4870860042735043 0.07712339743589744 0.0792467948717949
1 0.6113098030018762 0.8635586043360434 0.07438242651657286 0.11045054200542002
1 0.1125 0.6635416666666667 0.053125 0.1375
1 0.6606624257348342 0.9664930555555554 0.0379231160100062 0.06493055555555559
1 0.4857271634615385 0.24738247863247864 0.07261618589743604 0.09123931623931628
1 0.5914012419871795 0.10069444444444446 0.06208934294871806 0.07745726495726503
0 0.8831931089743591 0.9778445512820514 0.04923878205128194 0.04222756410256411
1 0.4705406868811881 0.6372060643564357 0.04267481435643559 0.05355816831683171
1 0.95625 0.6708333333333333 0.0703125 0.08958333333333333
0 0.7068609775641026 0.371875 0.04765625 0.06458333333333334
1 0.665234375 0.69375 0.05390625 0.09375
