0 0.7817107371794872 0.3621394230769231 0.03553685897435912 0.05136217948717956
1 0.8285256410256411 0.6055021367521367 0.08213141025641021 0.10416666666666655
1 0.37730368589743596 0.6041666666666666 0.06510416666666678 0.0694444444444444
1 0.2830729166666667 0.7069978632478633 0.06927083333333335 0.0961538461538461
1 0.364453125 0.2713541666666667 0.06640625 0.103125
1 0.34274839743589747 0.10198985042735044 0.07211538461538462 0.08020833333333337
2 0.5306189903846155 0.30838675213675215 0.10703125 0.10822649572649572
1 0.1905749198717949 0.7136885683760684 0.05394631410256414 0.09078525641025632
2 0.6232872596153847 0.6168536324786326 0.10398637820512828 0.08146367521367506
0 0.6421875 0.7963541666666667 0.0328125 0.042708333333333334
0 0.61171875 0.8161458333333333 0.0375 0.040625
1 0.5927083333333334 0.8492521367521367 0.055208333333333304 0.06816239316239307
