0 0.262109375 0.28854166666666664 0.01953125 0.03333333333333333
0 0.3135717147435898 0.23961004273504277 0.0423277243589744 0.05336538461538464
0 0.208984375 0.2791666666666667 0.04609375 0.05416666666666667
0 0.158984375 0.2890625 0.05078125 0.053125
0 0.03625801282051286 0.16762820512820514 0.028044871794871796 0.03974358974358978
0 0.13502604166666665 0.5438492063492063 0.015662202380952395 0.02142857142857141
0 0.09488467261904762 0.5543154761904762 0.024516369047619047 0.038194444444444406
0 0.04892113095238095 0.6681547619047618 0.0115327380952381 0.014880952380952432
0 0.051171875 0.7614583333333333 0.01484375 0.01875
0 0.22496995192307692 0.7305154914529914 0.04525240384615388 0.04644764957264964
0 0.2706730769230769 0.8652110042735043 0.029967948717948768 0.0548344017094017
0 0.3591646634615385 0.7143429487179487 0.02926682692307696 0.03872863247863248
0 0.14646434294871796 0.8979166666666667 0.02798477564102564 0.0375
0 0.506692135989011 0.5439732142857142 0.04018715659340657 0.054910714285714354
0 0.4920072115384615 0.37009882478632483 0.030008012820512863 0.03544337606837615
0 0.5433722527472528 0.3273427960927961 0.041231684981684946 0.05151098901098905
0 0.7027672847985349 0.34260531135531136 0.03494162087912071 0.042353479853479925
0 0.849188701923077 0.3992788461538462 0.034795673076923175 0.05988247863247871
0 0.9452724358974359 0.5128739316239316 0.024919871794871894 0.02841880341880335
0 0.9433092948717949 0.5475160256410257 0.03285256410256423 0.04118589743589744
0 0.8227263621794872 0.5136351495726497 0.02962740384615401 0.03950320512820517
0 0.7706902472527473 0.5885989010989011 0.02855998168498166 0.045024420024419955
0 0.7904647435897437 0.09214743589743592 0.024038461538461498 0.030448717948718004
0 0.7112165178571428 0.23030753968253967 0.01953125 0.029464285714285735
0 0.5652844551282052 0.171474358974359 0.02768429487179489 0.037393162393162406
0 0.38366815476190474 0.3525049603174603 0.037723214285714235 0.05094246031746028
0 0.369140625 0.4140625 0.04609375 0.05520833333333333
0 0.3884486607142857 0.48072916666666665 0.0402901785714286 0.04479166666666667
0 0.43711939102564107 0.4860042735042735 0.025600961538461676 0.033333333333333395
0 0.4015997023809524 0.5119047619047619 0.031622023809523725 0.05357142857142859
0 0.9708333333333334 0.8079193376068375 0.03790064102564088 0.04655448717948734
0 0.7622596153846154 0.7392761752136752 0.040384615384615505 0.05296474358974367
0 0.5180617559523809 0.8212549603174604 0.017447916666666608 0.024156746031746106
0 0.5102864583333334 0.8685897435897435 0.023497596153846258 0.03205128205128212
0 0.3846354166666667 0.9275641025641026 0.022395833333333347 0.03429487179487178
0 0.7972098214285714 0.2612599206349206 0.035044642857142885 0.03501984126984124
0 0.773046875 0.27708333333333335 0.03671875 0.04583333333333333
0 0.7493990384615385 0.18282585470085475 0.01602564102564097 0.022702991452991452
3 0.9397106799450547 0.18385035103785102 0.01938816391941405 0.027140567765567763
3 0.9620535714285715 0.3576388888888889 0.02083333333333339 0.024801587301587345
3 0.7678571428571429 0.465964590964591 0.038690476190476185 0.05418192918192908
3 0.4501001602564102 0.3303952991452992 0.02968750000000009 0.040064102564102554
3 0.2407423305860806 0.1372996794871795 0.03339629120879115 0.044845085470085436
3 0.036458333333333356 0.5683894230769231 0.02964743589743596 0.04217414529914538
3 0.05406650641025643 0.11071047008547014 0.04050480769230772 0.0440705128205128
3 0.39184695512820517 0.7963942307692308 0.06406250000000009 0.07761752136752141
3 0.872596153846154 0.5824385683760683 0.034054487179487045 0.04345619658119659
3 0.21035800137362637 0.6141846001221 0.013807806776556752 0.01964667277167287
1 0.6442593864468865 0.6457379426129426 0.040006868131868156 0.053762210012209856
1 0.9705629006410256 0.9007211538461538 0.032431891025641056 0.053258547008547076
1 0.28816105769230776 0.7992922008547009 0.03505608974358974 0.06113782051282068
1 0.1391326121794872 0.5022130647130647 0.055068108974358945 0.047161172161172084
1 0.22145432692307693 0.5079727564102564 0.052283653846153876 0.06151175213675219
1 0.29534254807692306 0.28032852564102567 0.04673477564102564 0.06006944444444452
1 0.06571514423076925 0.23062232905982907 0.0332331730769231 0.06332799145299148
1 0.5125200320512822 0.4445779914529915 0.05108173076923084 0.052083333333333336
1 0.5806490384615385 0.4820455586080586 0.0470352564102563 0.03987713675213674
1 0.589483173076923 0.5425824175824177 0.04722413003663002 0.04380341880341874
1 0.9366987179487178 0.6762820512820513 0.05809294871794872 0.05341880341880341
1 0.7197315705128206 0.8788652319902319 0.03672733516483504 0.03790445665445657
1 0.14539262820512822 0.7955929487179486 0.044150641025641105 0.05785256410256411
1 0.121484375 0.9723958333333333 0.06328125 0.053125
1 0.245703125 0.4006143162393163 0.03383413461538463 0.05186965811965815
0 0.7539062500000002 0.06383547008547011 0.027043269230769072 0.03632478632478638
0 0.33292410714285714 0.38087797619047614 0.01852678571428572 0.023660714285714295
0 0.2850603823260073 0.5964705433455433 0.04892685439560438 0.05309065934065925
0 0.16830929487179488 0.6720219017094017 0.03036858974358978 0.02887286324786326
0 0.010546875 0.9135416666666667 0.01640625 0.03333333333333333
0 0.3953725961538462 0.9865251068376069 0.042988782051282114 0.02486645299145292
1 0.1430417239010989 0.25016788766788767 0.03310725732600732 0.06184371184371183
1 0.03545673076923079 0.030315170940170957 0.0336538461538462 0.05795940170940175
1 0.6366586538461538 0.9765090811965813 0.039182692307692425 0.047569444444444525
3 0.5991629464285715 0.9150831807081806 0.023400297619047626 0.02896062271062263
3 0.49091832646520145 0.9775202228327228 0.016675251831501824 0.021150030525030655
1 0.9123798076923076 0.9811832264957265 0.03149038461538449 0.035550213675213625
0 0.1894316620879121 0.5554220085470085 0.025898580586080567 0.028044871794871657
0 0.169921875 0.9890625 0.02890625 0.019791666666666666
0 0.5426081730769231 0.7636122557997557 0.01895032051282062 0.02497329059829063
0 0.344140625 0.421875 0.02734375 0.052083333333333336
0 0.541015625 0.0109375 0.02578125 0.021875
