2 0.565604967948718 0.5991720085470085 0.07311698717948723 0.116826923076923
2 0.8695913461538464 0.6964877136752137 0.1021634615384615 0.14922542735042738
2 0.5459034455128206 0.8024839743589745 0.08848157051282061 0.13755341880341884
2 0.42287660256410253 0.7847756410256411 0.08814102564102569 0.103525641025641
2 0.34625400641025644 0.3210470085470086 0.14322916666666669 0.17094017094017097
2 0.4779647435897436 0.2620058760683761 0.06610576923076925 0.12075320512820523
2 0.18800080128205132 0.20507478632478637 0.10717147435897437 0.15448717948717955
2 0.6492588141025641 0.23740651709401708 0.11013621794871806 0.1272168803418804
2 0.6581330128205128 0.5140625 0.0875 0.11145833333333334
2 0.7024338942307693 0.5946314102564102 0.07990785256410256 0.12056623931623942
1 0.5856370192307693 0.436565170940171 0.07912660256410256 0.06810897435897433
