0 0.6352470930232558 0.8118338178294574 0.027943313953488324 0.032582364341085204
0 0.7378997093023256 0.6579457364341086 0.02111191860465116 0.028100775193798572
0 0.8468931686046511 0.5418241279069769 0.022965116279069876 0.02778585271317837
0 0.5061908143939394 0.5059816919191918 0.02578125 0.040625
1 0.24140625 0.228125 0.03125 0.05625
1 0.4397017045454545 0.532528409090909 0.029971590909090916 0.07130681818181811
1 0.48448988970588236 0.06643518518518518 0.023667279411764674 0.0412854030501089
1 0.5248637354651163 0.28125 0.05703125 0.07916666666666666
1 0.5654342296511627 0.29028585271317825 0.05899345930232558 0.09723837209302323
2 0.1703125 0.4515625 0.09375 0.11979166666666667
2 0.36875 0.3963541666666667 0.0546875 0.084375
2 0.74375 0.49895833333333334 0.06875 0.1
2 0.44921875 0.9557291666666666 0.078125 0.08645833333333333
2 0.4748637354651163 0.20276162790697677 0.05964752906976738 0.0930232558139535
2 0.8453760901162791 0.7314437984496124 0.05325218023255811 0.0704457364341085
1 0.71640625 0.9614583333333333 0.0796875 0.075
1 0.7013626453488373 0.2585876937984496 0.0305959302325582 0.0661579457364341
