2 0.223828125 0.12395833333333334 0.13515625 0.16041666666666668
2 0.278515625 0.22604166666666667 0.06953125 0.09791666666666667
2 0.39921875 0.3260416666666667 0.1296875 0.12916666666666668
2 0.5465945512820513 0.286698717948718 0.06506410256410264 0.09006410256410262
2 0.6481670673076924 0.33445512820512824 0.07626201923076933 0.09871794871794878
2 0.7862479967948718 0.2623130341880342 0.08655849358974362 0.10144230769230772
2 0.926171875 0.42083333333333334 0.09921875 0.15
2 0.90859375 0.5697916666666667 0.0796875 0.17083333333333334
2 0.971142578125 0.6778645833333333 0.05478515625 0.09010416666666667
2 0.91953125 0.7171875 0.08125 0.13229166666666667
2 0.562109375 0.4276041666666667 0.09453125 0.15104166666666666
2 0.615625 0.5255208333333333 0.13125 0.13645833333333332
2 0.6875 0.5640625 0.06875 0.10520833333333333
2 0.773828125 0.5583333333333333 0.06953125 0.09375
2 0.355078125 0.46510416666666665 0.08828125 0.115625
2 0.223828125 0.4088541666666667 0.08203125 0.08020833333333334
2 0.24296875 0.45364583333333336 0.071875 0.10520833333333333
2 0.0875300480769231 0.5254807692307693 0.07974759615384622 0.10929487179487189
2 0.05809294871794875 0.17864583333333334 0.1005608974358975 0.12187500000000002
2 0.7045614919354838 0.7821404569892473 0.0658770161290323 0.07886424731182799
2 0.776726310483871 0.7263104838709677 0.0652973790322581 0.08803763440860214
2 0.430448717948718 0.8431891025641026 0.0672275641025641 0.08285256410256411
2 0.24818709935897437 0.8309294871794872 0.07293669871794872 0.09935897435897445
1 0.7181189903846155 0.3053418803418804 0.05254407051282062 0.09284188034188036
1 0.167578125 0.22552083333333334 0.06796875 0.090625
1 0.059619140625 0.8454427083333333 0.04970703125 0.06171875
1 0.495703125 0.9802083333333333 0.05703125 0.0375
1 0.5350654069767442 0.9393047480620155 0.03433866279069768 0.05695251937984492
0 0.846875 0.44427083333333334 0.034375 0.03854166666666667
0 0.7140625 0.8578125 0.053125 0.06145833333333333
0 0.399609375 0.2515625 0.05390625 0.051041666666666666
0 0.334375 0.540625 0.046875 0.05625
2 0.20546875 0.30052083333333335 0.0890625 0.109375
1 0.87421875 0.40625 0.05625 0.052083333333333336
2 0.830078125 0.6989583333333333 0.06953125 0.08333333333333333
2 0.966650390625 0.8768229166666667 0.06513671875 0.08489583333333334
1 0.8497157952724359 0.88125 0.09646684695512811 0.13333333333333333
2 0.731640625 0.9354166666666667 0.07890625 0.08958333333333333
0 0.5953206525790102 0.8106651262174519 0.0173892180977937 0.023534088650367716
0 0.587878978458557 0.6794573643410852 0.03408942680381628 0.04854651162790695
2 0.832470703125 0.5484375 0.06630859375 0.11770833333333333
2 0.48671875 0.8854166666666666 0.0578125 0.08958333333333333
0 0.183203125 0.6645833333333333 0.04140625 0.04375
