2 0.18078926282051283 0.8457932692307693 0.11157852564102569 0.11466346153846156
2 0.8836137820512822 0.49845085470085476 0.10416666666666678 0.11976495726495724
2 0.9682091346153847 0.6231169871794872 0.05516826923076934 0.09030448717948722
1 0.7123397435897436 0.1073717948717949 0.05608974358974352 0.109508547008547
1 0.6822616185897437 0.21681356837606838 0.062039262820512774 0.0482104700854701
1 0.7178042763157894 0.3027229532163743 0.0462993421052631 0.056834795321637384
1 0.711712951248313 0.4288475596041385 0.05519251855600542 0.06335751237067022
1 0.08236019736842105 0.5445569050832209 0.0490953947368421 0.10043859649122802
1 0.2521349949392713 0.6497132253711201 0.061519483805667984 0.13917004048582982
1 0.34921875 0.6421875 0.0640625 0.065625
2 0.4689503205128206 0.592147435897436 0.06209935897435903 0.10950854700854708
1 0.15049342105263155 0.3523848684210526 0.0756578947368421 0.06935307017543858
1 0.9609475160256411 0.9235844017094017 0.07453926282051278 0.0849893162393163
0 0.601161858974359 0.7610844017094017 0.038060897435897446 0.04941239316239319
0 0.6166866987179487 0.9308226495726496 0.04306891025641031 0.05502136752136752
0 0.7975260416666667 0.9253472222222221 0.04997996794871806 0.06543803418803419
0 0.900390625 0.8385416666666666 0.05078125 0.05416666666666667
0 0.8593249198717949 0.5918536324786324 0.05058092948717956 0.07003205128205134
2 0.948828125 0.06354166666666666 0.05703125 0.12708333333333333
1 0.9208733974358975 0.12845886752136754 0.06450320512820511 0.06733440170940173
0 0.4108573717948718 0.32179487179487176 0.03806089743589758 0.04658119658119665
0 0.5370592948717949 0.3217147435897436 0.020032051282051367 0.028044871794871896
1 0.587459935897436 0.4091880341880342 0.03141025641025648 0.045405982905982904
0 0.1950320512820513 0.9415731837606837 0.05705128205128207 0.07839209401709404
0 0.05686097756410259 0.8172142094017095 0.04721554487179482 0.04682158119658115
0 0.8720352564102566 0.8890491452991452 0.03092948717948705 0.0302350427350427
3 0.8769931891025642 0.8096420940170941 0.028826121794871717 0.0404380341880343
1 0.6764322916666667 0.7593082264957265 0.05779246794871806 0.07967414529914538
1 0.3357371794871795 0.5181272492127755 0.054086538461538505 0.14576304543409802
0 0.62734375 0.5578125 0.059375 0.08020833333333334
