1 0.85 0.12760416666666666 0.034375 0.08645833333333333
0 0.885967548076923 0.1734909188034188 0.03936298076923084 0.054727564102564144
0 0.7521133814102565 0.2676282051282052 0.050661057692307845 0.06677350427350429
0 0.5971554487179488 0.18482905982905987 0.034054487179487045 0.05074786324786326
0 0.5212540064102564 0.2965277777777778 0.041626602564102645 0.05438034188034197
0 0.8312396998317876 0.5453614672364673 0.043984275550100094 0.050658831908831976
0 0.4401985654923985 0.6694392443839347 0.04113218317449503 0.05842977081915137
0 0.5231410079135467 0.6532186010891763 0.03288004169503056 0.04201412525527566
0 0.3482271634615385 0.7939503205128204 0.04713541666666674 0.0638087606837607
0 0.40768193711708645 0.8350461623553438 0.03841101514635805 0.05354336850465155
0 0.5918002136752136 0.906383547008547 0.04075854700854711 0.055110398860398986
0 0.7519030448717949 0.8676549145299146 0.030381944444444375 0.04353632478632482
0 0.7662593482905983 0.926860754985755 0.03505608974358969 0.04620726495726497
0 0.608316314953483 0.7714578133272824 0.035372347969139996 0.04889853263747064
0 0.2609074519230769 0.4793002136752137 0.05150240384615388 0.06276709401709404
0 0.28977363782051285 0.42513354700854705 0.049859775641025686 0.06693376068376077
0 0.4394731570512821 0.3939236111111111 0.06324118589743585 0.07326388888888893
3 0.5143930288461538 0.4739583333333333 0.04533253205128211 0.057425213675213686
3 0.10051081730769233 0.910269764957265 0.07241586538461534 0.0940438034188034
3 0.64375 0.016666666666666666 0.0625 0.03333333333333333
1 0.164453125 0.875 0.04921875 0.07083333333333333
