0 0.3609375 0.240625 0.0234375 0.027083333333333334
0 0.40703125 0.18177083333333333 0.0234375 0.030208333333333334
0 0.4338842147435898 0.171474358974359 0.03808092948717956 0.04807692307692305
0 0.06015625 0.265625 0.028125 0.041666666666666664
0 0.18674879807692307 0.4385149572649573 0.040564903846153834 0.05619658119658126
0 0.2195512820512821 0.7884615384615384 0.024038461538461543 0.03205128205128212
0 0.3858173076923077 0.9573985042735043 0.024038461538461498 0.028044871794871775
0 0.4669471153846154 0.9744524572649573 0.020032051282051277 0.02598824786324793
0 0.6037359775641026 0.727150106837607 0.02734375 0.036458333333333336
0 0.661328125 0.7729166666666667 0.02890625 0.03958333333333333
0 0.6725961538461538 0.39182692307692313 0.026682692307692248 0.032051282051282055
0 0.92421875 0.24270833333333333 0.028125 0.04375
0 0.987109375 0.33177083333333335 0.02421875 0.04479166666666667
0 0.521875 0.18444177350427352 0.0203125 0.028125
0 0.546073717948718 0.025908119658119698 0.018028846153846166 0.02136752136752136
0 0.974609375 0.8875 0.02265625 0.035416666666666666
0 0.9642427884615385 0.6115117521367522 0.017027243589743436 0.02537393162393163
1 0.7343750000000001 0.6909722222222222 0.060096153846153834 0.08814102564102555
1 0.3121995192307693 0.5280448717948718 0.037059294871794844 0.07211538461538461
1 0.694501201923077 0.7731036324786326 0.04368990384615392 0.044070512820512775
2 0.08359375 0.48125 0.0609375 0.07083333333333333
3 0.21008613782051283 0.17789797008547006 0.03359375 0.03854166666666667
3 0.37734375 0.2791666666666667 0.0296875 0.04375
3 0.705859375 0.2859375 0.02109375 0.03229166666666667
3 0.26552483974358976 0.9166800213675214 0.015825320512820484 0.018723290598290514
3 0.17890625 0.7083333333333334 0.0203125 0.025
1 0.3459935897435898 0.31101762820512824 0.049599358974359076 0.04409722222222226
0 0.717578125 0.28125 0.02734375 0.035416666666666666
0 0.822265625 0.08072916666666667 0.02890625 0.04479166666666667
0 0.862109375 0.9635416666666666 0.02578125 0.035416666666666666
0 0.719921875 0.9765625 0.02578125 0.030208333333333334
0 0.616015625 0.5078125 0.02578125 0.03854166666666667
