0 0.31936097756410253 0.28321314102564105 0.052784455128205156 0.07566773504273504
0 0.45395633012820513 0.23027510683760685 0.04296875 0.053125
0 0.7890725160256411 0.12357104700854701 0.026822916666666786 0.034375000000000044
0 0.359765625 0.8020833333333334 0.04453125 0.05
0 0.559375 0.5364583333333334 0.040625 0.05416666666666667
3 0.8487179487179487 0.30630341880341877 0.07379807692307701 0.09091880341880353
3 0.5461338141025641 0.13125 0.07800480769230766 0.10982905982905988
3 0.49359975961538466 0.2885550213675214 0.06087740384615392 0.08100961538461539
3 0.3066907051282051 0.36947115384615387 0.06209935897435899 0.08210470085470091
3 0.09110576923076925 0.7142227564102565 0.05857371794871798 0.07369123931623942
3 0.529296875 0.5645833333333333 0.03828125 0.04375
