1 0.6158653846153846 0.3935630341880342 0.05072115384615392 0.05795940170940176
1 0.7220552884615385 0.18595085470085468 0.07471955128205136 0.08322649572649578
0 0.737520032051282 0.0901976495726496 0.03778044871794872 0.05571581196581201
0 0.282421875 0.8687767094017095 0.04453125000000004 0.058386752136752186
0 0.24252804487179488 0.8686965811965812 0.03994391025641022 0.06655982905982907
0 0.2030148237179487 0.6428285256410257 0.03303285256410256 0.03725961538461533
0 0.18649839743589747 0.6869658119658121 0.0380608974358974 0.05341880341880341
0 0.05662059294871795 0.38915598290598297 0.051422275641025694 0.05341880341880341
1 0.07582131410256415 0.48998397435897445 0.03505608974358974 0.07345085470085469
1 0.1615584935897436 0.12172809829059832 0.041866987179487225 0.07946047008547004
1 0.5583133012820513 0.45329861111111114 0.041626602564102645 0.0586805555555556
1 0.7779146634615385 0.6275373931623932 0.047135416666666784 0.11885683760683759
1 0.4303886217948719 0.2789797008547009 0.04106570512820511 0.04941239316239316
0 0.3090645032051282 0.31607905982905987 0.03331330128205132 0.04198717948717956
1 0.5190304487179487 0.389823717948718 0.07011217948717947 0.10016025641025644
1 0.6833333333333333 0.27837873931623935 0.0760416666666667 0.08800747863247871
