3 0.4198717948717949 0.3905048076923077 0.05408653846153846 0.0720886752136753
3 0.29402043269230765 0.5076121794871795 0.035356570512820575 0.04620726495726502
3 0.07717347756410257 0.11195245726495727 0.056390224358974415 0.0789797008547009
3 0.2676282051282052 0.22303685897435901 0.0520833333333333 0.07315705128205131
3 0.235546875 0.0546875 0.08515625 0.090625
3 0.189453125 0.0328125 0.09453125 0.065625
3 0.215625 0.6458333333333334 0.0375 0.04791666666666667
3 0.9670572916666668 0.7913728632478633 0.019411057692307842 0.026228632478632483
3 0.625 0.019791666666666666 0.053125 0.03958333333333333
3 0.5380008012820513 0.22598824786324787 0.08225160256410265 0.10635683760683756
0 0.9002904647435898 0.19786324786324788 0.04076522435897445 0.0433760683760684
0 0.5727964743589744 0.8304353632478633 0.04070512820512828 0.052270299145299265
0 0.8750500801282051 0.31354166666666666 0.03896233974358978 0.05240384615384617
0 0.9028645833333334 0.324465811965812 0.023597756410256566 0.03856837606837615
0 0.5080128205128206 0.5741185897435898 0.048076923076922996 0.06276709401709392
0 0.5706229967948718 0.6031517094017095 0.04905849358974361 0.05811965811965827
0 0.6157251602564102 0.7323050213675214 0.01895032051282053 0.026842948717948664
0 0.30859375 0.1390625 0.040625 0.053125
0 0.1703125 0.7864583333333334 0.0375 0.04375
0 0.29590344551282055 0.8946314102564102 0.04961939102564106 0.06009615384615389
