0 0.27363782051282054 0.1327056623931624 0.03405448717948718 0.04548611111111116
0 0.23120993589743594 0.4801148504273504 0.04078525641025643 0.05846688034188041
0 0.6958133012820513 0.2266025641025641 0.04507211538461542 0.060683760683760704
0 0.5750300480769232 0.5799011752136753 0.03623798076923075 0.05387286324786326
0 0.36640625 0.9348958333333334 0.0375 0.05520833333333333
3 0.1648737980769231 0.7450320512820513 0.08131009615384617 0.09743589743589745
3 0.29571314102564106 0.7666666666666667 0.07203525641025643 0.08899572649572653
0 0.7060797275641025 0.8988514957264957 0.0605969551282052 0.08103632478632482
0 0.9312700320512821 0.28432158119658124 0.040905448717948725 0.04674145299145298
0 0.44263822115384616 0.6219551282051282 0.030588942307692334 0.044551282051282115
0 0.07679286858974362 0.3639022435897436 0.043129006410256444 0.06653311965811971
0 0.09992988782051285 0.024305555555555577 0.0392027243589743 0.048611111111111154
0 0.5533453525641026 0.8192841880341881 0.05556891025641031 0.0719017094017095
0 0.6782852564102564 0.6842948717948718 0.04807692307692309 0.05074786324786326
0 0.9792467948717949 0.6159321581196582 0.02900641025641022 0.0368856837606837
0 0.5297876602564103 0.13314636752136752 0.036578525641025726 0.041933760683760736
