0 0.06259014423076925 0.45381944444444444 0.045492788461538515 0.05763888888888893
0 0.09903846153846156 0.10625000000000002 0.03469551282051282 0.0476495726495727
0 0.03701923076923079 0.15224358974358979 0.026522435897435935 0.035790598290598295
0 0.3512620192307693 0.19734241452991455 0.03505608974358974 0.04441773504273509
0 0.6153145032051281 0.6106570512820514 0.037800480769230836 0.05379273504273516
3 0.5690204326923076 0.03847489316239317 0.06484375 0.07812500000000003
3 0.9442107371794872 0.1408520299145299 0.06911057692307701 0.08795405982905985
3 0.5590945512820513 0.2622462606837607 0.09014423076923075 0.10675747863247859
3 0.546875 0.33177083333333335 0.0890625 0.08854166666666667
3 0.6519731570512821 0.5396233974358975 0.05462740384615392 0.07299679487179489
3 0.2690204326923077 0.8138354700854701 0.10546875 0.125
3 0.0683092948717949 0.8334535256410257 0.07211538461538465 0.09431089743589756
0 0.32282652243589743 0.6039129273504275 0.025821314102564098 0.035229700854700854
0 0.8912059294871796 0.38555021367521375 0.03321314102564106 0.041933760683760764
1 0.90703125 0.3572916666666667 0.0453125 0.05625
