0 0.7974759615384616 0.761338141025641 0.040064102564102734 0.05424679487179489
0 0.5505809294871795 0.6748530982905983 0.03305288461538467 0.03987713675213674
0 0.9566306089743591 0.624198717948718 0.03826121794871806 0.04540598290598297
0 0.40209164450354606 0.2742956105655574 0.03790447695035466 0.04803998454264402
0 0.15030751329787234 0.5790152186761229 0.03726174645390072 0.04734781323877068
0 0.21399238782051286 0.6510817307692309 0.037159455128205156 0.042387820512820557
0 0.2340785682624113 0.42815824468085106 0.015996232269503575 0.02104757683215131
0 0.2022184431260229 0.555177077650482 0.022092369067103147 0.028534733587925014
0 0.3588241185897436 0.8710069444444445 0.03395432692307687 0.037900641025640995
1 0.18841145833333334 0.21227297008547008 0.046254006410256475 0.05462072649572655
1 0.13583222517730498 0.5248482678668849 0.04958998226950349 0.04526391162029473
3 0.3671875 0.35773492907801413 0.02127659574468086 0.025960401891252913
0 0.04626402243589745 0.1907184829059829 0.04208733974358979 0.05232371794871797
0 0.5690104166666667 0.5049369771776687 0.037621897163120546 0.05070524186215675
0 0.7612079326923077 0.4330929487179488 0.03046875 0.051014957264957354
0 0.367578125 0.8010416666666667 0.03671875 0.04375
0 0.3984375 0.80625 0.0296875 0.03958333333333333
0 0.4036258012820513 0.1717815170940171 0.032491987179487314 0.04746260683760684
