2 0.9140190972222222 0.2985821759259259 0.1311631944444443 0.12216435185185179
2 0.778515625 0.26979166666666665 0.07421875 0.10416666666666667
2 0.5809795673076923 0.2654780982905983 0.09116586538461532 0.15862713675213672
2 0.08197057038834951 0.5165149676375405 0.10456614077669904 0.11697006472491912
2 0.04214199029126213 0.8027710355987056 0.07803398058252427 0.10137540453074437
2 0.2276041666666667 0.36583867521367525 0.10208333333333335 0.13498931623931618
2 0.3046875 0.3932291666666667 0.0546875 0.096875
1 0.2674946905339806 0.46767293689320394 0.04905188106796117 0.10409587378640778
1 0.1951494235436893 0.5820287216828479 0.04811134708737863 0.10596682847896446
1 0.13954793689320388 0.686620145631068 0.07284587378640776 0.052528317152103675
0 0.9727864583333332 0.7298900462962963 0.037499999999999825 0.049479166666666664
0 0.7125857622195513 0.5776945195646367 0.033568709935897445 0.04724767962072652
0 0.59354248046875 0.6144449869791667 0.0262939453125 0.03396809895833333
0 0.6108526767828526 0.43378175914797007 0.02463253705929489 0.02908361712072652
0 0.47246942934782615 0.3182291666666667 0.02618885869565224 0.040625
0 0.45168138586956524 0.3346014492753623 0.03413722826086953 0.03288043478260872
0 0.505859375 0.27708333333333335 0.03203125 0.04583333333333333
0 0.523046875 0.2916666666666667 0.03828125 0.06041666666666667
0 0.7112510451505016 0.3828351449275362 0.02416910535117056 0.03369565217391297
0 0.3549946905339806 0.574853357605178 0.027267900485436904 0.03941140776699032
0 0.4694216997195513 0.8586361094417735 0.030394881810897445 0.03712231236645292
0 0.6684782608695652 0.7730298913043477 0.04008152173913047 0.04814311594202891
0 0.011117788461538486 0.9663327991452991 0.022235576923076972 0.05558226495726496
0 0.018629807692307716 0.8870592948717949 0.03725961538461543 0.045860042735042704
1 0.17669523665048542 0.8711620145631068 0.04557797330097087 0.08190736245954694
1 0.17734375 0.3729166666666667 0.046875 0.06666666666666667
0 0.446875 0.3724864130434783 0.046875 0.051041666666666666
1 0.473291015625 0.5503824869791667 0.04951171875 0.061181640625
0 0.523046875 0.6907307942708333 0.04521484375 0.05066731770833333
0 0.012515169902912621 0.6978661003236246 0.025030339805825242 0.05430825242718455
