2 0.25418227303220037 0.23849321705426357 0.047413070214668986 0.09229651162790699
2 0.5042276945438283 0.8317214519976147 0.07567922629695892 0.10254546809779358
2 0.7649890988372092 0.5114825581395349 0.07939680232558137 0.11453488372093025
2 0.823828125 0.46927083333333336 0.06015625 0.096875
2 0.7111819507937444 0.17074434027518134 0.04416321929039961 0.11097383720930232
2 0.7928052325581396 0.08664001937984496 0.040297965116279144 0.07139050387596899
2 0.20786141547406078 0.7233483651361559 0.05829606440071555 0.05524125422381232
2 0.28866185897435903 0.8490390826873386 0.0641025641025641 0.09348290598290608
1 0.6083433493589745 0.49736912393162397 0.0497395833333333 0.03998397435897439
1 0.7252634447674419 0.6940515677797655 0.05274345930232558 0.04963911250248453
1 0.07335737179487181 0.8036057692307692 0.027964743589743622 0.06586538461538467
1 0.27988735465116277 0.591327519379845 0.07867005813953484 0.05159883720930244
1 0.09748597756410257 0.12861912393162395 0.05034054487179483 0.0509882478632479
1 0.22926962209302326 0.9103803294573644 0.05635901162790695 0.040915697674418536
1 0.5565963681425165 0.512039418107732 0.03124767069171135 0.04544635758298548
1 0.7603015988372094 0.06914970930232558 0.027325581395348842 0.041400193798449614
0 0.6277548729129399 0.3298449612403101 0.023378335569469312 0.030717054263565895
0 0.4315043604651163 0.9766472868217054 0.0296875 0.04375
2 0.17550988558437688 0.16742602116875374 0.05214156604054856 0.09623770125223617
1 0.8660857371794872 0.3063832364341085 0.04817009540846744 0.050993217054263636
1 0.8632586557096005 0.38119409660107334 0.02475449090638051 0.040664132379248666
0 0.08528343023255815 0.9617974806201551 0.025 0.035416666666666666
