0 0.27930689102564105 0.4730769230769231 0.026722756410256433 0.035149572649572684
0 0.7657251602564104 0.548344017094017 0.031450320512820616 0.034188034188034185
0 0.98125 0.6244925213675214 0.02700320512820511 0.03413461538461545
2 0.9352163461538462 0.3670806623931624 0.061057692307692334 0.10291132478632482
2 0.8859375 0.5484375 0.0890625 0.10729166666666666
2 0.80859375 0.6520833333333333 0.103125 0.1125
2 0.843359375 0.7953125 0.04765625 0.06770833333333333
2 0.580078125 0.6760416666666667 0.08203125 0.07708333333333334
2 0.274609375 0.58125 0.09140625 0.08333333333333333
2 0.282421875 0.6625 0.10703125 0.10833333333333334
2 0.1287760416666667 0.4386084401709402 0.09088541666666662 0.13346688034188042
2 0.208203125 0.3359375 0.07109375 0.109375
2 0.23976362179487182 0.9090811965811966 0.08177083333333335 0.11399572649572652
2 0.08285256410256411 0.8547008547008548 0.07508012820512824 0.10523504273504282
2 0.695703125 0.8041666666666667 0.05234375 0.09583333333333334
2 0.643359375 0.8588541666666667 0.05859375 0.090625
0 0.612890625 0.8291666666666667 0.02109375 0.03125
1 0.5768930288461538 0.7499465811965813 0.06965144230769224 0.09572649572649575
1 0.6671875 0.5348958333333333 0.0484375 0.08854166666666667
1 0.7428886217948719 0.47662927350427353 0.05308493589743586 0.07879273504273504
1 0.9529046474358974 0.21212606837606837 0.02768429487179489 0.0575854700854701
1 0.893359375 0.7875 0.05078125 0.058333333333333334
1 0.23121995192307693 0.1888087606837607 0.045372596153846124 0.04011752136752141
1 0.2440304487179487 0.724866452991453 0.04118589743589744 0.04973290598290608
1 0.3626502403846154 0.7684561965811966 0.060356570512820576 0.08274572649572652
1 0.4747696314102564 0.5469150641025641 0.06047676282051286 0.05841346153846156
2 0.30670072115384617 0.11404914529914532 0.06808894230769233 0.09081196581196578
2 0.78125 0.36614583333333334 0.0703125 0.08020833333333334
2 0.7453625801282051 0.861605235042735 0.05815304487179489 0.1127938034188034
2 0.7143729967948718 0.9838541666666667 0.06804887820512828 0.03287927350427348
3 0.515234375 0.9859375 0.04453125 0.026041666666666668
1 0.8282952724358974 0.27458600427350427 0.04252804487179489 0.09292200854700858
1 0.8852463942307693 0.3564102564102564 0.037319711538461496 0.054807692307692335
1 0.5944210737179487 0.5303552350427351 0.03752003205128211 0.04345619658119659
2 0.66875 0.027083333333333334 0.065625 0.05416666666666667
2 0.021133814102564125 0.10340544871794874 0.04226762820512825 0.08806089743589747
2 0.252734375 0.146875 0.05859375 0.075
1 0.22421875 0.09427083333333333 0.03125 0.04895833333333333
0 0.146875 0.6833333333333333 0.0265625 0.03333333333333333
2 0.91171875 0.05260416666666667 0.0671875 0.10520833333333333
2 0.850390625 0.1796875 0.06796875 0.07395833333333333
2 0.66953125 0.634375 0.0828125 0.09791666666666667
