0 0.538915205505279 0.4604960093011564 0.025110765460030215 0.0324393539467069
0 0.5906350160256411 0.6352564102564103 0.03507612179487189 0.047329059829059855
0 0.5496794871794872 0.033667200854700874 0.02884615384615392 0.035229700854700896
0 0.9086538461538464 0.343082264957265 0.03205128205128194 0.04139957264957263
1 0.7670973557692308 0.07192841880341883 0.050741185897435946 0.04684829059829066
1 0.6170472756410257 0.31100427350427345 0.039783653846153746 0.07350427350427353
1 0.21430921052631574 0.10622258771929824 0.054934210526315794 0.07264254385964912
1 0.4684495192307693 0.8345352564102565 0.07712339743589744 0.06276709401709392
1 0.9573317307692306 0.258840811965812 0.06290064102564105 0.08434829059829063
2 0.8692207532051283 0.4338141025641026 0.08086939102564088 0.0736111111111112
2 0.40078125 0.14166666666666666 0.08125 0.075
0 0.5796381353021978 0.9581888163919413 0.027479681776556665 0.02918288308913297
0 0.5321600274725276 0.9703415941697192 0.016409111721611767 0.023478518009768006
0 0.014508928571428603 0.34367559523809527 0.029017857142857206 0.047767857142857174
0 0.3933693910256411 0.7654380341880341 0.03497596153846159 0.04337606837606837
0 0.917578125 0.04479166666666667 0.06015625 0.07083333333333333
0 0.46363181089743594 0.44014423076923076 0.044691506410256474 0.06362179487179495
0 0.526161858974359 0.1633814102564103 0.03581730769230775 0.06426282051282053
1 0.3749298878205128 0.4201522435897436 0.027784455128205154 0.06087072649572652
1 0.11019736842105263 0.09224232456140351 0.084375 0.06354166666666666
0 0.12060032894736841 0.19706688596491226 0.02689144736842104 0.03569078947368419
0 0.8671975160256411 0.6915064102564102 0.028826121794871894 0.036324786324786376
0 0.198046875 0.17447916666666666 0.02578125 0.034375
0 0.108203125 0.47552083333333334 0.02734375 0.03854166666666667
