1 0.6988886443661972 0.36689407276995306 0.0709727112676056 0.07753814553990614
1 0.925 0.24114583333333334 0.05 0.10729166666666666
1 0.8468722683566433 0.46531177156177156 0.05390625 0.058333333333333334
1 0.6230303697183099 0.6157863849765258 0.0499339788732394 0.05217136150234746
1 0.8258112980769232 0.8255208333333334 0.06640625 0.084375
1 0.59453125 0.3810005868544601 0.0453125 0.07426643192488266
1 0.26640625 0.76875 0.0453125 0.07291666666666667
2 0.24674845950704222 0.3481587441314555 0.05645906690140845 0.08713321596244127
0 0.8454873251748252 0.21211028554778555 0.04652534965034967 0.05286276223776225
0 0.5905598958333333 0.13040865384615383 0.040234375 0.056312321937321844
0 0.70703125 0.3072916666666667 0.0546875 0.06458333333333334
0 0.31435296474358976 0.15945512820512825 0.03475560897435899 0.05341880341880342
0 0.3459837147887324 0.35183392018779347 0.023041373239436603 0.029900234741784062
0 0.313251201923077 0.24141292735042738 0.022936698717948723 0.028392094017094038
0 0.19454126602564104 0.19294871794871798 0.04200721153846154 0.058547008547008575
0 0.2431884765625 0.866796875 0.037548828125 0.05091145833333333
0 0.625869278169014 0.7259463028169014 0.0484375 0.065625
0 0.7956481073943662 0.6371038732394365 0.046908010563380384 0.065287558685446
0 0.7669014084507042 0.3905076291079812 0.0240757042253521 0.03911384976525826
0 0.470428036971831 0.35043280516431924 0.0547425176056338 0.06791373239436625
0 0.928125 0.9791666666666666 0.0640625 0.03958333333333333
3 0.4757207306338028 0.615669014084507 0.028752200704225395 0.037734741784037594
3 0.7420986254062839 0.5077081076200795 0.025265777356446327 0.03065185987721192
3 0.057113486842105265 0.8707510964912281 0.013240131578947356 0.018366228070175458
1 0.280859375 0.4896273474178404 0.044355193661971805 0.0814847417840376
1 0.3167363556338028 0.4876173708920188 0.03422095070422526 0.06496478873239434
3 0.8011909965034965 0.19660547785547786 0.01912150349650359 0.02622377622377622
1 0.588209727112676 0.6623312793427231 0.055754841549295886 0.05297828638497653
0 0.4943772007042254 0.7584507042253521 0.0387544014084507 0.052934272300469584
1 0.332421875 0.8567708333333334 0.04921875 0.065625
0 0.9921875 0.9 0.0140625 0.04791666666666667
0 0.007421875 0.3463541666666667 0.01484375 0.04895833333333333
0 0.487890625 0.011979166666666667 0.03828125 0.023958333333333335
0 0.018359375 0.0078125 0.02421875 0.015625
