2 0.19250801282051283 0.5332977207977209 0.07678952991452992 0.08547008547008546
2 0.6117888621794872 0.06315438034188034 0.06889022435897436 0.10339209401709402
2 0.7822382478632478 0.31607460826210826 0.07922008547008534 0.09256588319088319
2 0.513671875 0.20104166666666667 0.06484375 0.1
2 0.49106570512820513 0.6328125 0.0578125 0.08229166666666667
2 0.6603279532967032 0.4100904304029304 0.07597870879120885 0.06809752747252744
1 0.4140095581501832 0.5620230463980465 0.039769345238095166 0.08817918192918181
1 0.2999914148351648 0.7328678266178267 0.0385817307692307 0.05784493284493285
1 0.19982638888888887 0.7085113960113961 0.059481837606837604 0.08333333333333333
1 0.350390625 0.0484375 0.03984375 0.06354166666666666
1 0.395703125 0.30572916666666666 0.02734375 0.057291666666666664
1 0.8153245192307693 0.46895032051282054 0.0537259615384615 0.0725160256410256
1 0.6041759672619047 0.16676587301587303 0.04741443452380958 0.033531746031746044
1 0.3551553914835165 0.4375228937728938 0.057889766483516424 0.06817765567765566
0 0.6357657967032967 0.5875858516483515 0.02465659340659343 0.03361950549450547
0 0.5991586538461539 0.5579155219780219 0.023179945054944983 0.02885760073260085
0 0.3190204326923077 0.4267456501831502 0.015788118131868156 0.02359203296703297
0 0.09375 0.5307291666666667 0.025 0.03854166666666667
0 0.3500801282051282 0.19708422364672365 0.03007478632478633 0.040304487179487224
1 0.3151571085164835 0.48604052197802194 0.044308035714285675 0.06844093406593406
1 0.580859375 0.0296875 0.03984375 0.059375
