0 0.38245554956896555 0.4155890804597701 0.02159213362068968 0.02693965517241382
0 0.39444369612068964 0.4614044540229885 0.02724946120689653 0.03229166666666667
0 0.3688240840517241 0.49701867816091955 0.03269127155172415 0.04188218390804597
0 0.3867254849137931 0.5884518678160919 0.03595096982758621 0.04040948275862064
0 0.3082772090517241 0.5786637931034483 0.03344558189655174 0.040589080459770104
0 0.35816945043103454 0.42931034482758623 0.024366918103448265 0.030028735632183928
0 0.4806910021551724 0.4270294540229885 0.0325565732758621 0.04895833333333333
0 0.44982489224137934 0.32938218390804597 0.03771551724137927 0.052083333333333336
0 0.601360452586207 0.3729346264367816 0.04445043103448274 0.04400143678160919
0 0.7264749461206896 0.4749102011494253 0.02455549568965516 0.035811781609195376
0 0.7499932650862069 0.5380567528735632 0.03139816810344831 0.03703304597701151
0 0.46822070485190104 0.5423666371942235 0.03459846098585313 0.049965001473622137
0 0.2197400323275862 0.7387751436781609 0.03048221982758621 0.04148706896551732
0 0.17898033405172414 0.5224497126436781 0.029835668103448267 0.03591954022988499
0 0.09722193440539346 0.6351127320954907 0.03294063605216625 0.044070512820512775
0 0.17915544181034482 0.340607040229885 0.036220366379310365 0.044001436781609136
0 0.15717268318965516 0.3008620689655172 0.039776400862068975 0.060632183908045964
0 0.5124595905172414 0.030872844827586187 0.02828663793103443 0.04744971264367813
0 0.671747036637931 0.029148706896551704 0.02625269396551726 0.034734195402298815
0 0.8640220905172414 0.31455063734158556 0.021551724137931317 0.03145907014441492
0 0.9245218211206897 0.46126077586206893 0.020433728448276157 0.027191091954022955
0 0.7991042564655174 0.3657327586206896 0.020730064655172242 0.02607758620689656
0 0.9337486530172413 0.5425826149425288 0.016796875 0.022593390804597747
0 0.8657125538793105 0.7550287356321839 0.027599676724137722 0.035919540229885055
0 0.8851963141025643 0.9137419871794871 0.02888621794871806 0.035229700854700854
0 0.6861478365384615 0.9170806623931625 0.032351762820512865 0.03923611111111107
0 0.46454793186339527 0.8314180850279987 0.019045300066313064 0.02681900235779556
0 0.5628175770888595 0.7134468022399058 0.02051247513262595 0.02748857942823465
0 0.8043709590517242 0.681819647067492 0.029054418103448398 0.03506760241674023
0 0.74453125 0.6244791666666667 0.028125 0.036458333333333336
0 0.7690554887820513 0.759201849395815 0.025601306918656076 0.03475722074859995
0 0.9091392780172415 0.16853448275862068 0.029647090517241636 0.04331896551724134
0 0.815625 0.16302083333333334 0.025 0.030208333333333334
0 0.789001885775862 0.12751436781609193 0.0344962284482758 0.04705459770114947
0 0.08044509145667553 0.5429597701149426 0.026205722259062713 0.02902298850574721
0 0.11936287715517242 0.7612787356321838 0.013025323275862056 0.018031609195402254
0 0.22353178879310348 0.7887033045977012 0.021551724137931005 0.026041666666666668
0 0.017517510775862062 0.5447018678160921 0.03622036637931033 0.04349856321839063
0 0.3104458512931035 0.39563577586206894 0.02956627155172411 0.03732040229885059
0 0.36015625 0.3458333333333333 0.0265625 0.03125
0 0.34296875 0.328125 0.040625 0.04583333333333333
0 0.22623922413793104 0.2455459770114943 0.0328125 0.04375000000000003
0 0.2585870150862069 0.26012931034482756 0.03764816810344831 0.0558908045977011
0 0.4240099676724138 0.04969468390804597 0.03546605603448274 0.052909482758620646
1 0.6140288254310345 0.14956896551724136 0.05631734913793105 0.06961206896551728
1 0.72734375 0.23333333333333334 0.0421875 0.052083333333333336
1 0.7384159482758621 0.43130387931034486 0.04377693965517242 0.0457974137931035
1 0.7977438038793103 0.4674748563218391 0.040961745689655424 0.048886494252873544
1 0.9811893857758619 0.6963541666666667 0.03767510775862064 0.06526580459770119
1 0.8313620758731212 0.780792716622458 0.034339425839964834 0.05443468169761279
1 0.30167699353448274 0.45220905172413794 0.04710398706896553 0.07683189655172414
1 0.07201643318965516 0.45786637931034485 0.0484509698275862 0.0645114942528736
1 0.12650188577586208 0.41966594827586207 0.03511584051724137 0.06727729885057468
1 0.30248518318965517 0.026400862068965494 0.05222252155172415 0.054597701149425255
1 0.35965113146551725 0.0934985632183908 0.036220366379310365 0.055100574712643624
1 0.8660358297413794 0.06535560344827585 0.07409752155172385 0.06109913793103446
1 0.881640625 0.0234375 0.05390625 0.046875
1 0.3450969827586207 0.8310883620689656 0.059940732758620684 0.04615660919540225
1 0.3460196659482759 0.8870330459770115 0.04866648706896552 0.05747126436781613
1 0.14014405807913352 0.6838689028882995 0.03881209935897432 0.057908745947539114
1 0.9306438577586207 0.39739583333333334 0.04453125 0.051041666666666666
1 0.287890625 0.3375 0.03984375 0.06041666666666667
0 0.028912984913793092 0.07871767241379309 0.04036907327586206 0.05772270114942525
0 0.010546875 0.29010416666666666 0.02109375 0.059375
0 0.70390625 0.22916666666666666 0.0203125 0.03333333333333333
0 0.714453125 0.2557291666666667 0.02421875 0.028125
0 0.6844894935344827 0.11151221264367814 0.01539601293103443 0.01864224137931038
0 0.4292901400862069 0.24103807471264366 0.01278286637931032 0.018642241379310292
0 0.3090315193965517 0.09971264367816092 0.018925107758620684 0.021120689655172376
0 0.3501697543656057 0.1785919540229885 0.020161568854995558 0.026795977011494245
0 0.29203259698275863 0.25016163793103446 0.02194234913793105 0.029130747126436745
0 0.1702518857758621 0.09524066091954021 0.024393857758620685 0.028268678160919512
0 0.09161503232758621 0.2249281609195402 0.014641702586206885 0.01853448275862067
0 0.013671875 0.8536458333333333 0.02734375 0.059375
0 0.694677863892573 0.3663972701149426 0.014065608421750664 0.019360632183908006
0 0.8870083512931034 0.23351293103448276 0.013294719827586121 0.019324712643678115
0 0.946875 0.24635416666666668 0.0171875 0.015625
0 0.9487944504310347 0.2660380747126437 0.013644935344827403 0.018929597701149405
0 0.6519733297413793 0.7955998563218392 0.01730872844827589 0.021228448275862042
0 0.604667467948718 0.9700854700854701 0.019030448717948723 0.024038461538461557
1 0.7659843680923961 0.33980529767167694 0.04099352066755078 0.05458480695549657
1 0.9620891702586206 0.8616738505747127 0.03824084051724128 0.051652298850574735
0 0.5258822737068967 0.6085308908045977 0.01625808189655169 0.02180316091954033
0 0.5071861530172413 0.5522629310344828 0.01593480603448274 0.021192528735632148
0 0.5378030711206897 0.4850395114942529 0.01935614224137936 0.026329022988505753
1 0.3331155711206897 0.6193067528735632 0.030024245689655206 0.03976293103448268
3 0.45988011853448274 0.5825251436781609 0.03511584051724137 0.04148706896551732
3 0.05915274784482758 0.6389188218390804 0.02299299568965516 0.034662356321839026
3 0.8390422952586206 0.17325790229885057 0.03918372844827615 0.05003591954022983
3 0.4680091594827586 0.18090876436781608 0.02559267241379306 0.034734195402298815
3 0.16740975215517243 0.45709410919540233 0.03546605603448272 0.04450431034482752
3 0.6373922413793103 0.7636314655172414 0.04647090517241379 0.0477370689655172
3 0.28452990301724135 0.5080459770114942 0.02886584051724137 0.03599137931034484
3 0.5111126077586208 0.13406968390804594 0.01481681034482758 0.02244971264367816
3 0.8390424679487181 0.9393696581196581 0.03505608974358978 0.04540598290598297
3 0.024346713362068957 0.7959949712643677 0.022561961206896537 0.034806034482758604
0 0.02832031249999999 0.44445043103448273 0.02000269396551723 0.02489224137931032
0 0.24440328663793104 0.8356860632183908 0.021565193965517215 0.029058908045977105
1 0.165234375 0.8463541666666666 0.03984375 0.042708333333333334
3 0.8574641840738284 0.6456896551724137 0.014462795645446391 0.019324712643678174
0 0.6149582435344827 0.19613864942528733 0.03258351293103443 0.04019396551724134
3 0.751953125 0.228125 0.03515625 0.04791666666666667
3 0.40847355769230764 0.9691105769230769 0.025 0.03854166666666667
0 0.9690867456896551 0.027658045977011454 0.014816810344827758 0.017959770114942528
0 0.22537042025862072 0.424676724137931 0.016527478448275845 0.023132183908046024
0 0.5523100754310345 0.2776073902151488 0.02132273706896557 0.024526598880047188
