0 0.4513221153846154 0.6189903846153847 0.04326923076923084 0.04513888888888893
0 0.3171474358974359 0.8356436965811966 0.031169871794871806 0.052537393162393184
0 0.23157051282051283 0.4024172008547009 0.026041666666666696 0.029567307692307664
0 0.28131009615384617 0.35819978632478633 0.03473557692307692 0.04321581196581204
0 0.05290464743589744 0.02824519230769233 0.02880608974358979 0.04073183760683765
0 0.12177856663685153 0.13547722868217052 0.013346936493738725 0.016109496124031016
0 0.8260717147435898 0.6572516025641026 0.03495592948717956 0.05408653846153856
1 0.6779447115384615 0.7020432692307692 0.04875801282051286 0.05798611111111119
3 0.016125801282051305 0.6021634615384616 0.030248397435897478 0.04674145299145304
3 0.9849859775641026 0.36614583333333334 0.02846554487179489 0.05403311965811971
3 0.36428285256410253 0.5894764957264959 0.04306891025641026 0.040064102564102554
