0 0.39021990740740736 0.21141975308641975 0.034375 0.041666666666666664
0 0.49287749287749294 0.2194325735992403 0.02581908831908821 0.031813865147198445
0 0.409745592948718 0.1634081196581197 0.025821314102564098 0.026816239316239353
0 0.5007046989468865 0.022712053571428567 0.03374685210622701 0.046217757936507925
0 0.6908482142857143 0.3099764384920635 0.02641369047619051 0.042125496031746104
0 0.809693287037037 0.30579297245963916 0.026446759259259343 0.036562203228869807
0 0.9016977163461538 0.6153200676638176 0.03644831730769234 0.041350605413105396
0 0.939626736111111 0.9415509259259259 0.045225694444444284 0.04861111111111107
0 0.9402460603632479 0.8823339565527066 0.0449886485042736 0.04996883903133913
0 0.841015625 0.8802083333333334 0.03828125 0.05
0 0.806640625 0.9058350988700565 0.024695444915254328 0.034904661016949015
0 0.3729549632352941 0.9512121354952238 0.0335018382352942 0.04426690548014065
0 0.27332261029411764 0.9632510055304173 0.0374540441176471 0.0477626948215183
0 0.34700520833333337 0.6775373931623931 0.0325520833333333 0.05325854700854696
0 0.220703125 0.659375 0.03984375 0.06041666666666667
0 0.7031951121794873 0.8295539529914531 0.04381009615384608 0.05280448717948711
0 0.8632233796296296 0.35165895061728397 0.03628472222222214 0.04976851851851851
0 0.6750279017857143 0.2107080853174603 0.04224330357142856 0.04224950396825396
1 0.6066313244047619 0.2283048115079365 0.03766741071428568 0.06285962301587303
1 0.3621694711538462 0.033894230769230795 0.042848557692307665 0.04278846153846158
1 0.4388736263736265 0.05231274801587301 0.05231227106227108 0.07754216269841269
1 0.2033954326923077 0.4528445512820513 0.05234375 0.0676014957264958
1 0.2506660657051282 0.57633547008547 0.054457131410256474 0.04316239316239319
1 0.3436247996794872 0.53772702991453 0.040815304487179516 0.036725427350427255
1 0.4019881810897436 0.6280448717948718 0.039272836538461496 0.06308760683760681
1 0.33423477564102566 0.7816506410256411 0.05108173076923075 0.08253205128205122
1 0.36875 0.8125 0.0328125 0.05416666666666667
1 0.5687349759615385 0.5707532051282052 0.054336939102564055 0.05347222222222226
1 0.5137169471153846 0.5255742521367522 0.07100360576923075 0.07385149572649569
1 0.8184205840455838 0.47284173195631524 0.036769943019943165 0.06357579534662866
1 0.271875 0.5192708333333333 0.0453125 0.051041666666666666
1 0.330078125 0.453125 0.04140625 0.05
1 0.365234375 0.46458333333333335 0.06328125 0.058333333333333334
1 0.3000150240384616 0.46447649572649574 0.03989383012820515 0.0510149572649573
1 0.8229760837679271 0.7741084039548023 0.04499062907431543 0.10238347457627116
2 0.308193108974359 0.258840811965812 0.05108173076923075 0.08167735042735046
2 0.10787259615384621 0.19859775641025645 0.06911057692307693 0.06594551282051286
2 0.4281350160256411 0.41419604700854706 0.05809294871794872 0.09281517094017093
2 0.53382077991453 0.7974537037037038 0.10062767094017096 0.14351851851851846
2 0.7664262820512822 0.611511752136752 0.08814102564102563 0.09214743589743589
2 0.8514973958333332 0.6313212250712251 0.06740451388888893 0.09904736467236457
2 0.6145582932692308 0.35376602564102566 0.06785857371794864 0.12152777777777768
2 0.719140625 0.9276041666666667 0.06484375 0.14270833333333333
0 0.49310396634615383 0.3858173076923077 0.029316907051282114 0.052083333333333336
0 0.3126736111111111 0.15887345679012346 0.032060185185185164 0.049537037037037
1 0.5235462454212454 0.14085393772893778 0.0672676282051281 0.07478632478632478
1 0.5938501602564102 0.13353365384615387 0.06270032051282053 0.06834935897435893
1 0.705829326923077 0.5066773504273505 0.03305288461538458 0.06410256410256406
2 0.7496527777777777 0.7622685185185186 0.06006944444444447 0.07546296296296298
1 0.916139155982906 0.3890535968660969 0.04929887820512828 0.06987179487179489
1 0.976171875 0.44895833333333335 0.04609375 0.0875
2 0.7614182692307694 0.1908653846153846 0.07211538461538466 0.07339743589743591
0 0.6390625 0.16302083333333334 0.034375 0.04479166666666667
0 0.3921374198717949 0.305982905982906 0.026662660256410266 0.03279914529914538
0 0.5735326522435897 0.43657852564102567 0.043739983974358944 0.05739850427350432
0 0.8632912660256411 0.7747329059829061 0.034635416666666786 0.035470085470085524
0 0.651850818452381 0.305140128968254 0.030933779761904832 0.030716765873015875
