1 0.6546875 0.1447649572649573 0.07724358974358969 0.11217948717948717
1 0.8811097756410258 0.6121794871794872 0.04306891025641022 0.06944444444444452
2 0.7734375 0.65625 0.1041666666666667 0.12553418803418795
2 0.926953125 0.6671875 0.09296875 0.14270833333333333
1 0.096083733974359 0.5288327991452991 0.115645032051282 0.11108440170940165
0 0.1849959935897436 0.4512553418803419 0.06109775641025639 0.08413461538461545
1 0.15548878205128208 0.4959535256410257 0.04214743589743586 0.05600961538461533
2 0.42871594551282055 0.22116720085470085 0.09649439102564106 0.11808226495726494
0 0.425 0.26927083333333335 0.0453125 0.053125
0 0.590625 0.30833333333333335 0.0625 0.09375
