0 0.4822536496350365 0.4736424995320981 0.04575729927007295 0.06072782144862442
0 0.8369691506410257 0.4045405982905983 0.06524439102564088 0.07873931623931624
2 0.6239277003790006 0.36399748112795555 0.08061175252667044 0.09925564601659484
2 0.05728165064102566 0.06477029914529916 0.09012419871794866 0.08787393162393167
2 0.6943829835766424 0.10899102798053527 0.08424954379562051 0.13481599756690998
2 0.8592664930555556 0.8877381588319088 0.07790798611111108 0.10125979344729336
2 0.9669571314102565 0.9614449786324786 0.06452323717948705 0.0708600427350427
2 0.14296875 0.9505208333333334 0.078125 0.096875
2 0.5884014423076923 0.7884882478632479 0.12367788461538468 0.18969017094017093
1 0.06509415064102567 0.2544070512820513 0.04449118589743591 0.05048076923076928
1 0.4713241185897436 0.13120993589743593 0.047335737179487226 0.06450320512820516
1 0.7368790064102566 0.7123397435897435 0.04306891025641031 0.056089743589743675
1 0.512890625 0.8520833333333333 0.04296875 0.058333333333333334
2 0.3107777707489878 0.16493055555555555 0.09883919534412958 0.12847222222222215
2 0.7486258305259219 0.20558138764115044 0.06907051282051277 0.09089209401709404
1 0.4738898026315789 0.06469298245614037 0.038240131578947345 0.06359649122807012
3 0.2944511217948718 0.3360443376068376 0.04851762820512819 0.060817307692307726
3 0.1418669871794872 0.0965678418803419 0.07123397435897441 0.09105235042735045
0 0.7591698232323232 0.017361111111111112 0.03791035353535355 0.034722222222222224
0 0.38479461875843457 0.17754934210526313 0.019884446693657142 0.03305921052631578
0 0.4185596955128205 0.8133680555555556 0.032672275641025726 0.035657051282051336
0 0.837890625 0.6953125 0.02578125 0.030208333333333334
0 0.849609375 0.7145833333333333 0.03203125 0.04375
1 0.019921875 0.5161458333333333 0.03984375 0.090625
2 0.2113581730769231 0.31254006410256413 0.08377403846153841 0.09447115384615389
0 0.26270032051282055 0.09830395299145302 0.03790064102564106 0.05130876068376063
0 0.2436197916666667 0.5366452991452991 0.06404246794871801 0.08162393162393163
0 0.105859375 0.334375 0.03203125 0.035416666666666666
1 0.083984375 0.35052083333333334 0.03984375 0.071875
