1 0.34865785256410253 0.4497462606837607 0.07031250000000004 0.14057158119658125
3 0.5134415064102564 0.17548076923076927 0.06125801282051287 0.06944444444444443
3 0.0378405448717949 0.05452724358974361 0.05693108974358979 0.07363782051282056
2 0.5092447916666667 0.8514022435897436 0.08167067307692318 0.1305288461538461
1 0.26712740384615385 0.8231837606837608 0.07712339743589744 0.1255341880341881
1 0.47941706730769235 0.39508547008547007 0.04897836538461533 0.09732905982905979
0 0.30703125 0.25364583333333335 0.0421875 0.059375
3 0.289453125 0.2557291666666667 0.02109375 0.023958333333333335
2 0.5990084134615385 0.7669604700854701 0.09645432692307701 0.09642094017094026
0 0.513671875 0.3640625 0.04140625 0.04479166666666667
