1 0.5826283697752019 0.13417522831050227 0.04022271250439067 0.07668378995433785
1 0.5265763577889006 0.18846025787378526 0.04530618853178785 0.06514569429809151
1 0.5448818108974359 0.02497329059829062 0.044451121794871894 0.04994658119658124
1 0.34296875 0.732638888888889 0.0380208333333333 0.09583333333333334
1 0.37135416666666665 0.8454861111111112 0.034375 0.07569444444444441
1 0.5997395833333333 0.7020833333333333 0.0234375 0.04722222222222226
1 0.07406850961538461 0.39158653846153846 0.042487980769230785 0.03904914529914531
1 0.18567708333333335 0.5868055555555555 0.025520833333333326 0.04861111111111107
1 0.8345982142857142 0.9170386904761904 0.04732142857142847 0.045386904761904864
1 0.5970052083333334 0.8434027777777778 0.043489583333333304 0.0631944444444444
1 0.5518229166666666 0.6958333333333333 0.0598958333333333 0.058333333333333334
1 0.42925681089743595 0.6853231837606837 0.0413261217948719 0.07272970085470085
2 0.9684595352564103 0.2415865384615385 0.06151842948717938 0.08146367521367527
2 0.83203125 0.12552083333333333 0.0484375 0.10520833333333333
2 0.80234375 0.18229166666666666 0.0703125 0.07083333333333333
2 0.25609975961538456 0.5870726495726496 0.06696714743589749 0.09529914529914538
2 0.09622395833333333 0.5124732905982906 0.046093749999999975 0.072275641025641
2 0.2576822916666667 0.7939236111111112 0.04817708333333335 0.060069444444444405
0 0.7462239583333334 0.9260416666666667 0.029427083333333305 0.035416666666666666
0 0.8816964285714285 0.9838541666666667 0.025669642857142884 0.03020833333333345
0 0.7683647260273974 0.2945944561526754 0.02405821917808213 0.03267181828825662
