2 0.6349559294871796 0.27849893162393163 0.08465544871794872 0.11714743589743595
2 0.22906650641025647 0.4886485042735043 0.13321314102564102 0.172275641025641
0 0.9177283653846153 0.32490651709401713 0.047956730769230835 0.06439636752136758
0 0.8892528044871796 0.192053952991453 0.04881810897435894 0.07369123931623936
0 0.6607572115384616 0.7745459401709403 0.05508814102564106 0.08125
0 0.804296875 0.8109375 0.06640625 0.08229166666666667
1 0.719901842948718 0.5226228632478632 0.05498798076923084 0.053579059829059854
1 0.32865584935897435 0.5046207264957265 0.06023637820512824 0.07889957264957274
2 0.12252604166666667 0.7343215811965813 0.06183894230769238 0.11629273504273516
2 0.37530048076923084 0.23348023504273507 0.0791266025641026 0.11904380341880347
3 0.6232171474358974 0.546073717948718 0.05404647435897445 0.0681089743589744
0 0.21549479166666669 0.25016025641025647 0.04817708333333335 0.06698717948717955
0 0.5859375 0.7 0.053125 0.07083333333333333
