2 0.3792067307692308 0.5206997863247864 0.12940705128205138 0.1348824786324786
2 0.5479667467948718 0.1466746794871795 0.07233573717948723 0.13239850427350433
1 0.8310296474358975 0.12739049145299147 0.0651041666666666 0.10686431623931628
0 0.7186298076923077 0.5180956196581197 0.03149038461538476 0.03859508547008552
0 0.5805789262820513 0.5353899572649573 0.07321714743589754 0.08413461538461534
0 0.5860176282051283 0.6135149572649573 0.043830128205128195 0.05341880341880341
0 0.5955829326923077 0.6608173076923077 0.035196314102564144 0.046955128205128344
0 0.298828125 0.5625 0.03359375 0.04583333333333333
0 0.3223758012820513 0.2791399572649573 0.03273237179487185 0.05176282051282056
0 0.26871995192307696 0.16280715811965815 0.023858173076923082 0.03336004273504279
0 0.9904947916666668 0.0728899572649573 0.017447916666666608 0.05827991452991458
1 0.8386217948717949 0.02163461538461541 0.06025641025641022 0.04326923076923082
1 0.9004607371794873 0.036925747863247885 0.05044070512820511 0.05809294871794877
2 0.17251602564102567 0.060376602564102586 0.07003205128205132 0.10200320512820517
2 0.07598157051282053 0.06861645299145301 0.07479967948717954 0.10956196581196585
3 0.6720753205128205 0.024305555555555577 0.07852564102564105 0.048611111111111154
