1 0.7226633409916042 0.43458241150442484 0.06949703596550946 0.10041482300884959
1 0.5212590144230769 0.7457264957264957 0.05313501602564106 0.08814102564102555
1 0.6751452323717949 0.7771100427350428 0.04584334935897436 0.0747863247863247
1 0.6067808493589744 0.09923878205128207 0.04685496794871806 0.07502670940170945
2 0.5598908253205128 0.640224358974359 0.066015625 0.06009615384615377
2 0.07989783653846157 0.3150373931623932 0.07726362179487176 0.08680555555555554
3 0.20390625 0.10625 0.075 0.08958333333333333
0 0.12327724358974361 0.18015491452991453 0.037820512820512776 0.04941239316239316
0 0.1451121794871795 0.22394497863247864 0.04270833333333335 0.04997329059829063
1 0.75703125 0.26197916666666665 0.0578125 0.08229166666666667
0 0.15594951923076927 0.3103365384615385 0.057091346153846124 0.07483974358974367
0 0.8221654647435898 0.12288995726495729 0.04276842948717956 0.06244658119658123
1 0.9689603365384617 0.5600560897435898 0.060516826923076826 0.0721955128205129
1 0.23137019230769235 0.193616452991453 0.05649038461538462 0.07056623931623936
