2 0.842548076923077 0.6983173076923078 0.11017628205128212 0.12419871794871788
2 0.21977163461538463 0.25393963675213677 0.08858173076923075 0.12753739316239313
2 0.31254006410256413 0.2969551282051282 0.08445512820512824 0.12275641025641022
2 0.7737279647435897 0.19590010683760686 0.06151842948717956 0.11028311965811961
1 0.6250896783691116 0.5057307195388591 0.06031743813357195 0.10045716557344472
1 0.8630909455128204 0.387232905982906 0.08110977564102573 0.07863247863247871
1 0.8254707532051281 0.3297275641025641 0.05999599358974361 0.08680555555555554
1 0.8770432692307694 0.9065838675213675 0.049198717948718065 0.06824252136752142
0 0.745544033243888 0.3001574612403101 0.028534026535480005 0.03921996124031004
0 0.8974959935897436 0.3155582264957265 0.052363782051282115 0.058466880341880294
0 0.7328125 0.21197916666666666 0.0453125 0.06145833333333333
0 0.2609375 0.3229166666666667 0.040625 0.058333333333333334
0 0.11847956730769234 0.3202323717948718 0.037880608974359034 0.049706196581196654
0 0.12265625 0.013020833333333334 0.0453125 0.026041666666666668
0 0.9071414262820513 0.01562500000000002 0.047095352564102556 0.03125000000000004
0 0.97890625 0.7739583333333333 0.040625 0.10208333333333333
0 0.97265625 0.8869791666666667 0.053125 0.11354166666666667
2 0.2971754807692308 0.8779380341880343 0.07712339743589744 0.09348290598290596
1 0.39676482371794874 0.09107905982905985 0.048217147435897535 0.06997863247863252
1 0.7133413461538461 0.02163461538461541 0.06209935897435903 0.04326923076923082
3 0.38879206730769234 0.533306623931624 0.05414663461538467 0.06693376068376082
3 0.2585637019230769 0.6608707264957265 0.05218349358974361 0.07355769230769234
3 0.042067307692307716 0.44903846153846155 0.06850961538461543 0.09391025641025645
2 0.456219951923077 0.28522970085470084 0.05150240384615392 0.0662927350427351
2 0.5619391025641025 0.11880341880341883 0.1145032051282052 0.16677350427350432
