2 0.7039863782051282 0.3934294871794872 0.10484775641025638 0.14102564102564105
2 0.6581931089743589 0.10064102564102566 0.08826121794871797 0.10961538461538464
2 0.22756410256410256 0.6515758547008548 0.06209935897435899 0.12419871794871801
2 0.7496494391025641 0.8595486111111111 0.08663862179487172 0.1288194444444444
1 0.7774439102564104 0.6262019230769231 0.054086538461538505 0.1295405982905983
1 0.83046875 0.7463541666666667 0.071875 0.08229166666666667
1 0.8015625 0.8041666666666667 0.0609375 0.09583333333333334
1 0.5799078525641026 0.14240117521367524 0.06854967948717956 0.09553952991452995
2 0.3387419871794872 0.2455929487179488 0.11418269230769229 0.12954059829059833
0 0.8816306089743591 0.221875 0.046113782051281936 0.06874999999999996
1 0.5604166666666667 0.7991452991452993 0.06145833333333339 0.11217948717948723
1 0.5390625 0.9411458333333333 0.0671875 0.096875
1 0.25861378205128205 0.2856570512820513 0.028044871794871806 0.04407051282051284
0 0.24140625 0.24114583333333334 0.034375 0.051041666666666666
3 0.66953125 0.32135416666666666 0.059375 0.078125
