1 0.5502103365384616 0.31686698717948725 0.07385817307692318 0.08581730769230772
3 0.8325620993589744 0.8282451923076923 0.0720552884615385 0.10472756410256423
3 0.7211137820512821 0.8772168803418803 0.07259615384615384 0.09225427350427359
3 0.3612780448717949 0.7871260683760684 0.057091346153846076 0.07745726495726496
3 0.485546875 0.4708333333333333 0.05703125 0.07083333333333333
3 0.508944310897436 0.44631410256410253 0.038201121794871895 0.04487179487179483
3 0.70390625 0.3506810897435898 0.05292467948717947 0.06893696581196587
3 0.479657451923077 0.3314903846153846 0.07349759615384607 0.0939636752136753
3 0.4758213141025641 0.5111378205128205 0.08585737179487171 0.11394230769230779
3 0.313671875 0.37604166666666666 0.10078125 0.12083333333333333
3 0.248046875 0.3203125 0.03046875 0.034375
0 0.6977964743589744 0.6491586538461538 0.03108974358974361 0.03822115384615389
0 0.7293970352564102 0.20894764957264958 0.01796875000000009 0.02387820512820517
0 0.9407051282051281 0.09771634615384618 0.02604166666666661 0.0353365384615385
3 0.451953125 0.0828125 0.06328125 0.08020833333333334
0 0.882421875 0.5979166666666667 0.04453125 0.06666666666666667
1 0.9046875 0.5994791666666667 0.0359375 0.090625
