1 0.17119391025641023 0.5711939102564102 0.048637820512820576 0.06594551282051289
1 0.6560461855247466 0.5938990757304711 0.034112719886702524 0.06618962432915924
2 0.6589128652355397 0.6817739390777182 0.09187630441264175 0.08267305207712165
2 0.41484375 0.4505208333333333 0.065625 0.11770833333333333
2 0.6056089743589744 0.04433760683760687 0.06121794871794881 0.08867521367521373
2 0.5872495993589743 0.15877022283272282 0.05466746794871798 0.08126907814407813
2 0.10987580128205132 0.48063568376068383 0.09114583333333331 0.10016025641025644
1 0.7312843406593407 0.19384920634920633 0.03891941391941396 0.06269841269841268
0 0.02731649709302325 0.11573401162790699 0.035119912790697656 0.04953972868217054
0 0.4389759495591619 0.6822342103955478 0.03393036832353689 0.045415300139137214
0 0.9325409026535482 0.48194040697674423 0.017003950506857456 0.02085755813953488
0 0.2512219551282051 0.36569177350427345 0.0421875 0.051041666666666666
1 0.577734375 0.41875 0.02890625 0.07708333333333334
2 0.389171511627907 0.8451429263565892 0.052688953488372145 0.09871608527131788
