2 0.4082582131410256 0.2950053418803419 0.10848357371794867 0.13087606837606838
2 0.4911308092948718 0.3783787393162393 0.0779146634615385 0.09634081196581198
2 0.5538361378205128 0.18026175213675216 0.1041666666666667 0.16447649572649567
2 0.87578125 0.671875 0.0921875 0.11666666666666667
2 0.7283703926282051 0.5237980769230769 0.10365584935897436 0.12467948717948722
2 0.5725510817307693 0.3922943376068376 0.08276241987179489 0.11391559829059836
2 0.5789613381410257 0.2925747863247864 0.0529146634615385 0.07697649572649574
2 0.39353966346153846 0.13808760683760685 0.10274439102564115 0.11485042735042737
2 0.14362479967948721 0.331383547008547 0.08524639423076925 0.09818376068376071
2 0.4883764022435898 0.5622996794871795 0.058804086538461586 0.091746794871795
2 0.6358774038461539 0.7263354700854701 0.078125 0.10833333333333334
2 0.60234375 0.5935229700854702 0.0953125 0.140625
1 0.5133463541666666 0.25347222222222227 0.0592447916666667 0.04513888888888884
1 0.44609375 0.2869791666666667 0.025 0.071875
0 0.84453125 0.6223958333333334 0.0390625 0.051041666666666666
0 0.836328125 0.6583333333333333 0.01953125 0.03125
0 0.6882962740384615 0.617855235042735 0.049589342948717974 0.05675747863247859
0 0.36101262019230773 0.4768963675213675 0.029076522435897534 0.04353632478632482
0 0.28828125 0.328125 0.0234375 0.022916666666666665
0 0.3134264823717949 0.3704994658119658 0.07016225961538466 0.10141559829059829
2 0.228515625 0.26979166666666665 0.08046875 0.08125
2 0.429296875 0.7089209401709401 0.07109375 0.09583333333333334
1 0.715234375 0.4640625 0.04609375 0.051041666666666666
1 0.5187449919871795 0.7376869658119658 0.06417267628205128 0.08819444444444452
2 0.133203125 0.2453125 0.09765625 0.09479166666666666
0 0.0796875 0.23541666666666666 0.0390625 0.052083333333333336
0 0.12652744391025644 0.5461404914529915 0.03881209935897432 0.053552350427350424
0 0.14649939903846154 0.5956997863247864 0.03142027243589747 0.040972222222222146
0 0.2540314503205129 0.5496794871794871 0.021684695512820575 0.026175213675213745
1 0.2060546875 0.5362179487179487 0.05553886217948727 0.05309829059829063
1 0.5354316907051283 0.9627403846153847 0.06936097756410264 0.06810897435897433
2 0.938671875 0.8067708333333333 0.11796875 0.11770833333333333
1 0.351953125 0.9197916666666667 0.05859375 0.07083333333333333
