3 0.8491085737179487 0.39479166666666665 0.08102964743589744 0.10357905982905992
3 0.47342748397435913 0.2316105769230769 0.055148237179487136 0.08020833333333327
3 0.047746394230769255 0.21685363247863249 0.07518028846153851 0.09353632478632481
2 0.03715945512820515 0.4108306623931624 0.0743189102564103 0.11957799145299149
2 0.705078125 0.4041666666666667 0.13359375 0.18541666666666667
2 0.769921875 0.3189369658119658 0.06913060897435912 0.1159722222222222
2 0.9261017628205128 0.12524038461538464 0.10532852564102572 0.10785256410256405
2 0.847265625 0.17135416666666667 0.11171875 0.13854166666666667
2 0.476171875 0.3328125 0.12265625 0.146875
2 0.291015625 0.3541666666666667 0.10859375 0.10833333333333334
1 0.5921875 0.34739583333333335 0.059375 0.08020833333333334
1 0.5365584935897436 0.6849626068376068 0.04306891025641031 0.06276709401709404
1 0.3051282051282051 0.018816773504273524 0.08325320512820515 0.03822115384615389
1 0.762890625 0.027083333333333334 0.06328125 0.05416666666666667
1 0.098828125 0.16614583333333333 0.04609375 0.06354166666666666
2 0.6265625 0.10961538461538464 0.05536858974358978 0.12638888888888894
0 0.67734375 0.48802083333333335 0.0390625 0.046875
0 0.8266326121794872 0.5591079059829059 0.02782451923076934 0.036698717948718006
0 0.47907652243589743 0.5398504273504273 0.03784054487179498 0.056517094017094156
0 0.2661258012820513 0.41957799145299146 0.02904647435897436 0.03798076923076928
3 0.48280248397435904 0.855181623931624 0.036398237179487224 0.04551282051282044
