1 0.08249093286099865 0.2435953666216824 0.03403129217273952 0.09066014394961762
1 0.027901785714285716 0.24947916666666664 0.05580357142857143 0.07842261904761903
1 0.13493303571428572 0.22323908730158729 0.051562499999999976 0.06939484126984127
1 0.27961309523809524 0.3428075396825397 0.03601190476190479 0.054464285714285764
1 0.2626488095238095 0.7028769841269842 0.06101190476190479 0.050595238095238075
1 0.11379523026315788 0.7889528508771929 0.06188322368421051 0.046107456140350916
2 0.6359375 0.27379385964912284 0.03569078947368416 0.0817982456140351
2 0.6133297486504723 0.21591107174988752 0.05478449730094468 0.07217302069275755
2 0.3733630952380952 0.06966765873015873 0.07172619047619042 0.07891865079365079
2 0.46938733552631573 0.5466557017543859 0.07528782894736841 0.06918859649122808
2 0.44218606913919417 0.6704822954822954 0.06294356684981697 0.08104395604395608
2 0.47909226190476184 0.7413957570207571 0.044791666666666695 0.06284340659340656
2 0.36820273339598997 0.8597216197545144 0.038265585839598916 0.0733199183857078
2 0.715234375 0.6973958333333333 0.07265625 0.109375
2 0.9145353618421052 0.9051260964912281 0.052508223684210445 0.06683114035087728
2 0.6352163461538461 0.8770032051282051 0.05608974358974352 0.08733974358974367
2 0.2662388392857143 0.6442708333333333 0.08158482142857144 0.04479166666666667
2 0.4047902960526316 0.5845668859649124 0.06698190789473686 0.07044956140350879
0 0.49760044642857143 0.5260168650793651 0.016034226190476276 0.02137896825396813
0 0.38207236842105263 0.567516447368421 0.020394736842105222 0.026151315789473627
0 0.351953125 0.5928728070175439 0.02553453947368416 0.03135964912280708
0 0.46851503759398494 0.21216542959964013 0.021029135338345918 0.029616509221772377
0 0.65546875 0.07864583333333333 0.0296875 0.042708333333333334
0 0.7011513157894737 0.042680921052631576 0.027796052631578937 0.03305921052631579
0 0.8215138959176788 0.10682565789473684 0.022268260796221285 0.03415570175438596
0 0.7217590249662618 0.2780237854251012 0.030988529014844703 0.040443657219972895
0 0.959703947368421 0.22913925438596489 0.033717105263157875 0.04380482456140351
0 0.6481897351551957 0.4411268556005398 0.03815578609986518 0.045630904183535805
0 0.6610176282051283 0.47708333333333336 0.030528846153846257 0.037820512820512894
0 0.26002408364661656 0.15688831453634086 0.024359727443609015 0.03490758145363406
0 0.2251488095238095 0.22862103174603174 0.03035714285714284 0.03859126984126986
0 0.08034735275689223 0.5508871336996337 0.02829338972431078 0.04405906593406594
0 0.0865826676065163 0.6354291176659597 0.04065045426065163 0.049317203264571674
0 0.12664473684210525 0.7176535087719298 0.033717105263157895 0.041666666666666664
0 0.04066611842105263 0.8690515350877192 0.04284539473684211 0.05575657894736838
0 0.23431919642857144 0.7544890873015874 0.03136160714285716 0.04062499999999988
0 0.25031478937728935 0.9012152777777778 0.04103708791208786 0.05669642857142847
0 0.31651785714285713 0.7476934523809523 0.04107142857142856 0.05421626984126971
0 0.3685825892857143 0.9345238095238095 0.023251488095238047 0.027777777777777856
0 0.41638764880952384 0.9562538156288156 0.03924851190476186 0.049793956043955964
0 0.4213699061355311 0.8725370115995117 0.026307806776556752 0.032703754578754386
0 0.6044456845238095 0.7225198412698413 0.027715773809523815 0.03511904761904769
0 0.4798656798245614 0.5985380116959064 0.028755482456140236 0.032090643274853885
0 0.8458749789136302 0.6269308085919927 0.023164431511470872 0.02688793297345917
0 0.8483046558704453 0.6572480881691407 0.02460779352226723 0.029802069275753358
0 0.8805130313765183 0.6377762314439946 0.028447621457489625 0.041333502024291494
0 0.8484786184210525 0.9392269736842105 0.029194078947368494 0.041502192982456165
0 0.8759251644736843 0.9007401315789474 0.03515625 0.053125
0 0.8900082236842104 0.8640632028789923 0.022615131578947255 0.029661493477283092
0 0.7464021381578947 0.9535361842105262 0.03063322368421062 0.042489035087719174
0 0.9606291118421051 0.7988212719298246 0.022820723684210443 0.03722587719298242
0 0.7662623355263157 0.7476425438596491 0.02421875 0.02993421052631575
0 0.8956003289473685 0.28692434210526313 0.028700657894736813 0.037993421052631565
0 0.6556643260796221 0.20433324898785427 0.016796347840755566 0.021158063427800224
3 0.7947927209851552 0.5482927069275754 0.03530912618083679 0.048151428250112475
3 0.6440583881578947 0.07116228070175439 0.02907072368421053 0.03267543859649123
3 0.9689703525641026 0.09936178587494376 0.04150008434547914 0.055662393162393145
3 0.48584020146520146 0.8741472069597069 0.02831959706959708 0.039403998778998785
3 0.5630550986842104 0.10063048245614035 0.03671874999999991 0.05751096491228069
2 0.7763980263157895 0.0441063596491228 0.05575657894736832 0.062006578947368406
2 0.3276413690476191 0.8980406746031745 0.04962797619047623 0.06304563492063492
2 0.5219983552631579 0.40625 0.06949013157894735 0.0932017543859649
1 0.7935459893724696 0.2350849077822762 0.04201986336032384 0.06775753486279808
1 0.9473657852564102 0.5401442307692308 0.058794070512820616 0.07195512820512823
1 0.8499277791835358 0.7701424032838505 0.05919049426450727 0.046338000449842674
1 0.8316922866059379 0.711370473459289 0.03974042678812424 0.04655729869545659
1 0.6346138784461152 0.5783077485380116 0.06856986215538852 0.059393274853801144
1 0.2975212972334683 0.5765196243814665 0.05063469973009451 0.07080240665767003
3 0.3182565789473684 0.6144188596491228 0.019736842105263143 0.025548245614035046
0 0.3093936011904762 0.30932539682539684 0.03151041666666661 0.04007936507936508
0 0.22334449404761908 0.2686507936507937 0.032998511904761905 0.05396825396825396
0 0.36681743421052626 0.474890350877193 0.031167763157894733 0.04144736842105263
0 0.3080357142857143 0.4085813492063492 0.026785714285714236 0.036011904761904745
0 0.15448348937246964 0.10572143499775079 0.037250126518218594 0.05610098965362121
0 0.527578712406015 0.5407855576441103 0.029664003759398483 0.032463972431077674
1 0.32180059523809523 0.8030753968253969 0.03199404761904763 0.04464285714285706
1 0.6422275641025641 0.973170405982906 0.050080128205128284 0.05157585470085462
1 0.552353766025641 0.9657318376068377 0.04060496794871789 0.06479700854700864
0 0.5772035256410257 0.9658119658119658 0.04190705128205137 0.05662393162393163
1 0.6562872023809524 0.7316964285714286 0.03578869047619051 0.07628968253968248
0 0.688733552631579 0.7652412280701754 0.02796052631578938 0.03640350877192979
0 0.6908922697368421 0.6392543859649124 0.041735197368420976 0.05153508771929829
0 0.5368890977443609 0.7317383000771158 0.024436090225563856 0.033233926161557646
0 0.8499383223684209 0.04975328947368421 0.03211348684210531 0.0337171052631579
0 0.8756990131578947 0.08107709176788128 0.018338815789473627 0.022056342780026928
1 0.5107005795739348 0.19778743734335838 0.04521068295739346 0.05837249373433583
1 0.6009046052631579 0.28426535087719296 0.035690789473684245 0.06853070175438596
1 0.44205729166666663 0.31793154761904757 0.026599702380952283 0.04667658730158729
1 0.5025377446018894 0.10160748425551057 0.05331266869095819 0.0621359086819613
0 0.9041366185897436 0.40381944444444445 0.04108573717948723 0.0506944444444444
0 0.9326891447368422 0.4450383771929824 0.03149671052631593 0.03700657894736844
0 0.936328125 0.48020833333333335 0.03203125 0.0375
1 0.7875205592105263 0.4077576754385965 0.051603618421052565 0.06935307017543858
0 0.9417067307692308 0.688408822537112 0.040064102564102554 0.04719551282051278
0 0.7634251644736841 0.659594298245614 0.02413651315789469 0.04375
0 0.9665912828947368 0.9563596491228069 0.03967927631578938 0.05
0 0.8373560855263158 0.8995065789473684 0.029975328947368495 0.036513157894736754
0 0.823046875 0.8765625 0.03046875 0.040625
1 0.8087376644736842 0.842516447368421 0.04617598684210513 0.05345394736842112
1 0.7679276315789474 0.9232174988753936 0.05213815789473682 0.05159131803868628
3 0.5365284455128206 0.9014022435897435 0.03311298076923075 0.04655448717948722
0 0.04427083333333333 0.17078373015873016 0.015624999999999995 0.031448412698412684
2 0.984375 0.2 0.0296875 0.11041666666666666
2 0.019140624999999998 0.4388392857142857 0.03909970238095238 0.09255952380952384
1 0.018469551282051282 0.6201503357753357 0.03746565934065934 0.05136599511599502
0 0.030970605600539835 0.5270833333333333 0.015361420377867701 0.019298245614034926
1 0.951891447368421 0.7692160087719297 0.049342105263157875 0.042817982456140415
0 0.9376644736842106 0.8044682017543859 0.01842105263157894 0.022313596491228084
0 0.9374588815789473 0.8297149122807017 0.02804276315789469 0.030263157894736756
0 0.2585751488095238 0.27909226190476194 0.046837797619047626 0.05223214285714288
0 0.9596217105263157 0.38714364035087717 0.03141447368421062 0.04040570175438596
0 0.7197985197368422 0.7370888157894737 0.019284539473684158 0.027905701754385958
