0 0.48186097756410257 0.46436965811965814 0.038281250000000086 0.04989316239316241
0 0.5575978322072073 0.6804429429429428 0.038942849099099064 0.04744744744744753
0 0.21856971153846155 0.7995459401709402 0.03401442307692308 0.03659188034188041
0 0.935107421875 0.783984375 0.02138671875 0.028385416666666666
0 0.29478561046511625 0.06695736434108528 0.02162063953488369 0.033236434108527134
1 0.8282113882211538 0.8902844551282051 0.05744441105769234 0.055368589743589665
1 0.44765625 0.9645833333333333 0.0515625 0.06875
1 0.31806024774774777 0.5469219219219219 0.06475225225225226 0.05818318318318312
1 0.16859278428137442 0.23463710803827087 0.03327228027446043 0.03421415601648157
1 0.7578125 0.1734375 0.0640625 0.07395833333333333
1 0.880810546875 0.04986979166666667 0.02255859375 0.05911458333333333
1 0.6850471565315315 0.1417652027027027 0.044460867117117074 0.06331644144144151
2 0.838720703125 0.28098958333333335 0.09111328125 0.09947916666666666
2 0.6171875 0.2606981981981982 0.05771396396396398 0.09759759759759762
2 0.6974916623354124 0.49768205705705704 0.08177949584199587 0.10786411411411408
2 0.864990234375 0.6625 0.08154296875 0.09947916666666666
1 0.7578234973254505 0.3321614583333333 0.041970192849099155 0.05182291666666667
1 0.832177734375 0.36432291666666666 0.04560546875 0.05520833333333333
1 0.698980531011781 0.3107783264033265 0.046750476437976474 0.09265274890274891
1 0.65703125 0.8541666666666666 0.065625 0.08958333333333333
1 0.3597202034883721 0.18821463178294576 0.04981831395348837 0.0656734496124031
0 0.12864280523255814 0.11790213178294574 0.03777252906976743 0.04883720930232558
0 0.07836441532258065 0.04297715053763441 0.041103830645161286 0.04845430107526882
0 0.06548639112903225 0.2230510752688172 0.031577620967741936 0.04112903225806453
2 0.5181912681912683 0.5907892267267267 0.05018840956340949 0.05678490990990994
2 0.429296875 0.022395833333333334 0.07734375 0.04479166666666667
1 0.42881610576923085 0.3616720085470086 0.034194711538461584 0.08167735042735048
0 0.837109375 0.10729166666666666 0.04765625 0.06666666666666667
0 0.315625 0.24895833333333334 0.03125 0.041666666666666664
0 0.3234375 0.008333333333333333 0.03125 0.016666666666666666
1 0.1812045784883721 0.300811531007752 0.056195494186046455 0.08878391472868218
3 0.93505859375 0.70390625 0.041015625 0.05572916666666667
