0 0.182421875 0.2713541666666667 0.02421875 0.03854166666666667
0 0.2655949519230769 0.416386217948718 0.03599759615384612 0.039022435897435946
0 0.1308853424738842 0.6132439062994618 0.04089135208926882 0.04614593225704328
0 0.3088979404083571 0.7343794515669515 0.031569028964862245 0.03792833966445066
0 0.18654031635802473 0.7386766975308643 0.03760609567901243 0.05505401234567889
0 0.5459587191358025 0.929198816872428 0.029224537037036934 0.0353523662551441
0 0.4684094551282051 0.38177083333333334 0.0390625 0.04479166666666667
0 0.666724844858156 0.14241282505910166 0.029471409574468053 0.04437056737588649
0 0.6318420885408916 0.20308767399857824 0.024194610797004402 0.02943071260890407
0 0.7978165064102564 0.17944711538461539 0.03337339743589744 0.03747329059829063
0 0.7048277243589742 0.6089610042735044 0.03104967948717947 0.05499465811965803
0 0.8898637820512821 0.9845219017094017 0.02652243589743577 0.02887286324786326
1 0.5127631870567375 0.38239140070921984 0.0614638741134752 0.07063386524822697
1 0.4724576343426078 0.3104200763775232 0.05453065330060012 0.0481905801054736
1 0.4776241987179487 0.19554350791052919 0.03448155346426631 0.05187988725222767
1 0.42533244680851057 0.20000369385342787 0.04128989361702127 0.056257387706855774
1 0.3180007160392798 0.06937625022731406 0.04429555373704312 0.048599745408256005
1 0.22865584935897437 0.47560096153846154 0.044250801282051236 0.040785256410256446
1 0.528938523860399 0.8140906932573599 0.04725412511870859 0.050830959164292366
1 0.9199118589743591 0.6574652777777779 0.033573717948718065 0.05900106837606837
1 0.90234375 0.15802617521367524 0.05068108974358978 0.06428952991452992
1 0.952734375 0.0765625 0.04453125 0.057291666666666664
1 0.6817403590425531 0.06728354018912527 0.02936059397163122 0.05574024822695033
1 0.30862997817785054 0.3201803737043099 0.04641468903436987 0.05969835424622646
1 0.4289448302469136 0.5977237654320987 0.04211033950617278 0.07461419753086425
1 0.39583333333333337 0.9467147435897435 0.04807692307692313 0.06276709401709404
1 0.71796875 0.6662393162393163 0.04531249999999991 0.05747863247863248
2 0.6865065586419753 0.8116344175371953 0.05426311728395063 0.09175174105729648
2 0.4779647435897436 0.9017682613168725 0.07782822886989563 0.08638117283950611
2 0.5974158653846154 0.9651575854700855 0.06358173076923083 0.06760149572649574
2 0.39921875 0.15520833333333334 0.053125 0.08958333333333333
2 0.5323609264184397 0.1771904550827423 0.07878435283687946 0.08563091016548462
0 0.5192015735815603 0.1306848404255319 0.025659352836879458 0.028213652482269518
2 0.8345252403846153 0.11936431623931627 0.056109775641025726 0.10154914529914533
2 0.866015625 0.7239583333333334 0.07265625 0.11041666666666666
2 0.8677784455128205 0.6445779914529914 0.07774439102564105 0.09417735042735037
2 0.9550580929487179 0.8067708333333334 0.053425480769230836 0.10072115384615378
2 0.876953125 0.803125 0.07265625 0.08958333333333333
0 0.8390424679487178 0.7987847222222223 0.025040064102564052 0.04201388888888881
1 0.6655391179078014 0.4800389843607929 0.04514073581560289 0.04287711402073094
2 0.8176782852564102 0.32240918803418805 0.08379407051282062 0.08018162393162384
