0 0.6094651442307693 0.655088141025641 0.0454927884615385 0.0610844017094017
0 0.6867988782051283 0.5661057692307694 0.04306891025641022 0.0547542735042736
0 0.4615184294871796 0.4246127136752137 0.0389022435897437 0.051949786324786376
0 0.18750000000000003 0.09401709401709407 0.03605769230769229 0.04807692307692309
0 0.044471153846153855 0.9637954059829059 0.049679487179487225 0.06599893162393163
0 0.0748798076923077 0.6714209401709402 0.0421875 0.058333333333333334
0 0.7689603365384616 0.09583333333333335 0.051141826923076825 0.07916666666666669
1 0.9707532051282051 0.19885149572649574 0.040064102564102554 0.07345085470085472
0 0.21996193910256415 0.18991720085470085 0.031229967948717928 0.04324252136752138
0 0.3086939102564103 0.022970085470085493 0.05208333333333335 0.045940170940170985
3 0.4949919871794872 0.6535790598290598 0.06810897435897445 0.08814102564102567
3 0.2180488782051282 0.9620726495726496 0.05909455128205132 0.0694444444444444
3 0.014623397435897462 0.8044738247863248 0.027243589743589793 0.08549679487179489
3 0.2407251602564103 0.5894764957264959 0.0437900641025641 0.058760683760683816
3 0.8170072115384617 0.22422542735042736 0.0390625 0.04941239316239316
3 0.6080729166666667 0.3524305555555556 0.03826121794871806 0.05475427350427348
0 0.31006610576923077 0.6514556623931624 0.03331330128205132 0.04965277777777786
