0 0.49249799679487183 0.1526709401709402 0.041045673076923174 0.06164529914529912
0 0.46102764423076925 0.3357638888888889 0.0298677884615385 0.04001068376068382
0 0.49120592948717956 0.2741586538461539 0.051642628205128195 0.06172542735042743
0 0.2746394230769231 0.47723023504273504 0.03205128205128207 0.04019764957264963
0 0.233984375 0.5604166666666667 0.05234375 0.06666666666666667
0 0.4671975160256411 0.8632077991452992 0.0455729166666667 0.048157051282051215
2 0.8831129807692308 0.7477297008547009 0.06710737179487189 0.08947649572649574
2 0.21413261217948723 0.5024839743589744 0.07329727564102559 0.059134615384615445
1 0.06759815705128207 0.4451121794871795 0.055508814102564155 0.077724358974359
1 0.291796875 0.628125 0.06484375 0.06458333333333334
1 0.6290765224358974 0.6405181623931624 0.04232772435897436 0.074198717948718
3 0.27814503205128205 0.18482905982905987 0.0891426282051282 0.09081196581196585
0 0.1391426282051282 0.17236912393162396 0.044631410256410264 0.05964209401709407
