0 0.8206630608974359 0.814690170940171 0.02974759615384599 0.043696581196581145
0 0.9171875 0.8159188034188034 0.0359375 0.04375
0 0.5487880608974359 0.9525240384615384 0.024619391025641146 0.035122863247863144
0 0.8099959935897436 0.5036057692307693 0.02704326923076934 0.03819444444444446
0 0.8787259615384617 0.9785122863247864 0.04182692307692317 0.04089209401709404
0 0.2664863782051282 0.6592548076923078 0.04234775641025643 0.05809294871794878
1 0.16655649038461537 0.8022168803418804 0.05859375 0.058333333333333334
0 0.6980669070512822 0.7588141025641026 0.0365584935897437 0.053952991452991365
0 0.930078125 0.0703125 0.02421875 0.028125
3 0.6126502403846155 0.11251335470085472 0.08719951923076934 0.12326388888888891
3 0.5875 0.022395833333333334 0.0546875 0.04479166666666667
3 0.7889623397435898 0.03751335470085473 0.06510416666666678 0.07294337606837613
3 0.87109375 0.04166666666666669 0.07311698717948723 0.08333333333333338
3 0.9138822115384617 0.47505341880341884 0.03962339743589727 0.05523504273504276
3 0.31986177884615385 0.25647702991453 0.04777644230769233 0.05702457264957269
3 0.22090344551282054 0.4295272435897436 0.035356570512820575 0.04746260683760693
3 0.11407251602564106 0.5730635683760684 0.04669471153846159 0.05953525641025645
3 0.055288461538461585 0.740758547008547 0.03806089743589741 0.05267094017094014
3 0.05240384615384617 0.8719818376068376 0.02580128205128208 0.0332799145299146
3 0.4959435096153847 0.5513621794871796 0.056189903846153924 0.07088675213675219
0 0.3605969551282051 0.509909188034188 0.046434294871794936 0.05763888888888893
3 0.3019731570512821 0.7789663461538462 0.05550881410256414 0.069150641025641
