0 0.7367988782051282 0.29318910256410263 0.03321314102564106 0.04503205128205134
0 0.6556590544871795 0.23916933760683762 0.04725560897435903 0.059588675213675245
0 0.7828125 0.28020833333333334 0.0359375 0.04583333333333333
0 0.6619090544871795 0.3768563034188034 0.028745993589743703 0.03795405982905991
0 0.4649439102564103 0.9460470085470085 0.038060897435897446 0.050747863247863144
0 0.21366185897435902 0.7925480769230769 0.03782051282051282 0.05058760683760693
3 0.49248798076923084 0.3415331196581197 0.06109775641025639 0.07654914529914532
3 0.522245592948718 0.09268162393162398 0.05767227564102573 0.07478632478632478
3 0.427734375 0.19427083333333334 0.04296875 0.053125
3 0.4254907852564102 0.17686965811965816 0.0809094551282052 0.1040598290598291
3 0.2540364583333333 0.3080929487179488 0.07526041666666669 0.09535256410256417
3 0.16145833333333334 0.28432158119658124 0.07011217948717947 0.08947649572649577
3 0.34085536858974363 0.7635416666666667 0.0678886217948718 0.09524572649572652
3 0.080859375 0.9536458333333333 0.11171875 0.090625
3 0.16467347756410258 0.5055956196581197 0.028465544871794847 0.032558760683760644
3 0.7378806089743589 0.8318643162393162 0.03305288461538458 0.04407051282051289
3 0.8946314102564102 0.3330662393162394 0.03205128205128194 0.045405982905982904
3 0.6084234775641025 0.2565037393162393 0.09164663461538458 0.12641559829059837
3 0.7487079326923076 0.1649305555555556 0.05346554487179489 0.07451923076923081
3 0.7561698717948718 0.06276709401709404 0.05857371794871806 0.07852564102564107
3 0.9632411858974359 0.04845085470085473 0.03305288461538467 0.043055555555555604
