0 0.5305588942307693 0.4145299145299146 0.04304887820512828 0.05608974358974361
0 0.04964943910256413 0.7089476495726497 0.05935496794871799 0.06821581196581192
0 0.2654947916666667 0.6193643162393163 0.030308493589743656 0.03904914529914526
0 0.260526842948718 0.9705662393162393 0.03623798076923075 0.04978632478632482
0 0.13693910256410255 0.9034188034188034 0.0328125 0.041666666666666664
0 0.33569711538461544 0.8521367521367522 0.03613782051282057 0.0462606837606837
0 0.8038862179487178 0.6756810897435898 0.039262820512820616 0.04660790598290596
0 0.7662159455128206 0.5475827991452992 0.040484775641025726 0.05440705128205134
0 0.8200320512820513 0.39819711538461544 0.06506410256410255 0.08485576923076917
3 0.9119391025641026 0.5459535256410256 0.033493589743589604 0.04698183760683771
3 0.802313701923077 0.7575320512820514 0.056430288461538324 0.07788461538461545
3 0.694891826923077 0.8342280982905983 0.04090544871794881 0.05002670940170937
3 0.42178485576923086 0.35357905982905985 0.04224759615384617 0.05512820512820517
0 0.3649439102564103 0.9758413461538462 0.043749999999999956 0.046233974358974333
0 0.644921875 0.3776041666666667 0.04921875 0.06145833333333333
1 0.3664763621794872 0.4099626068376068 0.0787459935897437 0.0839209401709402
3 0.48984375 0.44895833333333335 0.040625 0.058333333333333334
1 0.2629607371794872 0.3095886752136752 0.06342147435897441 0.08167735042735048
1 0.67890625 0.23229166666666667 0.046875 0.06666666666666667
1 0.5195813301282051 0.043229166666666666 0.05859375 0.06354166666666666
