0 0.25750596302921885 0.11615949860862651 0.021688655336911156 0.030520150069568684
0 0.05569585755813953 0.11465600775193797 0.02832485465116278 0.04442829457364342
0 0.10774890988372092 0.5219597868217054 0.03762718023255816 0.05191375968992246
0 0.05837572674418603 0.44658430232558133 0.02245639534883722 0.029796511627907012
0 0.08849018895348837 0.437390988372093 0.017242005813953465 0.02274709302325585
0 0.009615384615384637 0.37560096153846156 0.019230769230769273 0.032451923076923114
0 0.5688953488372093 0.6991884689922482 0.035719476744186095 0.034520348837209384
0 0.4221021075581396 0.8899588178294574 0.0331577034883721 0.05026647286821699
0 0.21512536337209304 0.8245033914728682 0.031958575581395324 0.03703972868217065
0 0.27926962209302325 0.7888323643410852 0.03993459302325575 0.046608527131783005
0 0.10515079941860465 0.8550872093023256 0.03297601744186043 0.04249031007751943
0 0.337109375 0.3958333333333333 0.02890625 0.0375
0 0.362281976744186 0.4957606589147287 0.02380087209302322 0.028343023255813962
0 0.9296875 0.24285368217054265 0.04178779069767451 0.059350775193798486
0 0.473046875 0.0171875 0.04453125 0.034375
0 0.7243822674418605 0.477531492248062 0.016351744186046523 0.023619186046511646
0 0.920703125 0.6765625 0.03359375 0.051041666666666666
1 0.9338322711687539 0.9575491328761677 0.0434909809183063 0.05437847843371107
1 0.7296057412790697 0.8793604651162791 0.04769258720930232 0.06782945736434118
1 0.5181686046511629 0.9005571705426356 0.03997093023255811 0.0654069767441861
1 0.5951401311866429 0.8927083333333333 0.065625 0.06041666666666667
1 0.4140625 0.9552083333333333 0.0453125 0.075
1 0.3496457122093023 0.8939195736434108 0.052707122093023265 0.03992248062015508
1 0.15967478197674417 0.756843507751938 0.035664970930232555 0.05971414728682175
1 0.18859920058139532 0.6428657945736435 0.0441315406976744 0.07328003875968996
1 0.03482013081395348 0.5824370155038759 0.04464026162790695 0.06695736434108532
1 0.521875 0.47077277131782946 0.02619912790697674 0.06620639534883725
1 0.10757630813953487 0.025738856589147287 0.05265261627906974 0.051477713178294575
1 0.7908702761627907 0.3291545542635659 0.05325218023255829 0.0744912790697675
1 0.9075218023255814 0.11699680729477241 0.07521802325581409 0.08577382727092031
1 0.8629178779069768 0.44758963178294575 0.06177325581395347 0.0604893410852713
1 0.762263808139535 0.4645591085271318 0.04578488372093022 0.08226744186046513
1 0.891015625 0.6916666666666667 0.05078125 0.07083333333333333
1 0.9463844476744185 0.7927083333333333 0.04382267441860481 0.07034883720930243
1 0.2692587209302325 0.9220566860465117 0.07721656976744189 0.06601259689922484
1 0.454296875 0.18020833333333333 0.05390625 0.07083333333333333
1 0.486328125 0.19479166666666667 0.07265625 0.058333333333333334
2 0.9081486191860465 0.34806201550387594 0.06215479651162781 0.11782945736434111
2 0.5594658430232557 0.35635901162790695 0.08455668604651168 0.09396802325581396
2 0.31899527616279066 0.1498667635658915 0.061319040697674465 0.06606104651162793
2 0.054187863372093005 0.20076308139534885 0.06313590116279069 0.06843507751937986
2 0.81171875 0.6953125 0.0546875 0.10104166666666667
2 0.80625 0.43385416666666665 0.046875 0.071875
2 0.46655159883720926 0.4351017441860465 0.06845930232558137 0.08062015503875972
2 0.3348928052325581 0.2521075581395349 0.05314316860465116 0.06453488372093025
2 0.165625 0.22708333333333333 0.0734375 0.05625
2 0.1639080668604651 0.16808381782945733 0.07261991279069765 0.058793604651162776
2 0.137890625 0.19270833333333334 0.05390625 0.06458333333333334
1 0.37048510174418603 0.34408914728682166 0.04645712209302322 0.049467054263565895
2 0.22466388081395347 0.37370397286821705 0.05194404069767442 0.0786579457364341
2 0.4270984738372093 0.5925993217054264 0.08221293604651167 0.09992732558139536
0 0.5811773255813953 0.1738735465116279 0.03154069767441854 0.06165213178294575
0 0.10074491279069767 0.97640503875969 0.04996366279069768 0.04752906976744195
1 0.4386355377906977 0.7832727713178295 0.04278706395348841 0.06499515503875959
1 0.4141533430232558 0.7245881782945738 0.04996366279069768 0.06109496124031004
1 0.1414880087209302 0.5161942829457364 0.03025072674418603 0.05288275193798455
3 0.8322583575581396 0.17684108527131784 0.01498909883720927 0.018168604651162774
3 0.775524793157424 0.24580010186841583 0.03852163461538467 0.04619049393758701
3 0.7060343060524747 0.12942413287616775 0.026703190220631966 0.03548312959650167
3 0.3875943369856887 0.18485204233750746 0.03585783765652954 0.050596302921884315
3 0.308984375 0.0546875 0.04609375 0.051041666666666666
3 0.277734375 0.0546875 0.04921875 0.06145833333333333
3 0.302734375 0.019270833333333334 0.02109375 0.028125
3 0.28006671138938577 0.46298418554959253 0.031981402802623696 0.04665759789306302
3 0.4772859831544425 0.711906492248062 0.036343731365533746 0.04542151162790707
3 0.28508357558139535 0.7547359496124031 0.040116279069767426 0.0457606589147287
3 0.22170239825581395 0.7855135658914728 0.016079215116279057 0.025387596899224835
3 0.6739643895348838 0.9753875968992248 0.017260174418604633 0.024757751937984553
3 0.8875 0.8515625 0.025 0.028125
1 0.8601380813953489 0.5891109496124031 0.03462936046511622 0.054820736434108494
1 0.90546875 0.875 0.0515625 0.058333333333333334
1 0.7773137019230769 0.781116452991453 0.043810096153846165 0.06276709401709392
1 0.638562863372093 0.6724442829457364 0.04809229651162798 0.060150193798449554
1 0.7304960029069768 0.5929142441860465 0.04500363372093021 0.06417151162790695
1 0.6873273982558139 0.6174418604651163 0.061391715116279055 0.0744670542635659
1 0.7825218023255814 0.5844234496124031 0.04996366279069768 0.05571705426356589
1 0.8228288517441861 0.6296753875968992 0.03246729651162781 0.046899224806201546
1 0.5193495639534884 0.7958091085271318 0.05305232558139537 0.05082364341085276
1 0.3492005813953488 0.8421148255813954 0.032703488372093005 0.03573158914728675
0 0.8033954326923076 0.8015491452991452 0.030228365384615506 0.040598290598290634
0 0.6806686046511627 0.6507146317829456 0.01838662790697674 0.028512596899224838
0 0.5171420784883721 0.7585634689922481 0.016115552325581282 0.020033914728682232
0 0.5738917151162791 0.9860949612403102 0.028779069767441802 0.025726744186046466
0 0.328515625 0.9848958333333333 0.02578125 0.028125
0 0.6427749515503877 0.9065285852713179 0.022407945736434166 0.03529554263565894
0 0.44364098837209304 0.6685562015503876 0.02718023255813957 0.03643410852713179
1 0.22966933139534884 0.23401162790697677 0.04829215116279064 0.06976744186046512
1 0.107421875 0.7151041666666667 0.04453125 0.046875
0 0.5823946220930233 0.6145212184456371 0.019622093023255793 0.020957563108725808
3 0.09634811046511627 0.22707122093023255 0.020603197674418594 0.02550872093023256
0 0.1374000726744186 0.3412063953488372 0.020257994186046503 0.02616279069767445
0 0.366015625 0.26614583333333336 0.03984375 0.05520833333333333
3 0.35267986918604655 0.47141472868217055 0.021493459302325622 0.025920542635658884
0 0.385546875 0.013541666666666667 0.02578125 0.027083333333333334
0 0.6374454941860466 0.38596172480620156 0.016715116279069873 0.026283914728682235
1 0.9926144622093023 0.7158672480620154 0.013208575581395366 0.055765503875968986
3 0.14463117732558137 0.9769258720930232 0.03668241279069766 0.046245155038759714
