1 0.6965945512820514 0.8345352564102565 0.07355769230769234 0.10817307692307689
1 0.5801782852564102 0.702323717948718 0.09004407051282053 0.08146367521367519
1 0.737880608974359 0.5100160256410257 0.09515224358974361 0.12419871794871794
1 0.548798076923077 0.8079594017094017 0.08669871794871797 0.11324786324786326
2 0.2225661057692308 0.17946047008547011 0.10018028846153841 0.12558760683760686
2 0.09088541666666669 0.3746394230769231 0.09322916666666661 0.13052884615384622
2 0.7885116185897436 0.32932692307692313 0.11608573717948723 0.11698717948717956
0 0.633984375 0.15520833333333334 0.05078125 0.07708333333333334
0 0.140625 0.24583333333333332 0.04375 0.058333333333333334
0 0.167578125 0.29375 0.06171875 0.06666666666666667
1 0.26328125 0.2557291666666667 0.05 0.06354166666666666
