3 0.8282952724358974 0.2689636752136752 0.1186498397435896 0.15758547008547003
3 0.8831129807692308 0.04634081196581199 0.08713942307692299 0.09268162393162398
3 0.7208533653846155 0.22021901709401712 0.08513621794871798 0.10817307692307694
3 0.6831029647435898 0.32116720085470085 0.06448317307692317 0.08522970085470091
3 0.824969951923077 0.49107905982905986 0.07321714743589762 0.0926282051282051
3 0.8530548878205128 0.6640357905982907 0.08715945512820529 0.1153044871794871
3 0.7141426282051283 0.8039529914529915 0.06650641025641031 0.08920940170940182
3 0.6051682692307694 0.9032585470085471 0.03205128205128203 0.04551282051282044
3 0.4924979967948719 0.873931623931624 0.03904246794871798 0.050747863247863144
3 0.6462840544871795 0.4752003205128206 0.05598958333333339 0.07363782051282061
3 0.4662459935897436 0.3813701923076923 0.047475961538461585 0.06364850427350431
3 0.457001201923077 0.2198450854700855 0.039923878205128195 0.052831196581196595
3 0.39676482371794886 0.32223557692307697 0.026181891025640967 0.03501602564102567
3 0.21709735576923078 0.24425747863247868 0.060997596153846166 0.08146367521367524
3 0.15471754807692312 0.8080128205128204 0.017487980769230794 0.02500000000000012
2 0.839453125 0.3651041666666667 0.16953125 0.140625
0 0.08738982371794875 0.21339476495726498 0.04196714743589749 0.04436431623931627
0 0.08671875 0.34270833333333334 0.0265625 0.03958333333333333
3 0.061077724358974385 0.32638888888888895 0.04050480769230774 0.053418803418803465
3 0.02130408653846156 0.3786324786324787 0.037920673076923116 0.050427350427350484
3 0.22283653846153845 0.33239850427350437 0.055528846153846255 0.07077991452991454
