0 0.6227175602175603 0.8279611013986014 0.027000777000777097 0.03599698912198915
0 0.46334832702020207 0.9025673400673401 0.03605587121212119 0.05092592592592583
0 0.9098157051282051 0.2325721153846154 0.03036858974358978 0.038060897435897474
2 0.46765127233877235 0.7185274216524217 0.0795333139083139 0.11387108262108256
2 0.9286858974358975 0.9119925213675214 0.08012820512820511 0.13755341880341873
2 0.7640351835664336 0.45726091038591044 0.0659952894327894 0.09347481222481212
2 0.828125 0.10260416666666666 0.1 0.103125
3 0.82421875 0.121875 0.059375 0.07708333333333334
3 0.5824400436046512 0.5518938829258597 0.06949491279069768 0.09119086662691321
3 0.6771306818181818 0.6819339225589225 0.11511994949494948 0.15759680134680126
3 0.15444711538461545 0.05303151709401712 0.06810897435897431 0.08464209401709406
3 0.018629807692307716 0.05301816239316241 0.03725961538461543 0.10603632478632483
1 0.9455729166666668 0.2698450854700855 0.06638621794871806 0.06768162393162402
1 0.651235465116279 0.5667781628900815 0.048183139534883776 0.06557158119658103
1 0.16466072989510488 0.5339415792540793 0.06599104020979021 0.10503350815850816
1 0.14510489510489513 0.5946435508935508 0.04305069930069929 0.0547397047397047
1 0.54453125 0.9692708333333333 0.0765625 0.059375
1 0.19158653846153845 0.2060897435897436 0.0479166666666667 0.08301282051282052
0 0.7291266025641026 0.9540865384615385 0.0636217948717949 0.08974358974358979
0 0.3436698717948718 0.25619658119658123 0.03221153846153846 0.041559829059829134
