0 0.9064719402315721 0.3418871629702109 0.03383429142204832 0.053351951511198044
0 0.9416952054794521 0.19257277397260275 0.0296875 0.046875
0 0.9192048373287671 0.3912100456621005 0.019895119863013733 0.027796803652968015
0 0.77734375 0.34737103174603173 0.03608630952380949 0.04533730158730158
0 0.3178385416666667 0.05746527777777778 0.022656250000000044 0.03229166666666667
0 0.395703125 0.11770833333333333 0.02421875 0.03333333333333333
0 0.5950502996575342 0.22465753424657534 0.014586900684931514 0.02151826484018269
0 0.423828125 0.46197916666666666 0.02265625 0.034375
0 0.5817307692307693 0.5640224358974361 0.022836538461538502 0.03221153846153856
0 0.9154002568493151 0.6137390601217656 0.03178510273972588 0.036505898021309
0 0.12579460470085468 0.8659989316239316 0.020579594017093993 0.030822649572649515
0 0.16084401709401708 0.9454193376068376 0.023931623931623937 0.03223824786324793
0 0.35026041666666663 0.8982861467236468 0.036979166666666695 0.04409722222222214
0 0.3755993150684932 0.6473744292237443 0.019777397260273943 0.032020547945205514
0 0.8583333333333332 0.023263888888888893 0.014583333333333393 0.01597222222222222
0 0.7572358630952382 0.49441964285714285 0.03165922619047619 0.042410714285714295
2 0.9004815924657535 0.7008490296803652 0.060380993150685035 0.07778253424657547
2 0.5396992722602739 0.7625499429223744 0.06614940068493161 0.08134988584474882
2 0.44829302226027395 0.7261130136986301 0.05497645547945203 0.07694063926940634
2 0.18489583333333331 0.5991319444444444 0.08020833333333335 0.11215277777777785
2 0.2733573717948718 0.619480056980057 0.09137286324786324 0.07514245014245008
2 0.04296875 0.7053879310344828 0.0546875 0.0795258620689656
2 0.15968031609195404 0.7931693007662836 0.05563936781609202 0.07996886973180087
2 0.67265625 0.0921875 0.0671875 0.084375
2 0.026400862068965525 0.22798132183908043 0.05280172413793105 0.07887931034482752
2 0.03952047413793103 0.5262212643678161 0.06966594827586206 0.12535919540229892
2 0.5086825221724622 0.3286143674628264 0.053268517298911175 0.07878724680950704
2 0.5846699925360028 0.4885530090153379 0.07263621794871797 0.0757478632478632
2 0.775 0.026041666666666668 0.0921875 0.052083333333333336
1 0.23952323717948723 0.11181891025641028 0.045953525641025596 0.06322115384615389
1 0.9609482020547946 0.7459831621004567 0.054130993150684856 0.07452910958904108
1 0.70703125 0.803125 0.053125 0.07083333333333333
1 0.40494791666666663 0.874661680911681 0.050520833333333307 0.06912393162393163
1 0.9813088613013697 0.2049158105022831 0.03581977739726039 0.10358162100456617
1 0.3786057692307693 0.25654380341880345 0.03846153846153846 0.07558760683760687
2 0.4998397435897436 0.15478098290598294 0.06842948717948723 0.06543803418803414
0 0.05740840517241379 0.15201149425287355 0.02268318965517242 0.03139367816091957
1 0.836328125 0.9104166666666667 0.04296875 0.05416666666666667
3 0.9557416523972602 0.8059075342465754 0.03671874999999982 0.05171232876712336
0 0.8016183035714285 0.5865575396825397 0.013950892857142882 0.027281746031745987
1 0.262109375 0.5140625 0.04140625 0.06354166666666666
2 0.7214041095890411 0.3461472602739726 0.044691780821917784 0.06187214611872148
0 0.71875 0.4109375 0.0328125 0.042708333333333334
0 0.21328125 0.06197916666666667 0.0171875 0.019791666666666666
0 0.38786725427350427 0.777960292022792 0.018603098290598342 0.027056623931624082
0 0.474609375 0.6114583333333333 0.02421875 0.03125
0 0.7640625 0.8833333333333333 0.03125 0.03958333333333333
0 0.606640625 0.8375 0.01640625 0.020833333333333332
0 0.22348424145299145 0.8200097934472936 0.014837072649572658 0.023085826210826235
