0 0.901141826923077 0.5714476495726496 0.02904647435897445 0.04674145299145304
0 0.9306790865384617 0.8026442307692307 0.029266826923076826 0.03413461538461533
0 0.7601252913752914 0.5781492812742813 0.025203962703962544 0.03309537684537674
0 0.9458233173076923 0.10476762820512822 0.02982772435897445 0.04527243589743593
0 0.4086438301282051 0.08254540598290601 0.02846554487179498 0.05766559829059833
0 0.0658052884615385 0.5086805555555556 0.045072115384615384 0.05475427350427348
0 0.32220552884615383 0.5734508547008548 0.02902644230769229 0.03739316239316229
0 0.3741586538461538 0.6333867521367522 0.02331730769230771 0.029059829059828957
0 0.47871594551282054 0.45260035103785096 0.020990728021977923 0.03130723443223449
0 0.2650841346153846 0.4117120726495727 0.02295673076923075 0.029674145299145374
0 0.19650548019688646 0.8775040064102565 0.023841718177655614 0.038146749084249025
0 0.25277622767857144 0.9517485119047618 0.022907366071428605 0.031026785714285646
0 0.21232972756410257 0.7747729700854702 0.02578125 0.03854166666666667
0 0.2190104166666667 0.24594017094017095 0.04114583333333335 0.058119658119658094
0 0.5786458333333334 0.26183035714285713 0.032440476190476186 0.045783730158730114
0 0.583203125 0.19375 0.02578125 0.03125
1 0.6140625 0.5789930555555555 0.0328125 0.0711805555555556
1 0.6609375 0.5161458333333333 0.0421875 0.042708333333333334
1 0.6223099816849818 0.4909188034188034 0.03182234432234443 0.04594017094017087
1 0.6372209821428572 0.31133432539682543 0.029129464285714234 0.04598214285714288
1 0.6075220352564102 0.17148771367521368 0.042768429487179474 0.05077457264957263
1 0.8255108173076924 0.22379807692307693 0.03407451923076934 0.047596153846153864
1 0.921875 0.8848958333333333 0.040625 0.07395833333333333
1 0.13191105769230774 0.05795940170940176 0.03305288461538462 0.07478632478632478
1 0.40625 0.390625 0.04375 0.06666666666666667
2 0.323046875 0.16666666666666666 0.05859375 0.075
2 0.347245592948718 0.34658119658119657 0.057071314102564094 0.09316239316239319
2 0.4018629807692308 0.7118990384615385 0.08810096153846159 0.10504807692307701
2 0.6547475961538461 0.9027644230769231 0.06911057692307691 0.1159455128205129
2 0.7278645833333334 0.7724358974358976 0.05909455128205119 0.08547008547008553
2 0.5151141826923077 0.9558092948717949 0.05991586538461542 0.08629807692307688
2 0.39296875 0.8223958333333333 0.0734375 0.10520833333333333
2 0.044921875 0.1625 0.08984375 0.15625
2 0.16796875000000003 0.40117521367521375 0.06310096153846154 0.08279914529914531
2 0.591796875 0.728125 0.09453125 0.06666666666666667
2 0.5661558493589745 0.6696047008547009 0.09425080128205118 0.09081196581196581
1 0.7111578525641026 0.46461004273504275 0.0504407051282052 0.07879273504273504
1 0.5050080128205129 0.10536858974358979 0.04206730769230767 0.07077991452991453
0 0.2823116987179487 0.7475961538461537 0.03874198717948722 0.05502136752136752
0 0.9626519097222221 0.6033564814814815 0.024696180555555714 0.04212962962962964
0 0.975390625 0.3689525462962963 0.02578125 0.04751157407407411
0 0.8723257211538462 0.7194310897435898 0.030588942307692334 0.03822115384615377
0 0.633203125 0.010416666666666666 0.03203125 0.020833333333333332
1 0.8643229166666666 0.9455150462962963 0.038541666666666786 0.10688657407407405
1 0.981640625 0.8161458333333333 0.03515625 0.057291666666666664
0 0.136328125 0.3203125 0.04140625 0.03854166666666667
0 0.4571614583333334 0.3404761904761905 0.04029017857142856 0.036309523809523785
