2 0.8365141802641803 0.1882260101010101 0.05213189588189593 0.12228535353535355
2 0.5484375 0.5078125 0.0875 0.103125
2 0.040164262820512844 0.4298744658119658 0.08032852564102569 0.08683226495726502
2 0.07632211538461545 0.35977564102564114 0.08213141025641027 0.06143162393162391
2 0.039162660256410284 0.15277777777777782 0.07832532051282057 0.10683760683760683
2 0.14793669871794873 0.7619925213675214 0.07311698717948723 0.0743055555555556
2 0.40170272435897436 0.7262820512820514 0.07039262820512829 0.059935897435897445
2 0.4380408653846154 0.9678285256410256 0.0864182692307692 0.06225961538461533
2 0.803485576923077 0.35009348290598297 0.06209935897435894 0.059428418803418794
2 0.280078125 0.2578125 0.07421875 0.10520833333333333
2 0.265234375 0.35052083333333334 0.05859375 0.071875
2 0.33515625 0.27447916666666666 0.0484375 0.078125
2 0.122265625 0.24947916666666667 0.06015625 0.103125
2 0.44841746794871795 0.04861111111111116 0.05909455128205128 0.06410256410256411
2 0.367948717948718 0.4451522435897436 0.053766025641025686 0.08261217948717944
0 0.594140625 0.5192708333333333 0.03046875 0.04895833333333333
0 0.7874605429292929 0.18012375356125354 0.0282039141414141 0.03617343304843308
0 0.7809461805555555 0.2493108164983165 0.03059501262626263 0.05062079124579123
0 0.6006144715265356 0.21803412591930035 0.03132919648181272 0.037526709401709366
0 0.5660125968992248 0.2927931201550387 0.025133236434108495 0.0357800387596899
0 0.5778245192307693 0.08679220085470088 0.02864583333333339 0.041159188034188075
0 0.4769622093023256 0.31476501937984497 0.028815406976744208 0.03665213178294569
0 0.32159338662790693 0.12302567829457364 0.023419331395348797 0.03495639534883721
0 0.37134135547107927 0.2760099880739416 0.029301300685748367 0.037242844364937404
0 0.1918808411214954 0.27235202492211835 0.029205607476635566 0.047196261682242974
0 0.29316907051282054 0.5267094017094017 0.02904647435897436 0.0427350427350427
0 0.3491858936915888 0.666726825225657 0.03131571261682238 0.04310398194743996
0 0.3953325320512821 0.6495192307692308 0.031049679487179606 0.04262820512820511
0 0.6101762820512822 0.7637553418803419 0.03605769230769233 0.04941239316239307
0 0.8410456730769231 0.7597489316239316 0.04306891025641022 0.05475427350427348
0 0.9626972853535353 0.6266624579124579 0.025363005050505018 0.03244949494949504
0 0.634765625 0.47760416666666666 0.02734375 0.040625
0 0.22706330128205132 0.9607371794871795 0.02904647435897436 0.04540598290598285
0 0.11909054487179489 0.938034188034188 0.02744391025641022 0.04273504273504282
0 0.04609375 0.6942708333333333 0.0265625 0.042708333333333334
0 0.051171875 0.7328125 0.02890625 0.036458333333333336
2 0.09238782051282053 0.6957532051282052 0.06602564102564105 0.0736645299145298
1 0.4664463141025642 0.38247863247863256 0.08313301282051286 0.07478632478632481
1 0.5315679505813954 0.4330062984496124 0.03769985465116275 0.05205910852713179
1 0.3903245192307693 0.527724358974359 0.03505608974358974 0.08878205128205134
1 0.46444310897435903 0.5483306623931624 0.04106570512820511 0.047569444444444525
1 0.7479670503108002 0.4598104441854442 0.05551791958041967 0.050496956746956735
1 0.7518429487179488 0.27096688034188043 0.03693910256410247 0.06543803418803422
1 0.9746725063131313 0.3111005892255892 0.04909248737373737 0.06803451178451177
1 0.6471785159285159 0.4264843952343952 0.029822261072261113 0.06664400414400411
1 0.5540865384615385 0.7410523504273505 0.06810897435897437 0.057425213675213624
1 0.41536458333333337 0.789196047008547 0.037059294871794934 0.06797542735042737
1 0.4975761217948718 0.9785122863247864 0.03890224358974361 0.04089209401709404
1 0.526953125 0.8791666666666667 0.03671875 0.07291666666666667
1 0.562890625 0.8989583333333333 0.03984375 0.0625
2 0.9046875 0.8328125 0.0796875 0.08229166666666667
1 0.647265625 0.525 0.07578125 0.05625
2 0.1824919871794872 0.5133547008547008 0.10616987179487176 0.10149572649572645
0 0.233984375 0.38958333333333334 0.02109375 0.029166666666666667
1 0.876953125 0.9010416666666666 0.04453125 0.075
1 0.7478265224358974 0.9760950854700855 0.04120592948717956 0.04407051282051289
