1 0.224609375 0.1328125 0.03203125 0.036458333333333336
1 0.278515625 0.17135416666666667 0.04296875 0.07395833333333333
1 0.043212890625 0.44965006510416666 0.0478515625 0.067333984375
1 0.8 0.6911458333333333 0.0390625 0.07395833333333333
1 0.82265625 0.2994791666666667 0.04375 0.04479166666666667
2 0.97109375 0.5494791666666666 0.05625 0.121875
2 0.87265625 0.3776041666666667 0.0859375 0.13854166666666667
2 0.8243955954527245 0.23399251302083332 0.09239470653044872 0.09868164062500002
2 0.14935459234775644 0.1449951171875 0.06994315905448714 0.1346516927083333
2 0.05064697265625 0.21739095052083332 0.0903564453125 0.1110514322916667
2 0.307421875 0.303125 0.07109375 0.09791666666666667
2 0.131640625 0.43645833333333334 0.07578125 0.10208333333333333
2 0.243359375 0.2635416666666667 0.06953125 0.0875
2 0.21420053335336542 0.7693319728231837 0.10748760516826916 0.11304545606303419
2 0.40390625 0.934375 0.0796875 0.11666666666666667
2 0.6896634615384616 0.8631009615384616 0.10745192307692317 0.10921474358974355
2 0.9133814102564102 0.8239583333333333 0.0828125 0.10208333333333333
2 0.409375 0.49895833333333334 0.065625 0.10625
2 0.3171875 0.4010416666666667 0.0796875 0.09375
1 0.537451171875 0.20249837239583332 0.04814453125 0.05382486979166664
1 0.57271728515625 0.14200032552083333 0.0764892578125 0.0592610677083333
2 0.934423828125 0.25259602864583336 0.043994140625 0.09685872395833334
2 0.223046875 0.8598958333333333 0.05546875 0.06979166666666667
2 0.11474358974358975 0.9735443376068377 0.05136217948717951 0.049172008547008636
0 0.5308164938902245 0.6560302734375 0.01990998096955119 0.030550130208333335
0 0.375 0.371875 0.040625 0.04791666666666667
0 0.14234264184397163 0.29979314420803777 0.038785460992907805 0.05023640661938534
