0 0.308203125 0.6994791666666667 0.04765625 0.06145833333333333
0 0.1313601762820513 0.06888354700854701 0.0361578525641026 0.047596153846153906
0 0.12762419871794872 0.7016025641025642 0.03962339743589745 0.061538461538461556
3 0.881610576923077 0.5707799145299146 0.11017628205128212 0.1495726495726495
3 0.93671875 0.6359375 0.03125 0.040625
3 0.8173076923076923 0.9267895299145299 0.05448717948717956 0.0705662393162393
3 0.8813902243589744 0.9036858974358974 0.021594551282051278 0.03012820512820511
3 0.7537860576923078 0.9007879273504272 0.047315705128205286 0.0638087606837607
3 0.6181891025641025 0.9150373931623932 0.07011217948717947 0.0887286324786326
3 0.4113481570512822 0.8376201923076924 0.06312099358974348 0.08597756410256423
3 0.47717347756410255 0.42721688034188027 0.06328125 0.08958333333333333
3 0.36444310897435894 0.44646100427350427 0.0447516025641026 0.05900106837606843
3 0.29917868589743596 0.358440170940171 0.037059294871794844 0.05341880341880341
3 0.3766526442307693 0.12355769230769233 0.038361378205128235 0.050427350427350456
3 0.5530749198717949 0.18047542735042738 0.03607772435897445 0.05411324786324787
3 0.43386418269230764 0.43711271367521365 0.04765625 0.06979166666666667
3 0.6438601762820513 0.12483974358974362 0.018770032051282203 0.02649572649572652
3 0.36016626602564106 0.5888354700854701 0.02526041666666674 0.0360042735042736
