1 0.3000279017857143 0.7785218253968254 0.02885044642857144 0.06250000000000012
1 0.6515811011904762 0.5144097222222223 0.034635416666666606 0.056498015873015874
1 0.484765625 0.49652777777777773 0.06171875 0.06845238095238096
1 0.17485119047619047 0.7 0.04687499999999998 0.05416666666666667
1 0.1391090029761905 0.9528025793650793 0.034468005952380976 0.07772817460317458
0 0.55390625 0.5255208333333333 0.040625 0.04479166666666667
0 0.7255208333333334 0.6731646825396825 0.03556547619047619 0.04851190476190474
0 0.05186941964285715 0.3843998015873016 0.03409598214285716 0.039732142857142945
0 0.21989468864468864 0.16691468253968253 0.043841575091575005 0.057043650793650764
0 0.12563244047619046 0.05121527777777778 0.03891369047619046 0.04836309523809523
0 0.46501116071428567 0.05845734126984126 0.020870535714285765 0.027926587301587303
0 0.494140625 0.0234375 0.01796875 0.030208333333333334
0 0.30673363095238093 0.22351190476190474 0.026413690476190466 0.03908730158730158
0 0.5769903273809524 0.18988095238095237 0.027566964285714323 0.04484126984126983
0 0.5547805059523808 0.23365575396825394 0.03627232142857144 0.038640873015873
0 0.4324032738095238 0.3682043650793651 0.036979166666666605 0.04533730158730164
0 0.39614955357142856 0.5144593253968254 0.029278273809523858 0.04102182539682554
0 0.4243489583333334 0.5282242063492063 0.027418154761904744 0.03333333333333333
0 0.26518787202380956 0.33690476190476193 0.018545386904761908 0.028075396825396896
0 0.12265625 0.7109375 0.0359375 0.051041666666666666
2 0.7075520833333333 0.15590277777777778 0.10572916666666661 0.15843253968253965
2 0.7364769345238095 0.609077380952381 0.06871279761904762 0.08144841269841266
2 0.657421875 0.828125 0.09921875 0.15208333333333332
2 0.585546875 0.8541666666666666 0.07421875 0.12916666666666668
2 0.6257626488095238 0.6750992063492062 0.1075520833333334 0.1314484126984129
1 0.662890625 0.70625 0.04140625 0.10625
1 0.4911644345238095 0.6721230158730158 0.035528273809523815 0.08630952380952385
0 0.203125 0.409375 0.0265625 0.035416666666666666
0 0.273828125 0.9848958333333333 0.02734375 0.028125
1 0.7574776785714286 0.35248015873015875 0.04159226190476186 0.0867063492063492
1 0.24619605654761906 0.8788690476190477 0.056529017857142885 0.057738095238095255
0 0.5921875 0.74375 0.0203125 0.020833333333333332
0 0.6933779761904761 0.42398313492063494 0.013244047619047628 0.016617063492063502
1 0.022832961309523822 0.7787202380952382 0.045665922619047644 0.07202380952380961
0 0.564453125 0.7494791666666667 0.04140625 0.051041666666666666
0 0.70390625 0.06666666666666667 0.0375 0.035416666666666666
0 0.45482772435897445 0.9157451923076924 0.02784455128205119 0.041907051282051334
