0 0.36942107371794874 0.6579326923076924 0.02277644230769238 0.028685897435897563
0 0.4329226762820513 0.6808627136752137 0.020092147435897358 0.02785790598290596
0 0.4926782852564102 0.7401575854700854 0.026662660256410307 0.03426816239316241
0 0.6324719551282051 0.677550747863248 0.02255608974358969 0.03218482905982908
0 0.5669721554487179 0.5908787393162392 0.02681290064102564 0.027911324786324816
0 0.5421925080128205 0.5671073717948718 0.037810496794871896 0.040731837606837594
0 0.6744891826923076 0.5868055555555556 0.02445913461538458 0.03472222222222214
0 0.7218149038461539 0.6969818376068377 0.029126602564102645 0.04941239316239307
0 0.7649238782051283 0.4368856837606838 0.03305288461538467 0.04342948717948728
0 0.8792317708333333 0.30060763888888886 0.024956597222222144 0.031307870370370354
0 0.8653645833333334 0.18796741452991453 0.024479166666666784 0.030315170940170895
0 0.552734375 0.017708333333333333 0.03515625 0.035416666666666666
0 0.4549278846153847 0.04660790598290602 0.024038461538461498 0.03071581196581196
0 0.53828125 0.042708333333333334 0.025 0.03333333333333333
0 0.3490184294871795 0.08635149572649574 0.03553685897435899 0.03936965811965817
0 0.30507311698717954 0.41085737179487175 0.02376802884615392 0.030048076923076945
0 0.31150340544871796 0.5777911324786326 0.025931490384615417 0.03672542735042737
0 0.23227163461538458 0.7960470085470085 0.03345352564102559 0.04626068376068382
0 0.07330729166666668 0.7520833333333333 0.02682291666666666 0.0375
0 0.49551282051282053 0.8233618233618233 0.029807692307692334 0.03846153846153856
0 0.5311197916666667 0.9811832264957265 0.04192708333333339 0.035550213675213625
0 0.5580929487179487 0.8205128205128206 0.014022435897435858 0.024038461538461557
0 0.6523504273504275 0.8145922364672364 0.018215811965812012 0.02590811965811947
1 0.18261718750000006 0.3390758547008547 0.04632411858974359 0.0507478632478632
1 0.2606169871794872 0.4465811965811966 0.028545673076923083 0.04807692307692305
1 0.26415264423076923 0.7853498931623932 0.032992788461538504 0.06055021367521363
1 0.4133613782051283 0.858573717948718 0.037059294871794934 0.06276709401709392
1 0.5231620592948719 0.374465811965812 0.053836137820512865 0.042735042735042764
1 0.758193108974359 0.03203792735042737 0.04451121794871806 0.041159188034188075
1 0.7797019675925926 0.7484963596074707 0.043412422839506346 0.04055872111427661
1 0.081640625 0.9322916666666666 0.03515625 0.08125
3 0.9707532051282051 0.06730769230769236 0.04206730769230767 0.0560897435897436
3 0.2776442307692308 0.9600694444444445 0.040064102564102554 0.04674145299145292
1 0.093359375 0.7390625 0.02734375 0.05520833333333333
