0 0.962109375 0.5385416666666667 0.03828125 0.05416666666666667
0 0.6039463141025643 0.6211404914529914 0.04451121794871797 0.0568643162393163
1 0.6161858974358976 0.37179487179487186 0.050080128205128104 0.05074786324786326
2 0.43301282051282053 0.19871794871794873 0.08790064102564106 0.10256410256410252
2 0.33673878205128205 0.3177083333333333 0.10616987179487176 0.1482371794871795
1 0.84296875 0.46927083333333336 0.0578125 0.08854166666666667
1 0.536338141025641 0.25578258547008553 0.0655448717948719 0.095806623931624
1 0.624198717948718 0.8427483974358975 0.054086538461538505 0.0810630341880343
0 0.76015625 0.36041666666666666 0.0484375 0.07083333333333333
0 0.024609375 0.6796875 0.04921875 0.090625
