0 0.6187800480769231 0.36407585470085474 0.030869391025641058 0.03947649572649574
0 0.5059294871794873 0.3720886752136752 0.03221153846153859 0.03947649572649574
0 0.08326322115384618 0.09130608974358977 0.04020432692307698 0.05616987179487184
0 0.8232772435897436 0.14503205128205127 0.040544871794871894 0.05288461538461542
0 0.5420973557692308 0.7845219017094017 0.036117788461538416 0.045539529914529926
3 0.7871594551282051 0.9232905982905983 0.05869391025641022 0.07756410256410268
3 0.6669270833333334 0.8157318376068375 0.030729166666666696 0.04428418803418808
3 0.07171474358974361 0.4790731837606838 0.05528846153846158 0.0658920940170941
3 0.22847556089743595 0.5674011752136752 0.050260416666666655 0.07353098290598285
0 0.6013221153846154 0.10312500000000001 0.055769230769230835 0.06458333333333337
0 0.5070112179487181 0.5076789529914529 0.04607371794871797 0.062099358974359004
0 0.11959134615384619 0.20535523504273503 0.04567307692307696 0.05777243589743592
0 0.105078125 0.7072916666666667 0.04921875 0.06666666666666667
0 0.07681290064102567 0.3909054487179488 0.021053685897435913 0.031223290598290692
