3 0.49362664473684215 0.11705043859649121 0.048930921052631596 0.06414473684210525
3 0.5234375 0.020559210526315787 0.019736842105263098 0.029057017543859646
3 0.5868289262820513 0.6823408681961314 0.04262504217273948 0.05308142150247406
3 0.53203125 0.8362390350877191 0.07245065789473681 0.09396929824561404
3 0.639391447368421 0.9371710526315788 0.041118421052631506 0.053289473684210505
3 0.7206003289473684 0.9180646929824562 0.02179276315789469 0.030098684210526253
3 0.276953125 0.8401315789473683 0.05390625 0.07390350877192992
2 0.8969983552631579 0.12417763157894735 0.06784539473684212 0.0707236842105263
2 0.9551192434210526 0.5285087719298246 0.04757401315789487 0.08881578947368425
2 0.852762314439946 0.5078321806117858 0.03789642375168682 0.10009418578497525
2 0.9012746710526315 0.5382127192982457 0.04942434210526301 0.06107456140350879
1 0.873828125 0.5609375 0.04296875 0.07395833333333333
2 0.6165707236842104 0.5932017543859648 0.08675986842105265 0.08114035087719304
2 0.40579927884615385 0.7031179712100765 0.09053960020242915 0.051000899685110096
2 0.20394736842105265 0.732373903508772 0.0822368421052632 0.09994517543859646
2 0.3148848684210526 0.8854440789473684 0.09226973684210522 0.10630482456140342
2 0.6271998355263158 0.7979440789473685 0.04165296052631575 0.07066885964912295
2 0.4643798498650472 0.4045982343679712 0.07699687921727386 0.07896142600089959
2 0.5416613950742241 0.1839364035087719 0.05289515856950082 0.09046052631578946
2 0.555068108974359 0.21961805555555555 0.06013621794871797 0.0746527777777778
2 0.11843950320512822 0.18028846153846156 0.054186698717948664 0.09989316239316241
2 0.386328125 0.3234375 0.03828125 0.084375
2 0.2630624789136302 0.05046811740890688 0.054467147435897444 0.08766025641025642
1 0.6961348684210525 0.22176535087719298 0.05427631578947363 0.07730263157894735
1 0.4260690789473684 0.28733552631578946 0.04506578947368425 0.07335526315789474
1 0.3231907894736842 0.26567982456140354 0.053125 0.08333333333333333
1 0.45190726214574906 0.03179824561403508 0.07815662955465594 0.06359649122807016
1 0.16753120782726044 0.2075109649122807 0.04240468960863699 0.06414473684210525
1 0.02890625 0.025 0.05625 0.05
1 0.03970141700404858 0.06996035762483131 0.05464321862348178 0.05306174089068825
1 0.16762820512820514 0.45693108974358976 0.04775641025641027 0.07011217948717956
1 0.30597851298920375 0.44784637876743144 0.04100350033738191 0.04509671614934767
1 0.19374999999999998 0.5394462719298245 0.03355263157894739 0.046107456140350916
1 0.44181743421052627 0.7828947368421052 0.04399671052631575 0.0592105263157895
1 0.750205592105263 0.8226425438596491 0.030838815789473627 0.06743421052631575
1 0.795641447368421 0.7541118421052632 0.044407894736842216 0.04660087719298242
1 0.8434004934210527 0.6959978070175439 0.04757401315789469 0.06633771929824567
1 0.8256578947368421 0.8914473684210525 0.06085526315789469 0.0635964912280702
1 0.6358963815789473 0.8758223684210525 0.06866776315789469 0.09046052631578938
2 0.9814144736842104 0.3852247807017543 0.03766447368421062 0.07823464912280702
2 0.786373987854251 0.04303728070175438 0.07363360323886611 0.08497807017543858
1 0.180078125 0.6427083333333333 0.04453125 0.08541666666666667
1 0.16101973684210527 0.6002741228070175 0.03421052631578949 0.05361842105263162
1 0.08980263157894737 0.6757401315789473 0.04654605263157894 0.05751096491228071
0 0.71711580634278 0.3637883771929824 0.02464996626180831 0.03448464912280702
0 0.6450041118421053 0.3734375 0.02907072368421044 0.039309210526315815
0 0.42522615131578945 0.2010142543859649 0.02125822368421044 0.027796052631578937
0 0.3088552209851552 0.059678643724696355 0.024559294871794847 0.03524797570850201
0 0.23266858552631575 0.271875 0.030550986842105266 0.030811403508771918
0 0.24590871710526313 0.16613247863247865 0.03787006578947372 0.0427350427350427
0 0.12602796052631576 0.3105811403508772 0.012746710526315796 0.018092105263157875
0 0.09296875 0.1046875 0.0234375 0.028125
0 0.15859375 0.4265625 0.0296875 0.036458333333333336
0 0.12269736842105264 0.6536732456140351 0.023355263157894733 0.03432017543859658
1 0.21358963815789472 0.6640625 0.04814967105263159 0.04742324561403504
0 0.5333059210526315 0.4907620614035088 0.027138157894736902 0.03305921052631581
0 0.72983088731444 0.03058437359424201 0.014022435897435858 0.018875112460638777
0 0.916735197368421 0.18777412280701752 0.02014802631578938 0.030153508771929852
0 0.8941274460188934 0.3732554543409806 0.02588984480431833 0.03528733693207376
0 0.7784929571524966 0.4741502192982456 0.03395959851551957 0.03711622807017546
1 0.96910108805668 0.7049813034188034 0.031370192307692155 0.06043213000449844
1 0.46484375 0.5979166666666667 0.034375 0.04583333333333333
1 0.7828125 0.5200109649122807 0.05197368421052628 0.05317982456140348
1 0.09541266025641028 0.35285790598290595 0.037940705128205174 0.04054487179487184
3 0.01762820512820515 0.42262286324786325 0.0352564102564103 0.04524572649572652
3 0.1998972039473684 0.019736842105263157 0.033018092105263165 0.039473684210526314
3 0.4963889591767881 0.26982118758434553 0.03107076585695001 0.044787449392712404
0 0.48969983552631574 0.7407620614035086 0.03622532894736841 0.04698464912280696
0 0.46881853070175444 0.8841008771929825 0.03604714912280693 0.05855263157894726
1 0.274609375 0.9453947368421053 0.04453125 0.06666666666666667
2 0.5370476973684211 0.941063596491228 0.04777960526315796 0.08168859649122809
1 0.6223478618421053 0.7671600877192982 0.03902138157894734 0.058442982456140415
0 0.5894120065789473 0.7775767543859649 0.02586348684210531 0.03585526315789463
1 0.9139185855263158 0.5696820175438596 0.02249177631578938 0.0470394736842105
0 0.96171875 0.5813048245614035 0.027220394736842124 0.043530701754385843
0 0.7179276315789473 0.3218201754385965 0.035361842105263185 0.04276315789473687
0 0.7676956815114709 0.22952513495276652 0.0345099527665317 0.05520411605937919
0 0.9843955592105262 0.321765350877193 0.03046875 0.04375
0 0.35078125 0.33489583333333334 0.0421875 0.053125
0 0.3083470394736842 0.3491776315789474 0.0296875 0.043969298245613984
0 0.19140625 0.34375 0.0234375 0.029166666666666667
0 0.1777549342105263 0.3502467105263158 0.01784539473684208 0.024287280701754337
1 0.3687294407894737 0.23607456140350877 0.038856907894736815 0.05635964912280702
0 0.2769120065789473 0.18349780701754384 0.027590460526315752 0.044188596491228055
0 0.5109580592105263 0.5973135964912281 0.04222861842105256 0.055372807017543955
0 0.5085731907894736 0.6413103070175439 0.02232730263157894 0.030975877192982417
0 0.8715049342105262 0.9738507928475033 0.041529605263157875 0.05406123481781376
0 0.7894325657894736 0.8011239035087719 0.042845394736842034 0.04248903508771929
