0 0.13118990384615387 0.2399839743589744 0.03649839743589749 0.055288461538461585
0 0.24262735270049102 0.4578198877068557 0.029927032187670476 0.03707890070921985
0 0.30787067819148933 0.4360187647754137 0.020229388297872353 0.02748965721040181
0 0.79833984375 0.13020833333333334 0.029296875 0.03125
0 0.9578561869203492 0.20386291825786504 0.038964044599018165 0.05297156301145663
0 0.7003685179602033 0.6326322788353863 0.03347349039538283 0.04394596864501672
0 0.30234375 0.6098958333333333 0.0375 0.05520833333333333
0 0.3331479303055101 0.10958810692853248 0.02810880387343149 0.04068921622113118
0 0.989453125 0.94375 0.01328125 0.022916666666666665
1 0.6431865452809602 0.7665845494635388 0.037762547735952 0.05193728405164582
1 0.7776070926966292 0.7421523876404496 0.0541608146067416 0.08638810861423221
1 0.518359375 0.34375 0.06171875 0.07708333333333334
1 0.8613460259819968 0.08976376386615748 0.06243649413529724 0.08613441080196395
1 0.24805433374249866 0.2132717312238589 0.054065227768685276 0.07518412438625208
1 0.301171875 0.24427083333333333 0.06328125 0.090625
1 0.07421875 0.3600260416666667 0.0888671875 0.06901041666666667
1 0.21648659131205675 0.913497340425532 0.06669437056737589 0.07135047281323874
1 0.32912020935624653 0.841610406437534 0.04754415575559192 0.055549872704128
1 0.6736915750196386 0.4001686070323148 0.04557393951296147 0.08672418944414234
2 0.832424645390071 0.20055407801418437 0.0570257092198581 0.08175236406619382
2 0.858902755046372 0.2645762297690489 0.06067409983633389 0.09555203218767042
2 0.7560697115384616 0.5404914529914531 0.05076121794871806 0.09797008547008547
2 0.3464741458674304 0.5303950150027278 0.07267670826513913 0.07957640025459174
2 0.4063331117021277 0.43557550236406617 0.05934175531914896 0.06679225768321509
2 0.49423204787234043 0.2728834219858156 0.061957003546099274 0.06586140661938537
2 0.38046875 0.19114583333333332 0.075 0.109375
1 0.4904033687943262 0.4028073286052009 0.061857269503546065 0.07765957446808507
1 0.35400044326241137 0.42312352245862883 0.037677304964539006 0.0782210401891253
2 0.6345435980243161 0.1638025095471904 0.058388741134751766 0.08285597381342057
2 0.060986328125 0.6524739583333333 0.06259765625 0.08828125
0 0.5130457668439716 0.8788614975450083 0.02654587765957448 0.040149345335515466
0 0.390555740248227 0.8675162529550827 0.018866356382978688 0.025901300236406636
0 0.8429587339743592 0.6424011752136752 0.031229967948718063 0.04105235042735048
0 0.6659970238095239 0.07884424603174603 0.026636904761904744 0.03377976190476189
0 0.6959350462259372 0.09250992063492063 0.015123955167173265 0.016369047619047613
0 0.5734984485815603 0.09328826832151299 0.015347960992907871 0.02293882978723403
3 0.7748310062056738 0.06176122931442079 0.029349512411347513 0.04018912529550825
0 0.2991771941489362 0.6685874704491727 0.03096742021276593 0.03959810874704495
1 0.8246246167781492 0.8426165923448532 0.0657643534002231 0.10371609067261242
1 0.945184469063545 0.9064764492753622 0.07770171404682262 0.0711050724637681
