0 0.33057892628205127 0.44489850427350425 0.0283453525641026 0.03936965811965809
0 0.4598207131410256 0.2950587606837607 0.020763221153846167 0.027938034188034186
0 0.4330178285256411 0.379420405982906 0.02328725961538458 0.03416132478632482
0 0.6736979166666666 0.7400462962962961 0.03628472222222223 0.0569444444444444
0 0.2739716880341881 0.6300747863247864 0.02670940170940166 0.03846153846153844
0 0.661258012820513 0.03032852564102566 0.028044871794871806 0.04190705128205132
0 0.19316907051282048 0.7524038461538463 0.03217147435897434 0.043803418803418856
3 0.4846003605769232 0.5357238247863249 0.04632411858974352 0.06076388888888887
3 0.44681490384615385 0.5332532051282052 0.01782852564102564 0.023771367521367517
3 0.37479967948717946 0.04260149572649577 0.030048076923076917 0.03872863247863247
1 0.2680038060897436 0.2431891025641026 0.07687299679487185 0.04887820512820517
0 0.3365885416666667 0.6813969017094017 0.04036458333333335 0.04762286324786326
0 0.28587740384615384 0.3869524572649573 0.03962339743589749 0.04447115384615395
0 0.72734375 0.715625 0.04375 0.06666666666666667
0 0.5867638221153847 0.49365651709401714 0.019280849358974273 0.024706196581196535
