0 0.296875 0.13385416666666666 0.0328125 0.03854166666666667
0 0.5318409455128206 0.10313835470085471 0.046494391025641055 0.04586004273504277
0 0.60859375 0.14947916666666666 0.0265625 0.03229166666666667
0 0.92421875 0.1265625 0.028125 0.034375
0 0.6530704941860466 0.8909278100775193 0.030886627906976827 0.03621608527131789
2 0.7607467296511629 0.5683018410852713 0.05535973837209305 0.07342538759689934
2 0.6180557179012848 0.35493618542310407 0.06191085440722066 0.051199890226053014
2 0.25280704941860466 0.841812015503876 0.05561409883720927 0.1005329457364341
1 0.3882721656976743 0.6927325581395348 0.03544694767441849 0.0579457364341085
1 0.4083067792188432 0.7447295517789704 0.046446407274895705 0.07304089644205926
1 0.7233103197674419 0.2840979676008745 0.05392441860465116 0.04348042138739814
1 0.587890625 0.4119791666666667 0.04765625 0.040625
1 0.3647428909511031 0.3095340141125025 0.027054915772212286 0.03863546014708804
1 0.485546875 0.40625 0.03671875 0.07916666666666666
1 0.10180777616279069 0.2772771317829458 0.02966933139534882 0.04500968992248057
1 0.24889171511627906 0.10337936046511628 0.0390625 0.042708333333333334
0 0.9227063301282051 0.8315438034188034 0.03359375 0.03958333333333333
1 0.6399890988372092 0.4813105620155039 0.04523982558139546 0.049975775193798394
0 0.90546875 0.46979166666666666 0.028125 0.04375
0 0.91484375 0.3140625 0.028125 0.042708333333333334
