1 0.6016626602564104 0.03792735042735047 0.05108173076923084 0.05608974358974359
1 0.7008213141025641 0.26161858974358976 0.053084935897435945 0.10817307692307697
1 0.9588842147435898 0.19159989316239318 0.05779246794871806 0.05857371794871798
2 0.743359375 0.8099626068376068 0.06015625 0.0884081196581196
1 0.8147235576923076 0.1768563034188034 0.0578125 0.05520833333333333
0 0.133193108974359 0.16160523504273502 0.04451121794871797 0.0544604700854701
1 0.243359375 0.2713541666666667 0.05859375 0.051041666666666666
1 0.24296875 0.22604166666666667 0.0375 0.0375
1 0.214453125 0.23541666666666666 0.03671875 0.1125
1 0.666015625 0.6791666666666667 0.05078125 0.13125
0 0.8725260416666668 0.8604300213675214 0.0642427884615385 0.0724091880341882
0 0.6318209134615385 0.6189636752136752 0.049298878205128106 0.06923076923076922
1 0.20803285256410256 0.9725026709401711 0.07612179487179489 0.052911324786324695
0 0.3875 0.871875 0.04375 0.058333333333333334
0 0.0828125 0.3333333333333333 0.04375 0.058333333333333334
0 0.86953125 0.18802083333333333 0.0359375 0.051041666666666666
