0 0.7243088942307694 0.09830395299145302 0.03816105769230775 0.044845085470085505
0 0.9174078525641025 0.5314770299145299 0.02856570512820511 0.03587072649572652
0 0.901953125 0.5057291666666667 0.02578125 0.05520833333333333
0 0.28289542337507456 0.4876046635857682 0.03722514162194392 0.04102129298350228
0 0.3914425872093023 0.42082122093023255 0.03270348837209305 0.05830910852713179
0 0.1259934971098266 0.42639089595375723 0.04967485549132946 0.06111512524084783
0 0.03664238504149993 0.29033474754211747 0.03870944957017934 0.05866094807568801
0 0.05742864884393064 0.3704148603082852 0.023329118497109825 0.029762764932562705
0 0.20926738595706618 0.37942102713178294 0.022780635062611763 0.028464147286821746
0 0.41796875 0.8375 0.021875 0.035416666666666666
0 0.30546875 0.7026041666666667 0.0265625 0.036458333333333336
0 0.7585981390449439 0.7952832397003745 0.0312587780898876 0.03860018726591766
1 0.23345981477340488 0.5515019379844961 0.05978821929039953 0.06342054263565894
1 0.745240162037037 0.516198757518202 0.07954282407407405 0.08848725862614745
1 0.5478556387895052 0.3956426406281058 0.046912268932617705 0.09655386603061018
1 0.7830428685897436 0.6458600427350427 0.044891826923077006 0.074198717948718
1 0.6046674679487181 0.7069978632478633 0.05108173076923075 0.05074786324786326
1 0.8631510416666668 0.3358707264957265 0.06897035256410274 0.09054487179487189
1 0.6171875000000001 0.48597756410256415 0.03605769230769233 0.057425213675213624
0 0.6155859487539613 0.7590121722846441 0.027606192379717686 0.033941947565543036
0 0.5312203228869896 0.8918308800253244 0.027258428300095082 0.047099556821779014
0 0.6560225991215575 0.8854735477999367 0.0264964684235518 0.03923808958531178
0 0.2736778846153846 0.6984775641025641 0.04014423076923075 0.06778846153846156
0 0.11637019230769234 0.5679166666666667 0.026009615384615326 0.044166666666666646
1 0.02774784482758618 0.5406369731800765 0.05549568965517236 0.0729406130268199
0 0.6023938301282051 0.2374104740424185 0.03760016025641031 0.05766559829059833
1 0.7298060042134832 0.8192591292134831 0.036174508426966324 0.06560159176029963
