2 0.252734375 0.3151041666666667 0.11015625 0.121875
2 0.37246594551282053 0.38468215811965817 0.13086939102564105 0.1993856837606837
2 0.1996494391025641 0.5552350427350429 0.1419671474358975 0.1646367521367522
2 0.19868790064102565 0.6746794871794871 0.0898036858974359 0.09668803418803419
2 0.133984375 0.38125 0.11640625 0.15416666666666667
2 0.718359375 0.30364583333333334 0.14921875 0.134375
2 0.5558994391025641 0.06436965811965814 0.08976362179487171 0.12873931623931628
2 0.8716746794871796 0.0857371794871795 0.15040064102564105 0.171474358974359
2 0.8619791666666667 0.23317307692307696 0.0833333333333334 0.13301282051282057
2 0.755859375 0.4359375 0.13046875 0.13645833333333332
2 0.7218549679487181 0.5638354700854701 0.1692708333333332 0.19017094017094027
2 0.5087439903846154 0.6185096153846154 0.08467548076923084 0.10881410256410255
2 0.3609375 0.6385416666666667 0.1109375 0.1375
2 0.45859375 0.6390625 0.109375 0.090625
2 0.5849158653846154 0.7558092948717949 0.14579326923076916 0.10536858974358979
2 0.6751602564102563 0.02697649572649575 0.10592948717948714 0.0539529914529915
2 0.9375 0.16354166666666667 0.08125 0.08333333333333333
0 0.06796875 0.421875 0.0375 0.04375
1 0.069921875 0.3671875 0.06171875 0.06354166666666666
2 0.08104967948717952 0.031650641025641045 0.10272435897435903 0.06330128205128209
1 0.62890625 0.1859375 0.065625 0.06354166666666666
0 0.28515625 0.153125 0.0421875 0.05416666666666667
